10000 -0.422077 0
20000 -0.430082 0.00800548
30000 -0.433124 0.00553319
40000 -0.434808 0.00425944
50000 -0.436251 0.00360124
60000 -0.435874 0.00296454
70000 -0.436785 0.00266616
80000 -0.437065 0.00232586
90000 -0.436976 0.00205315
100000 -0.433677 0.00377615
110000 -0.435422 0.00383577
120000 -0.435518 0.00350289
130000 -0.436314 0.00331905
140000 -0.43734 0.00323948
150000 -0.438928 0.00340863
160000 -0.439109 0.00319362
170000 -0.439554 0.00303269
180000 -0.439244 0.00287601
190000 -0.43975 0.00276705
200000 -0.43993 0.0026312
210000 -0.439617 0.00252227
220000 -0.439477 0.00240892
230000 -0.439907 0.00234163
240000 -0.43951 0.00227697
250000 -0.43902 0.00223814
260000 -0.43919 0.00215706
270000 -0.439528 0.0021029
280000 -0.438994 0.00209551
290000 -0.438782 0.00203306
300000 -0.438121 0.0020724
310000 -0.438284 0.00201103
320000 -0.438649 0.00198124
330000 -0.438502 0.00192592
340000 -0.438701 0.00187898
350000 -0.438965 0.00184345
360000 -0.438783 0.00180074
370000 -0.438742 0.00175187
380000 -0.439146 0.00175238
390000 -0.43889 0.00172598
400000 -0.438852 0.00168271
410000 -0.439264 0.00169212
420000 -0.439175 0.00165373
430000 -0.439344 0.00162364
440000 -0.439354 0.00158634
450000 -0.439443 0.00155327
460000 -0.439477 0.00151949
470000 -0.439642 0.00149598
480000 -0.439499 0.00147142
490000 -0.439541 0.00144169
500000 -0.439495 0.00141332
510000 -0.439677 0.0013972
520000 -0.439927 0.00139264
530000 -0.439843 0.0013687
540000 -0.439803 0.0013437
550000 -0.439846 0.00131976
560000 -0.439637 0.00131272
570000 -0.439429 0.00130612
580000 -0.439285 0.00129148
590000 -0.439372 0.00127237
600000 -0.439346 0.00125126
610000 -0.439015 0.00127421
620000 -0.439075 0.00125492
630000 -0.439203 0.00124144
640000 -0.439321 0.00122755
650000 -0.439181 0.0012166
660000 -0.439295 0.00120341
670000 -0.439491 0.00120142
680000 -0.439351 0.00119184
690000 -0.439078 0.00120578
700000 -0.439003 0.00119079
710000 -0.439027 0.00117416
720000 -0.438953 0.00116014
730000 -0.439055 0.00114874
740000 -0.439134 0.00113582
750000 -0.439274 0.00112928
760000 -0.439444 0.00112722
770000 -0.43946 0.00111261
780000 -0.439527 0.00110027
790000 -0.439545 0.00108641
800000 -0.43972 0.00108693
810000 -0.439595 0.00108069
820000 -0.439654 0.00106906
830000 -0.43956 0.00106034
840000 -0.439557 0.00104764
850000 -0.439577 0.00103544
860000 -0.439404 0.00103795
870000 -0.439505 0.00103095
880000 -0.43956 0.00102068
890000 -0.439752 0.00102712
900000 -0.439736 0.00101576
910000 -0.439652 0.00100806
920000 -0.439748 0.00100168
930000 -0.439673 0.0009937
940000 -0.439644 0.000983512
950000 -0.439553 0.000977352
960000 -0.439423 0.000975729
970000 -0.439347 0.000968639
980000 -0.439279 0.000961068
990000 -0.439378 0.000956389
1000000 -0.43952 0.000957426
