1
1.41392
1.73202
2.00166
2.23821
2.45164
2.64635
2.83006
3.00429
3.16748
3.32037
3.46746
3.60883
3.7425
3.87395
4.00158
4.12306
4.24295
4.35853
4.47201
4.57906
4.68625
4.7935
4.89453
4.99354
5.09638
5.19407
5.2896
5.38683
5.478
5.57243
5.66389
5.75026
5.83647
5.92421
6.01056
6.09208
6.17561
6.25587
6.33448
6.41405
6.49005
6.56544
6.64121
6.71594
6.78932
6.86363
6.93193
7.00246
7.07514
7.14585
7.2185
7.28745
7.35564
7.42496
7.49285
7.56136
7.62701
7.69276
7.75628
7.81923
7.88627
7.95016
8.01188
8.07201
8.13391
8.19756
8.26051
8.31821
8.37836
8.43961
8.49744
8.55611
8.61323
8.67101
8.72741
8.78228
8.83685
8.88967
8.94504
9.00061
9.05497
9.11193
9.16368
9.21779
9.27168
9.32268
9.37655
9.42913
9.4834
9.53741
9.58923
9.64095
9.6945
9.74763
9.79748
9.84914
9.89656
9.94346
9.99588
