1
1.41499
1.73505
2.00428
2.24275
2.45506
2.65109
2.83218
3.00147
3.16876
3.32197
3.4694
3.61099
3.74569
3.87491
4.00113
4.12451
4.24324
4.35637
4.46584
4.57508
4.68351
4.78845
4.89149
4.99323
5.09305
5.18843
5.28414
5.37404
5.46691
5.56049
5.65124
5.73704
5.82282
5.91088
5.99443
6.07504
6.15869
6.24207
6.32015
6.39831
6.47489
6.55243
6.62917
6.70487
6.778
6.84948
6.92082
6.99393
7.06632
7.1365
7.20316
7.27284
7.34221
7.40921
7.4762
7.54559
7.61272
7.67288
7.73496
7.79799
7.86176
7.92436
7.9898
8.04942
8.10992
8.16806
8.22745
8.28891
8.34907
8.41054
8.4666
8.52778
8.58328
8.63875
8.69668
8.75454
8.81184
8.8679
8.92192
8.97795
9.03071
9.08804
9.14551
9.19793
9.25662
9.30664
9.36284
9.41568
9.46756
9.52067
9.57327
9.62826
9.68307
9.73441
9.78411
9.83734
9.88756
9.935
9.98586
