           1    -5.53981    -5.53981           0
           2    -5.47979     -5.5098   0.0300111
           3    -5.46378    -5.49446   0.0231418
           4    -5.46286    -5.48656   0.0181712
           5    -5.44762    -5.47877   0.0160865
           6    -5.44041    -5.47238    0.014608
           7    -5.44155    -5.46797   0.0131081
           8    -5.48247    -5.46979   0.0114957
           9    -5.45736     -5.4684   0.0102318
          10    -5.44838     -5.4664  0.00936806
           1    -5.53981    -5.53981           0
           2    -5.47979     -5.5098   0.0300111
           3    -5.46378    -5.49446   0.0231418
           4    -5.46286    -5.48656   0.0181712
           5    -5.44762    -5.47877   0.0160865
           6    -5.44041    -5.47238    0.014608
           7    -5.44155    -5.46797   0.0131081
           8    -5.48247    -5.46979   0.0114957
           9    -5.45736     -5.4684   0.0102318
          10    -5.44838     -5.4664  0.00936806
           1    -5.53981    -5.53981           0
           2    -5.47979     -5.5098   0.0300111
           3    -5.46378    -5.49446   0.0231418
           4    -5.46286    -5.48656   0.0181712
           5    -5.44762    -5.47877   0.0160865
           6    -5.44041    -5.47238    0.014608
           7    -5.44155    -5.46797   0.0131081
           8    -5.48247    -5.46979   0.0114957
           9    -5.45736     -5.4684   0.0102318
          10    -5.44838     -5.4664  0.00936806
           1     -5.4664     -5.4664           0
           2    -5.46923    -5.46782  0.00141308
           1    -5.53981    -5.53981           0
           2    -5.47979     -5.5098   0.0300111
           3    -5.46378    -5.49446   0.0231418
           4    -5.46286    -5.48656   0.0181712
           5    -5.44762    -5.47877   0.0160865
           6    -5.44041    -5.47238    0.014608
           7    -5.44155    -5.46797   0.0131081
           8    -5.48247    -5.46979   0.0114957
           9    -5.45736     -5.4684   0.0102318
          10    -5.44838     -5.4664  0.00936806
          11    -5.47006    -5.46673  0.00848026
          12     -5.4619    -5.46633  0.00775188
          13    -5.45656    -5.46558  0.00717016
          14    -5.45335    -5.46471  0.00669547
          15    -5.45017    -5.46374  0.00630802
          16    -5.50842    -5.46653  0.00652808
          17    -5.46932    -5.46669  0.00613426
          18    -5.47332    -5.46706  0.00579514
          19    -5.46771     -5.4671  0.00548176
          20    -5.48147    -5.46782  0.00524984
          21    -5.49567    -5.46914  0.00516677
          22    -5.43249    -5.46748  0.00520046
          23    -5.46554    -5.46739  0.00496993
          24    -5.46541    -5.46731  0.00475906
          25    -5.46471     -5.4672  0.00456591
          26    -5.46635    -5.46717  0.00438691
          27    -5.44098     -5.4662  0.00433132
          28    -5.43762    -5.46518  0.00429677
          29    -5.47349    -5.46547  0.00415585
          30     -5.4534    -5.46507  0.00403503
          31    -5.44361    -5.46437  0.00396359
          32    -5.49201    -5.46524  0.00393374
          33    -5.48521    -5.46584  0.00386042
          34    -5.46818    -5.46591  0.00374579
          35    -5.46267    -5.46582  0.00363838
          36    -5.43286     -5.4649   0.0036525
          37    -5.47278    -5.46512  0.00355879
          38     -5.4737    -5.46534  0.00347122
          39    -5.45362    -5.46504  0.00339439
          40     -5.4674     -5.4651  0.00330897
          41    -5.48035    -5.46547  0.00324861
          42    -5.46806    -5.46553  0.00317092
          43    -5.45258    -5.46523  0.00311092
          44    -5.45077     -5.4649  0.00305712
          45    -5.46666    -5.46494  0.00298866
          46    -5.47431    -5.46515  0.00293005
          47    -5.46028    -5.46504   0.0028689
          48    -5.47276     -5.4652  0.00281309
          49     -5.4403     -5.4647  0.00280159
          50    -5.44089    -5.46422  0.00278596
          51    -5.47201    -5.46437  0.00273506
          52    -5.48058    -5.46468      0.0027
          53    -5.47509    -5.46488  0.00265584
          54    -5.46204    -5.46483  0.00260672
          55    -5.45766     -5.4647  0.00256221
          56    -5.48152      -5.465  0.00253392
          57    -5.48414    -5.46533  0.00251162
          58    -5.46291    -5.46529  0.00246829
          59    -5.49448    -5.46579  0.00247602
          60    -5.47422    -5.46593  0.00243845
          61    -5.47586    -5.46609  0.00240367
          62      -5.442     -5.4657  0.00239628
          63    -5.44882    -5.46543  0.00237313
          64    -5.45722    -5.46531  0.00233927
          65    -5.48376    -5.46559  0.00232044
          66    -5.46975    -5.46565  0.00228588
          67    -5.47618    -5.46581  0.00225698
          68     -5.4757    -5.46595   0.0022283
          69    -5.45447    -5.46579  0.00220206
          70    -5.47672    -5.46594  0.00217598
          71    -5.42921    -5.46543  0.00220664
          72    -5.45626     -5.4653   0.0021795
          73    -5.48436    -5.46556  0.00216524
          74     -5.4836     -5.4658  0.00214965
          75    -5.44329     -5.4655  0.00214194
          76    -5.48876    -5.46581  0.00213561
          77     -5.4835    -5.46604  0.00212017
          78    -5.45055    -5.46584  0.00210221
          79    -5.48572    -5.46609  0.00209063
          80    -5.49041     -5.4664  0.00208659
          81    -5.48317     -5.4666  0.00207105
          82    -5.48677    -5.46685  0.00206037
          83    -5.46542    -5.46683  0.00203547
          84    -5.46676    -5.46683  0.00201109
          85     -5.4679    -5.46684  0.00198733
          86    -5.46734    -5.46685  0.00196409
          87    -5.47606    -5.46696  0.00194427
          88    -5.46292    -5.46691   0.0019226
          89    -5.48153    -5.46707  0.00190796
          90    -5.46372    -5.46704  0.00188701
          91    -5.49086     -5.4673  0.00188443
          92     -5.4551    -5.46717  0.00186854
          93    -5.44866    -5.46697  0.00185902
          94    -5.45159     -5.4668   0.0018464
          95    -5.45158    -5.46664  0.00183388
          96    -5.47364    -5.46672  0.00181614
          97    -5.48088    -5.46686  0.00180324
          98    -5.47474    -5.46694  0.00178656
          99    -5.49103    -5.46719  0.00178507
         100    -5.43398    -5.46685  0.00179806
           1    -5.53981    -5.53981           0
           2    -5.47979     -5.5098   0.0300111
           3    -5.46378    -5.49446   0.0231418
           4    -5.46286    -5.48656   0.0181712
           5    -5.44762    -5.47877   0.0160865
           6    -5.44041    -5.47238    0.014608
           7    -5.44155    -5.46797   0.0131081
           8    -5.48247    -5.46979   0.0114957
           9    -5.45736     -5.4684   0.0102318
          10    -5.44838     -5.4664  0.00936806
          11    -5.47006    -5.46673  0.00848026
          12     -5.4619    -5.46633  0.00775188
          13    -5.45656    -5.46558  0.00717016
          14    -5.45335    -5.46471  0.00669547
          15    -5.45017    -5.46374  0.00630802
          16    -5.50842    -5.46653  0.00652808
          17    -5.46932    -5.46669  0.00613426
          18    -5.47332    -5.46706  0.00579514
          19    -5.46771     -5.4671  0.00548176
           1    -5.53981    -5.53981           0
           2    -5.47979     -5.5098   0.0300111
           3    -5.46378    -5.49446   0.0231418
           4    -5.46286    -5.48656   0.0181712
           5    -5.44762    -5.47877   0.0160865
           6    -5.44041    -5.47238    0.014608
           7    -5.44155    -5.46797   0.0131081
           8    -5.48247    -5.46979   0.0114957
           9    -5.45736     -5.4684   0.0102318
          10    -5.44838     -5.4664  0.00936806
          11    -5.47006    -5.46673  0.00848026
          12     -5.4619    -5.46633  0.00775188
          13    -5.45656    -5.46558  0.00717016
          14    -5.45335    -5.46471  0.00669547
          15    -5.45017    -5.46374  0.00630802
          16    -5.50842    -5.46653  0.00652808
          17    -5.46932    -5.46669  0.00613426
          18    -5.47332    -5.46706  0.00579514
          19    -5.46771     -5.4671  0.00548176
          20    -5.48147    -5.46782  0.00524984
          21    -5.49567    -5.46914  0.00516677
          22    -5.43249    -5.46748  0.00520046
          23    -5.46554    -5.46739  0.00496993
          24    -5.46541    -5.46731  0.00475906
          25    -5.46471     -5.4672  0.00456591
          26    -5.46635    -5.46717  0.00438691
          27    -5.44098     -5.4662  0.00433132
          28    -5.43762    -5.46518  0.00429677
          29    -5.47349    -5.46547  0.00415585
          30     -5.4534    -5.46507  0.00403503
          31    -5.44361    -5.46437  0.00396359
          32    -5.49201    -5.46524  0.00393374
          33    -5.48521    -5.46584  0.00386042
          34    -5.46818    -5.46591  0.00374579
          35    -5.46267    -5.46582  0.00363838
          36    -5.43286     -5.4649   0.0036525
          37    -5.47278    -5.46512  0.00355879
          38     -5.4737    -5.46534  0.00347122
          39    -5.45362    -5.46504  0.00339439
          40     -5.4674     -5.4651  0.00330897
          41    -5.48035    -5.46547  0.00324861
          42    -5.46806    -5.46553  0.00317092
          43    -5.45258    -5.46523  0.00311092
          44    -5.45077     -5.4649  0.00305712
          45    -5.46666    -5.46494  0.00298866
          46    -5.47431    -5.46515  0.00293005
          47    -5.46028    -5.46504   0.0028689
          48    -5.47276     -5.4652  0.00281309
          49     -5.4403     -5.4647  0.00280159
          50    -5.44089    -5.46422  0.00278596
          51    -5.47201    -5.46437  0.00273506
          52    -5.48058    -5.46468      0.0027
          53    -5.47509    -5.46488  0.00265584
          54    -5.46204    -5.46483  0.00260672
          55    -5.45766     -5.4647  0.00256221
          56    -5.48152      -5.465  0.00253392
          57    -5.48414    -5.46533  0.00251162
          58    -5.46291    -5.46529  0.00246829
          59    -5.49448    -5.46579  0.00247602
          60    -5.47422    -5.46593  0.00243845
          61    -5.47586    -5.46609  0.00240367
          62      -5.442     -5.4657  0.00239628
          63    -5.44882    -5.46543  0.00237313
          64    -5.45722    -5.46531  0.00233927
          65    -5.48376    -5.46559  0.00232044
          66    -5.46975    -5.46565  0.00228588
          67    -5.47618    -5.46581  0.00225698
          68     -5.4757    -5.46595   0.0022283
          69    -5.45447    -5.46579  0.00220206
          70    -5.47672    -5.46594  0.00217598
          71    -5.42921    -5.46543  0.00220664
          72    -5.45626     -5.4653   0.0021795
          73    -5.48436    -5.46556  0.00216524
          74     -5.4836     -5.4658  0.00214965
          75    -5.44329     -5.4655  0.00214194
          76    -5.48876    -5.46581  0.00213561
          77     -5.4835    -5.46604  0.00212017
          78    -5.45055    -5.46584  0.00210221
          79    -5.48572    -5.46609  0.00209063
          80    -5.49041     -5.4664  0.00208659
          81    -5.48317     -5.4666  0.00207105
          82    -5.48677    -5.46685  0.00206037
          83    -5.46542    -5.46683  0.00203547
          84    -5.46676    -5.46683  0.00201109
          85     -5.4679    -5.46684  0.00198733
          86    -5.46734    -5.46685  0.00196409
          87    -5.47606    -5.46696  0.00194427
          88    -5.46292    -5.46691   0.0019226
          89    -5.48153    -5.46707  0.00190796
          90    -5.46372    -5.46704  0.00188701
          91    -5.49086     -5.4673  0.00188443
          92     -5.4551    -5.46717  0.00186854
          93    -5.44866    -5.46697  0.00185902
          94    -5.45159     -5.4668   0.0018464
          95    -5.45158    -5.46664  0.00183388
          96    -5.47364    -5.46672  0.00181614
          97    -5.48088    -5.46686  0.00180324
          98    -5.47474    -5.46694  0.00178656
          99    -5.49103    -5.46719  0.00178507
         100    -5.43398    -5.46685  0.00179806
           1    -7.57288    -7.57288           0
           2    -7.52852     -7.5507   0.0221781
           3     -7.5385    -7.54664   0.0134348
           4    -7.56544    -7.55134   0.0105992
           5    -7.53954    -7.54898  0.00854217
           6    -7.55808     -7.5505   0.0071377
           7    -7.54056    -7.54908  0.00619725
           8    -7.57442    -7.55224  0.00623245
           9     -7.5525    -7.55227  0.00549658
          10    -7.54171    -7.55122  0.00502854
          11    -7.55727    -7.55177  0.00458162
          12    -7.52802    -7.54979  0.00462694
          13    -7.54475     -7.5494  0.00427375
          14    -7.55102    -7.54951  0.00395841
          15    -7.55505    -7.54988  0.00370348
          16    -7.55139    -7.54998  0.00346557
          17    -7.53882    -7.54932  0.00332081
          18    -7.54846    -7.54927  0.00313125
          19    -7.55016    -7.54932  0.00296223
          20    -7.56212    -7.54996  0.00288216
          21    -7.55553    -7.55023   0.0027543
          22     -7.5531    -7.55036  0.00262938
          23    -7.56926    -7.55118  0.00264352
          24    -7.55575    -7.55137  0.00253812
          25    -7.53305    -7.55064  0.00254237
          26    -7.55067    -7.55064  0.00244263
          27    -7.54123    -7.55029  0.00237609
          28    -7.56121    -7.55068  0.00232263
          29    -7.52802     -7.5499  0.00237336
          30     -7.5691    -7.55054  0.00238051
          31    -7.54459    -7.55035  0.00231043
          32    -7.56884    -7.55092  0.00231054
          33    -7.55533    -7.55106   0.0022434
          34    -7.55062    -7.55104  0.00217646
          35    -7.54233     -7.5508  0.00212797
          36    -7.53821    -7.55045  0.00209737
          37    -7.55278    -7.55051  0.00204087
          38    -7.53732    -7.55016  0.00201654
          39    -7.56158    -7.55045  0.00198583
          40    -7.53517    -7.55007  0.00197289
          41    -7.54612    -7.54998  0.00192658
          42    -7.55128    -7.55001   0.0018804
          43    -7.52218    -7.54936  0.00194682
          44     -7.5586    -7.54957  0.00191363
          45    -7.54626     -7.5495  0.00187207
          46     -7.5656    -7.54985  0.00186408
          47    -7.54825    -7.54981  0.00182431
          48    -7.52352    -7.54926  0.00186802
          49    -7.55557    -7.54939  0.00183402
          50    -7.53217    -7.54905  0.00182969
          51    -7.55921    -7.54925  0.00180448
          52    -7.52605     -7.5488   0.0018248
          53    -7.53435    -7.54853   0.0018107
          54    -7.53083     -7.5482  0.00180684
          55    -7.54034    -7.54806  0.00177944
          56    -7.54214    -7.54795  0.00175057
          57    -7.55285    -7.54804  0.00172172
          58    -7.55004    -7.54807  0.00169213
          59    -7.56434    -7.54835  0.00168591
          60    -7.55426    -7.54845   0.0016605
          61    -7.54827    -7.54844  0.00163305
          62    -7.54672    -7.54842  0.00160674
          63    -7.53687    -7.54823  0.00159162
          64     -7.5509    -7.54828  0.00156711
          65    -7.55127    -7.54832   0.0015435
          66    -7.54471    -7.54827  0.00152092
          67    -7.54809    -7.54826  0.00149805
          68    -7.55118    -7.54831  0.00147648
          69    -7.54105     -7.5482  0.00145872
          70    -7.54723    -7.54819  0.00143779
          71    -7.55346    -7.54826  0.00141934
          72    -7.53609    -7.54809  0.00140967
          73    -7.55593     -7.5482  0.00139437
          74    -7.54326    -7.54813  0.00137701
          75    -7.53245    -7.54792  0.00137452
          76    -7.54334    -7.54786  0.00135766
          77    -7.56533    -7.54809  0.00135898
          78    -7.53357     -7.5479   0.0013543
          79    -7.52306    -7.54759  0.00137354
          80     -7.5494    -7.54761  0.00135645
          81    -7.52571    -7.54734  0.00136662
          82    -7.54965    -7.54737  0.00135015
          83    -7.54296    -7.54732  0.00133484
          84    -7.54913    -7.54734  0.00131903
          85    -7.55286     -7.5474  0.00130503
          86    -7.51153    -7.54699  0.00135554
          87    -7.55015    -7.54702  0.00134036
          88    -7.53403    -7.54688  0.00133325
          89    -7.55159    -7.54693  0.00131925
          90    -7.53643    -7.54681  0.00130971
          91    -7.55756    -7.54693  0.00130062
          92    -7.53096    -7.54676  0.00129806
          93    -7.55368    -7.54683  0.00128618
          94    -7.52654    -7.54662   0.0012906
          95    -7.53838    -7.54653  0.00127988
          96    -7.54749    -7.54654  0.00126652
          97    -7.55276     -7.5466  0.00125504
          98    -7.55946    -7.54673  0.00124907
          99    -7.57014    -7.54697   0.0012588
         100    -7.52636    -7.54676  0.00126307
           1   -0.178356   -0.178356           0
           2   -0.304921   -0.241639   0.0632826
           3   -0.359312   -0.280863   0.0536046
           4   -0.328519   -0.292777   0.0397325
           1   -0.404075   -0.404075           0
           2   -0.420171   -0.412123  0.00804805
           3   -0.410527   -0.411591  0.00467688
           4   -0.398442   -0.408304  0.00466287
           5     -0.4001   -0.406663  0.00396706
           6   -0.409334   -0.407108  0.00326954
           7   -0.413443   -0.408013   0.0029077
           8   -0.432478   -0.411071  0.00396148
           9   -0.445105   -0.414853  0.00514838
           1   -0.407147   -0.407147           0
           2   -0.412656   -0.409902  0.00275406
           3   -0.405351   -0.408385  0.00219743
           4   -0.415624   -0.410195  0.00238527
           1   -0.412646   -0.412646           0
           2   -0.411459   -0.412052 0.000593634
           3   -0.411863   -0.411989 0.000348499
           4   -0.408583   -0.411137 0.000886532
           1   -0.412303   -0.412303           0
           2   -0.415786   -0.414045  0.00174156
           3   -0.410349   -0.412813   0.0015901
           4   -0.409094   -0.411883  0.00145904
           1   -0.413724   -0.413724           0
           2   -0.409957   -0.411841  0.00188345
           3    -0.40981   -0.411164  0.00128096
           4   -0.415165   -0.412164  0.00134941
           1   -0.416518   -0.416518           0
           2   -0.412471   -0.414495  0.00202346
           3   -0.412804   -0.413931  0.00129704
           4   -0.417014   -0.414702  0.00119797
           5   -0.418086   -0.415379  0.00114852
           1   -0.407147   -0.407147           0
           2   -0.412656   -0.409902  0.00275406
           3   -0.405351   -0.408385  0.00219743
           4   -0.415624   -0.410195  0.00238527
           5   -0.407308   -0.409617  0.00193572
           6   -0.413074   -0.410193  0.00168225
           7   -0.425316   -0.412354  0.00258624
           8   -0.421586   -0.413508  0.00251955
           9    -0.40491   -0.412552  0.00241867
          10   -0.417832    -0.41308  0.00222681
          11   -0.412534   -0.413031  0.00201484
          12   -0.426921   -0.414188  0.00217321
          13    -0.42436   -0.414971  0.00214674
          14    -0.41436   -0.414927  0.00198797
          15   -0.412795   -0.414785  0.00185615
          16   -0.403642   -0.414089  0.00187074
          17   -0.410923   -0.413902  0.00176709
          18   -0.418034   -0.414132  0.00168177
          19   -0.423196   -0.414609  0.00166079
          20   -0.414482   -0.414603  0.00157558
          21   -0.418897   -0.414807  0.00151256
          22   -0.412545   -0.414704  0.00144583
          23   -0.430988   -0.415412  0.00155238
          24   -0.414767   -0.415385  0.00148654
          25   -0.414856   -0.415364  0.00142599
          26   -0.426208   -0.415781  0.00143213
          27   -0.421233   -0.415983  0.00139278
          28   -0.413228   -0.415885  0.00134572
          29   -0.416695   -0.415913  0.00129878
          30   -0.417327    -0.41596  0.00125563
          31   -0.419242   -0.416066  0.00121906
          32   -0.412857   -0.415965   0.0011846
          33   -0.409802   -0.415779  0.00116323
          34   -0.422563   -0.415978  0.00114601
          35   -0.413458   -0.415906  0.00111511
          36   -0.399176   -0.415441  0.00117914
          37      -0.424   -0.415673  0.00116992
          38   -0.405656   -0.415409  0.00116883
          39   -0.418102   -0.415478  0.00114055
          40   -0.415691   -0.415484  0.00111169
          41   -0.425912   -0.415738  0.00111367
          42   -0.402437   -0.415421  0.00113203
          43   -0.411432   -0.415328  0.00110928
          44   -0.419702   -0.415428  0.00108832
          45   -0.411156   -0.415333  0.00106809
          46   -0.411756   -0.415255   0.0010475
          47   -0.416473   -0.415281   0.0010253
          48   -0.408391   -0.415138  0.00101393
          49   -0.413977   -0.415114   0.0009933
          50   -0.410824   -0.415028 0.000977006
          51   -0.406057   -0.414852 0.000973678
          52   -0.413772   -0.414831 0.000954996
          53   -0.406331   -0.414671 0.000950434
          54   -0.417121   -0.414716 0.000933769
          55   -0.421049   -0.414832 0.000923838
          56   -0.412942   -0.414798 0.000907818
          57   -0.415603   -0.414812 0.000891862
          58   -0.414232   -0.414802 0.000876407
          59   -0.413315   -0.414777 0.000861793
          60   -0.409772   -0.414693 0.000851404
          61   -0.411391   -0.414639 0.000839078
          62    -0.41425   -0.414633 0.000825458
          63   -0.424784   -0.414794 0.000828077
          64   -0.411601   -0.414744 0.000816562
          65   -0.418779   -0.414806 0.000806294
          66   -0.414529   -0.414802 0.000793995
          67   -0.406826   -0.414683 0.000791062
          68    -0.42872   -0.414889 0.000806216
          69   -0.421729   -0.414988 0.000800606
          70    -0.41627   -0.415007 0.000789298
          71   -0.405472   -0.414872 0.000789606
          72   -0.425133   -0.415015 0.000791498
          73   -0.412915   -0.414986  0.00078111
          74   -0.428275   -0.415166 0.000791133
          75   -0.407027   -0.415057 0.000788022
          76   -0.413821   -0.415041 0.000777754
          77   -0.416917   -0.415065 0.000767974
          78   -0.426817   -0.415216  0.00077289
          79     -0.4106   -0.415158 0.000765278
          80   -0.414814   -0.415153 0.000755664
          81   -0.416346   -0.415168 0.000746421
          82   -0.434041   -0.415398 0.000772354
          83   -0.408974   -0.415321 0.000766908
          84   -0.416513   -0.415335 0.000757856
          85   -0.402845   -0.415188 0.000763166
          86    -0.42193   -0.415266 0.000758303
          87   -0.428785   -0.415422 0.000765474
          88   -0.419413   -0.415467 0.000758083
          89    -0.41665    -0.41548 0.000749634
          90   -0.411431   -0.415435 0.000742623
          91    -0.42314    -0.41552 0.000739281
          92   -0.412945   -0.415492 0.000731737
          93    -0.40538   -0.415383 0.000731948
          94    -0.41666   -0.415397 0.000724246
          95   -0.415421   -0.415397 0.000716582
          96   -0.420167   -0.415447 0.000710817
          97    -0.41407   -0.415433 0.000703594
          98   -0.419786   -0.415477 0.000697793
          99   -0.414873   -0.415471 0.000690735
         100   -0.406787   -0.415384 0.000689286
