           1     1.00528     1.00528           0
           2     1.31372      1.1595     0.15422
           3     1.38577     1.23492    0.116691
           4     1.39057     1.27384   0.0912278
           5      1.4792     1.31491    0.081734
           6     1.49082     1.34423   0.0728917
           7     1.52308     1.36978   0.0666929
           8     1.33209     1.36507   0.0579495
           9     1.39834     1.36876   0.0512401
          10     1.50854     1.38274   0.0479148
           1     1.00528     1.00528           0
           2     1.31372      1.1595     0.15422
           3     1.38577     1.23492    0.116691
           4     1.39057     1.27384   0.0912278
           5      1.4792     1.31491    0.081734
           6     1.49082     1.34423   0.0728917
           7     1.52308     1.36978   0.0666929
           8     1.33209     1.36507   0.0579495
           9     1.39834     1.36876   0.0512401
          10     1.50854     1.38274   0.0479148
           1     1.00528     1.00528           0
           2     1.31372      1.1595     0.15422
           3     1.38577     1.23492    0.116691
           4     1.39057     1.27384   0.0912278
           5      1.4792     1.31491    0.081734
           6     1.49082     1.34423   0.0728917
           7     1.52308     1.36978   0.0666929
           8     1.33209     1.36507   0.0579495
           9     1.39834     1.36876   0.0512401
          10     1.50854     1.38274   0.0479148
           1     1.38274     1.38274           0
           2     1.37983     1.38128  0.00145566
           1     1.00528     1.00528           0
           2     1.31372      1.1595     0.15422
           3     1.38577     1.23492    0.116691
           4     1.39057     1.27384   0.0912278
           5      1.4792     1.31491    0.081734
           6     1.49082     1.34423   0.0728917
           7     1.52308     1.36978   0.0666929
           8     1.33209     1.36507   0.0579495
           9     1.39834     1.36876   0.0512401
          10     1.50854     1.38274   0.0479148
          11       1.357      1.3804   0.0434037
          12     1.40026     1.38206   0.0396565
          13     1.44288     1.38673   0.0367775
          14     1.44848     1.39114   0.0343338
          15     1.47597      1.3968   0.0324594
          16     1.17995     1.38325   0.0332505
          17     1.40457      1.3845   0.0312586
          18     1.35627     1.38293   0.0295126
          19     1.39852     1.38375   0.0279282
          20     1.33441     1.38128   0.0266096
          21     1.25443     1.37524   0.0260216
          22     1.62703     1.38669   0.0273231
          23     1.33246     1.38433   0.0262144
          24     1.46883     1.38785   0.0253441
          25     1.43814     1.38986   0.0243923
          26     1.37256      1.3892   0.0234448
          27     1.53977     1.39477   0.0232388
          28     1.47742     1.39773   0.0225872
          29     1.38086     1.39714   0.0218021
          30     1.42349     1.39802   0.0210812
          31      1.4832     1.40077   0.0205741
          32     1.30679     1.39783   0.0201361
          33     1.28592     1.39444   0.0198088
          34     1.37975     1.39401   0.0192222
          35     1.42965     1.39503   0.0186927
          36     1.58492      1.4003   0.0189164
          37     1.33197     1.39846   0.0184905
          38     1.33946      1.3969   0.0180642
          39     1.44718     1.39819   0.0176421
          40     1.43703     1.39916   0.0172227
          41       1.334     1.39757   0.0168724
          42     1.40187     1.39768   0.0164661
          43     1.46309      1.3992   0.0161504
          44     1.53208     1.40222   0.0160655
          45     1.36177     1.40132   0.0157301
          46     1.33097     1.39979   0.0154602
          47     1.41096     1.40003   0.0151296
          48     1.36781     1.39936   0.0148262
          49     1.48794     1.40116   0.0146326
          50     1.52362     1.40361   0.0145446
          51      1.4035     1.40361   0.0142566
          52     1.30558     1.40173   0.0141063
          53     1.30855     1.39997   0.0139488
          54     1.41063     1.40017   0.0136895
          55     1.40126     1.40019   0.0134383
          56     1.25788     1.39764   0.0134386
          57     1.28129      1.3956   0.0133576
          58     1.42001     1.39602   0.0131321
          59     1.24555     1.39347   0.0131571
          60     1.31868     1.39223   0.0129959
          61     1.32473     1.39112   0.0128289
          62     1.51063     1.39305   0.0127666
          63     1.44062      1.3938    0.012585
          64      1.4495     1.39467   0.0124173
          65     1.28751     1.39302   0.0123355
          66     1.34771     1.39234   0.0121665
          67     1.32213     1.39129   0.0120293
          68     1.29617     1.38989   0.0119333
          69     1.42846     1.39045   0.0117724
          70     1.35559     1.38995   0.0116137
          71     1.55522     1.39228   0.0116832
          72     1.44639     1.39303   0.0115443
          73     1.32999     1.39217   0.0114177
          74     1.29257     1.39082   0.0113425
          75     1.49764     1.39225   0.0112805
          76     1.30952     1.39116   0.0111842
          77     1.29671     1.38993   0.0111059
          78     1.42587     1.39039   0.0109723
          79     1.34025     1.38976   0.0108511
          80     1.21242     1.38754   0.0109415
          81     1.33444     1.38688   0.0108254
          82     1.29664     1.38578   0.0107491
          83     1.37519     1.38566   0.0106196
          84     1.36955     1.38546   0.0104941
          85      1.4041     1.38568   0.0103723
          86     1.35441     1.38532   0.0102574
          87     1.34426     1.38485   0.0101498
          88     1.39666     1.38498   0.0100347
          89     1.34071     1.38449  0.00993375
          90     1.45022     1.38522  0.00984987
          91     1.24679     1.38369  0.00985909
          92     1.44724     1.38439  0.00977577
          93     1.44109     1.38499  0.00968929
          94     1.49396     1.38615   0.0096555
          95     1.44053     1.38673  0.00957045
          96     1.34647     1.38631  0.00947952
          97      1.3094     1.38551  0.00941473
          98     1.39497     1.38561  0.00931866
          99     1.26642     1.38441   0.0093023
         100      1.5675     1.38624  0.00938905
           1     1.00528     1.00528           0
           2     1.31372      1.1595     0.15422
           3     1.38577     1.23492    0.116691
           4     1.39057     1.27384   0.0912278
           5      1.4792     1.31491    0.081734
           6     1.49082     1.34423   0.0728917
           7     1.52308     1.36978   0.0666929
           8     1.33209     1.36507   0.0579495
           9     1.39834     1.36876   0.0512401
          10     1.50854     1.38274   0.0479148
          11       1.357      1.3804   0.0434037
          12     1.40026     1.38206   0.0396565
          13     1.44288     1.38673   0.0367775
          14     1.44848     1.39114   0.0343338
          15     1.47597      1.3968   0.0324594
          16     1.17995     1.38325   0.0332505
          17     1.40457      1.3845   0.0312586
          18     1.35627     1.38293   0.0295126
          19     1.39852     1.38375   0.0279282
           1     1.00528     1.00528           0
           2     1.31372      1.1595     0.15422
           3     1.38577     1.23492    0.116691
           4     1.39057     1.27384   0.0912278
           5      1.4792     1.31491    0.081734
           6     1.49082     1.34423   0.0728917
           7     1.52308     1.36978   0.0666929
           8     1.33209     1.36507   0.0579495
           9     1.39834     1.36876   0.0512401
          10     1.50854     1.38274   0.0479148
          11       1.357      1.3804   0.0434037
          12     1.40026     1.38206   0.0396565
          13     1.44288     1.38673   0.0367775
          14     1.44848     1.39114   0.0343338
          15     1.47597      1.3968   0.0324594
          16     1.17995     1.38325   0.0332505
          17     1.40457      1.3845   0.0312586
          18     1.35627     1.38293   0.0295126
          19     1.39852     1.38375   0.0279282
          20     1.33441     1.38128   0.0266096
          21     1.25443     1.37524   0.0260216
          22     1.62703     1.38669   0.0273231
          23     1.33246     1.38433   0.0262144
          24     1.46883     1.38785   0.0253441
          25     1.43814     1.38986   0.0243923
          26     1.37256      1.3892   0.0234448
          27     1.53977     1.39477   0.0232388
          28     1.47742     1.39773   0.0225872
          29     1.38086     1.39714   0.0218021
          30     1.42349     1.39802   0.0210812
          31      1.4832     1.40077   0.0205741
          32     1.30679     1.39783   0.0201361
          33     1.28592     1.39444   0.0198088
          34     1.37975     1.39401   0.0192222
          35     1.42965     1.39503   0.0186927
          36     1.58492      1.4003   0.0189164
          37     1.33197     1.39846   0.0184905
          38     1.33946      1.3969   0.0180642
          39     1.44718     1.39819   0.0176421
          40     1.43703     1.39916   0.0172227
          41       1.334     1.39757   0.0168724
          42     1.40187     1.39768   0.0164661
          43     1.46309      1.3992   0.0161504
          44     1.53208     1.40222   0.0160655
          45     1.36177     1.40132   0.0157301
          46     1.33097     1.39979   0.0154602
          47     1.41096     1.40003   0.0151296
          48     1.36781     1.39936   0.0148262
          49     1.48794     1.40116   0.0146326
          50     1.52362     1.40361   0.0145446
          51      1.4035     1.40361   0.0142566
          52     1.30558     1.40173   0.0141063
          53     1.30855     1.39997   0.0139488
          54     1.41063     1.40017   0.0136895
          55     1.40126     1.40019   0.0134383
          56     1.25788     1.39764   0.0134386
          57     1.28129      1.3956   0.0133576
          58     1.42001     1.39602   0.0131321
          59     1.24555     1.39347   0.0131571
          60     1.31868     1.39223   0.0129959
          61     1.32473     1.39112   0.0128289
          62     1.51063     1.39305   0.0127666
          63     1.44062      1.3938    0.012585
          64      1.4495     1.39467   0.0124173
          65     1.28751     1.39302   0.0123355
          66     1.34771     1.39234   0.0121665
          67     1.32213     1.39129   0.0120293
          68     1.29617     1.38989   0.0119333
          69     1.42846     1.39045   0.0117724
          70     1.35559     1.38995   0.0116137
          71     1.55522     1.39228   0.0116832
          72     1.44639     1.39303   0.0115443
          73     1.32999     1.39217   0.0114177
          74     1.29257     1.39082   0.0113425
          75     1.49764     1.39225   0.0112805
          76     1.30952     1.39116   0.0111842
          77     1.29671     1.38993   0.0111059
          78     1.42587     1.39039   0.0109723
          79     1.34025     1.38976   0.0108511
          80     1.21242     1.38754   0.0109415
          81     1.33444     1.38688   0.0108254
          82     1.29664     1.38578   0.0107491
          83     1.37519     1.38566   0.0106196
          84     1.36955     1.38546   0.0104941
          85      1.4041     1.38568   0.0103723
          86     1.35441     1.38532   0.0102574
          87     1.34426     1.38485   0.0101498
          88     1.39666     1.38498   0.0100347
          89     1.34071     1.38449  0.00993375
          90     1.45022     1.38522  0.00984987
          91     1.24679     1.38369  0.00985909
          92     1.44724     1.38439  0.00977577
          93     1.44109     1.38499  0.00968929
          94     1.49396     1.38615   0.0096555
          95     1.44053     1.38673  0.00957045
          96     1.34647     1.38631  0.00947952
          97      1.3094     1.38551  0.00941473
          98     1.39497     1.38561  0.00931866
          99     1.26642     1.38441   0.0093023
         100      1.5675     1.38624  0.00938905
           1     7.44998     7.44998           0
           2     7.68955     7.56976    0.119784
           3     7.63911     7.59288   0.0729175
           4     7.49345     7.56802   0.0572397
           5     7.63072     7.58056   0.0460767
           6     7.52559      7.5714   0.0387208
           7     7.62967     7.57972   0.0337673
           8      7.4337     7.56147   0.0344723
           9     7.56107     7.56143   0.0304017
          10     7.61362     7.56665   0.0276885
          11     7.53761     7.56401   0.0251839
          12     7.69549     7.57496   0.0254671
          13     7.60076     7.57695   0.0235102
          14       7.573     7.57667    0.021768
          15      7.5507     7.57494   0.0203387
          16     7.56722     7.57445   0.0190313
          17     7.63247     7.57787   0.0181996
          18     7.58077     7.57803   0.0171595
          19     7.56609      7.5774   0.0162434
          20     7.50932     7.57399   0.0157814
          21     7.54488     7.57261    0.015075
          22     7.55295     7.57171   0.0144012
          23     7.47082     7.56733   0.0144431
          24     7.54083     7.56622   0.0138722
          25      7.6697     7.57036   0.0139346
          26     7.57362     7.57049   0.0133886
          27      7.6242     7.57248   0.0130358
          28     7.51546     7.57044   0.0127256
          29     7.69383      7.5747   0.0129952
          30     7.47172     7.57126   0.0130153
          31     7.60231     7.57227   0.0126283
          32     7.47138     7.56911   0.0126272
          33     7.54071     7.56825   0.0122688
          34     7.57319      7.5684   0.0119033
          35     7.62213     7.56993   0.0116598
          36     7.63673     7.57179   0.0114822
          37     7.55976     7.57146   0.0111723
          38       7.652     7.57358   0.0110789
          39     7.51047     7.57196   0.0109117
          40     7.65532     7.57405   0.0108377
          41     7.59747     7.57462   0.0105855
          42     7.57276     7.57457   0.0103305
          43     7.73187     7.57823   0.0107301
          44     7.52664     7.57706   0.0105488
          45     7.59092     7.57737   0.0103163
          46     7.49024     7.57547   0.0102658
          47     7.58817     7.57574   0.0100486
          48     7.72191     7.57879   0.0102976
          49     7.54037     7.57801   0.0101157
          50     7.67296      7.5799   0.0100916
          51     7.52248     7.57878  0.00995564
          52     7.70949     7.58129   0.0100807
          53     7.66095      7.5828   0.0100023
          54     7.68011      7.5846  0.00997938
          55     7.62708     7.58537  0.00982666
          56      7.6212     7.58601  0.00967078
          57     7.55956     7.58555  0.00951093
          58     7.56977     7.58527  0.00934947
          59     7.49533     7.58375  0.00931523
          60     7.55324     7.58324  0.00917277
          61     7.58479     7.58327  0.00902118
          62     7.59209     7.58341  0.00887562
          63     7.64937     7.58446  0.00879614
          64      7.5719     7.58426  0.00865983
          65     7.57035     7.58404  0.00852825
          66      7.6077      7.5844  0.00840568
          67     7.58456     7.58441  0.00827927
          68      7.5666     7.58414  0.00816081
          69     7.62688     7.58476  0.00806548
          70     7.59431      7.5849   0.0079506
          71     7.55451     7.58447  0.00784949
          72     7.65575     7.58546  0.00780277
          73     7.53744      7.5848   0.0077232
          74     7.61018     7.58515  0.00762583
          75     7.67711     7.58637  0.00762274
          76     7.61217     7.58671  0.00752943
          77     7.49374     7.58551  0.00752845
          78     7.66365     7.58651  0.00749853
          79     7.72229     7.58823  0.00759991
          80     7.57771     7.58809  0.00750546
          81     7.70642     7.58955  0.00755479
          82     7.57961     7.58943  0.00746308
          83     7.61702     7.58977   0.0073801
          84     7.57927     7.58964  0.00729278
          85     7.56305     7.58933  0.00721326
          86     7.78237     7.59157  0.00747393
          87     7.57148     7.59134  0.00739113
          88     7.66047     7.59213  0.00734877
          89     7.56908     7.59187  0.00727034
          90      7.6526     7.59254   0.0072207
          91     7.53245     7.59188  0.00717138
          92     7.67456     7.59278   0.0071497
          93     7.55302     7.59235  0.00708532
          94     7.70241     7.59352  0.00710665
          95     7.63648     7.59398  0.00704597
          96     7.58443     7.59388   0.0069729
          97     7.55778     7.59351  0.00691066
          98     7.52042     7.59276  0.00688032
          99     7.46465     7.59147  0.00693231
         100     7.70205     7.59257  0.00695116
           1   0.0513527   0.0513527           0
           2   0.0504461   0.0508994 0.000453295
           3   0.0492117   0.0503369 0.000620467
           4   0.0500002   0.0502527 0.000446737
           1   0.0486669   0.0486669           0
           2   0.0488897   0.0487783 0.000111405
           3   0.0493447   0.0489671 0.000199465
           4   0.0491419   0.0490108 0.000147656
           5   0.0495292   0.0491145 0.000154368
           6   0.0481614   0.0489556 0.000202774
           7   0.0488516   0.0489408 0.000172019
           8   0.0489492   0.0489418 0.000148976
           9   0.0482933   0.0488698 0.000149847
           1   0.0491956   0.0491956           0
           2   0.0490593   0.0491275 6.81368e-05
           3   0.0488259    0.049027 0.000107944
           4   0.0496038   0.0491712 0.000163174
           1   0.0488226   0.0488226           0
           2   0.0495041   0.0491633 0.000340773
           3   0.0489547   0.0490938 0.000208678
           4   0.0490526   0.0490835 0.000147916
           1   0.0487955   0.0487955           0
           2   0.0486018   0.0486986  9.6857e-05
           3   0.0494498    0.048949 0.000256564
           4   0.0490685   0.0489789 0.000183861
           1   0.0497102   0.0497102           0
           2   0.0487822   0.0492462 0.000464034
           3   0.0497986   0.0494303 0.000325089
           4   0.0487176   0.0492522 0.000290839
           1   0.0493304   0.0493304           0
           2   0.0496048   0.0494676 0.000137174
           3   0.0494956   0.0494769 7.97456e-05
           4   0.0485102   0.0492352 0.000248169
           5   0.0487872   0.0491456 0.000212093
           1   0.0491956   0.0491956           0
           2   0.0490593   0.0491275 6.81368e-05
           3   0.0488259    0.049027 0.000107944
           4   0.0496038   0.0491712 0.000163174
           5   0.0487373   0.0490844 0.000153311
           6   0.0491148   0.0490895 0.000125281
           7    0.048823   0.0490514 0.000112516
           8   0.0490329   0.0490491  9.7469e-05
           9    0.049242   0.0490705 8.85922e-05
          10   0.0492066   0.0490841 8.03996e-05
          11   0.0485983     0.04904 8.50854e-05
          12   0.0489998   0.0490366 7.77442e-05
          13    0.049177   0.0490474 7.23244e-05
          14   0.0490398   0.0490469 6.69616e-05
          15   0.0488019   0.0490305 6.44421e-05
          16   0.0491135   0.0490357 6.05028e-05
          17   0.0490576    0.049037  5.6847e-05
          18   0.0483834   0.0490007 6.47388e-05
          19   0.0481305   0.0489549 7.64689e-05
          20   0.0491685   0.0489656 7.33266e-05
          21   0.0487769   0.0489566 7.03239e-05
          22   0.0484559   0.0489338  7.0809e-05
          23   0.0486759   0.0489226 6.85833e-05
          24   0.0490931   0.0489297 6.60465e-05
          25   0.0485653   0.0489151 6.50055e-05
          26   0.0493468   0.0489318 6.46241e-05
          27   0.0492975   0.0489453 6.36432e-05
          28   0.0487753   0.0489392 6.16278e-05
          29   0.0494306   0.0489562 6.18314e-05
          30   0.0492648   0.0489665 6.06143e-05
          31   0.0483597   0.0489469 6.18071e-05
          32   0.0489459   0.0489469 5.98445e-05
          33   0.0497963   0.0489726 6.34583e-05
          34   0.0486282   0.0489625 6.23911e-05
          35    0.049036   0.0489646 6.06187e-05
          36   0.0498627   0.0489895 6.39753e-05
          37   0.0482042   0.0489683 6.57425e-05
          38   0.0488281   0.0489646 6.40953e-05
          39   0.0489786    0.048965 6.24312e-05
          40   0.0492311   0.0489716 6.12132e-05
          41   0.0489373   0.0489708 5.97074e-05
          42   0.0487136   0.0489647 5.85894e-05
          43   0.0483954   0.0489514 5.87221e-05
          44   0.0492056   0.0489572  5.7662e-05
          45   0.0488235   0.0489542 5.64444e-05
          46   0.0486316   0.0489472 5.56474e-05
          47    0.048661   0.0489411   5.479e-05
          48    0.049082   0.0489441 5.37167e-05
          49   0.0489765   0.0489447 5.26131e-05
          50   0.0491808   0.0489494 5.17659e-05
          51   0.0498399   0.0489669 5.36609e-05
          52   0.0489594   0.0489668 5.26191e-05
          53   0.0488393   0.0489643 5.16728e-05
          54   0.0499615   0.0489828 5.39644e-05
          55   0.0490849   0.0489847 5.30067e-05
          56   0.0490455   0.0489858 5.20628e-05
          57   0.0493816   0.0489927 5.16106e-05
          58   0.0484725   0.0489837 5.14998e-05
          59   0.0490834   0.0489854 5.06476e-05
          60   0.0493386   0.0489913  5.0143e-05
          61   0.0490624   0.0489925 4.93279e-05
          62   0.0481403   0.0489787 5.04347e-05
          63   0.0490438   0.0489798 4.96384e-05
          64    0.048927   0.0489789 4.88636e-05
          65   0.0493924   0.0489853 4.85247e-05
          66   0.0499578       0.049 5.00042e-05
          67    0.050096   0.0490164 5.18976e-05
          68   0.0483122    0.049006 5.21668e-05
          69   0.0485789   0.0489998 5.17767e-05
          70   0.0488722    0.048998 5.10642e-05
          71   0.0489766   0.0489977 5.03408e-05
          72   0.0478991   0.0489825 5.19291e-05
          73   0.0489197   0.0489816   5.122e-05
          74   0.0490946   0.0489831 5.05462e-05
          75   0.0488107   0.0489808 4.99207e-05
          76   0.0488686   0.0489794 4.92816e-05
          77   0.0489125   0.0489785 4.86451e-05
          78   0.0487781   0.0489759 4.80861e-05
          79   0.0494911   0.0489824 4.79193e-05
          80   0.0492396   0.0489857 4.74257e-05
          81    0.048845   0.0489839 4.68686e-05
          82   0.0483975   0.0489768 4.68427e-05
          83   0.0490164   0.0489772 4.62773e-05
          84    0.048815   0.0489753 4.57639e-05
          85   0.0493117   0.0489793 4.53951e-05
          86   0.0489649   0.0489791 4.48644e-05
          87   0.0488039   0.0489771 4.43915e-05
          88   0.0492598   0.0489803 4.40016e-05
          89   0.0485906   0.0489759 4.37242e-05
          90   0.0490024   0.0489762 4.32366e-05
          91   0.0490331   0.0489768 4.27634e-05
          92   0.0489419   0.0489765 4.22977e-05
          93   0.0498725   0.0489861 4.29354e-05
          94   0.0492499   0.0489889 4.25687e-05
          95   0.0490288   0.0489893 4.21204e-05
          96   0.0490358   0.0489898 4.16821e-05
          97   0.0486143   0.0489859 4.14314e-05
          98   0.0482659   0.0489786 4.16595e-05
          99   0.0488476   0.0489773 4.12578e-05
         100   0.0496212   0.0489837 4.13477e-05
