           0           0
           0           0
           0           0
           0           0
           0           0
           0           0
           0           0
           0           0
           0           0
           0           0
           0           0
           0           0
           0           0
           0           0
           0           0
           0           0
           0           0
           0           0
           0           0
           0           0
           0           0
           0           0
           0           0
           0           0
           0           0
           0           0
           0           0
           0           0
           0           0
           0           0
           0           0
           0           0
           0           0
           0           0
           0           0
           0           0
           0           0
           0           0
  8.5423e-05 1.11126e-05
  0.00347348 7.81338e-05
   0.0475268  0.00030286
    0.293345  0.00102459
     1.00624  0.00214036
     2.23792  0.00247134
      3.6265  0.00251589
     4.62155  0.00215315
     4.89543  0.00354433
     4.49195  0.00371728
     3.65888  0.00310436
     2.69465  0.00203298
     1.81527  0.00119198
      1.1321  0.00110795
    0.653375  0.00132655
    0.353151  0.00108903
    0.179801 0.000866899
   0.0885193 0.000594767
   0.0487776 0.000432376
   0.0417205 0.000405848
   0.0604272 0.000462873
    0.105573 0.000535763
    0.183827 0.000585822
     0.30072 0.000638489
    0.453446 0.000613616
    0.628304 0.000607884
    0.797514 0.000842948
    0.921991  0.00108081
    0.970965  0.00133534
    0.929929  0.00122119
    0.808528 0.000981238
    0.641218 0.000631684
    0.465099 0.000596838
    0.316573  0.00060992
    0.219314 0.000797207
    0.191518 0.000921083
    0.254651   0.0010792
    0.433916  0.00136443
    0.749062  0.00145632
     1.19656  0.00116531
     1.72711 0.000909324
     2.23465  0.00138214
     2.59794   0.0021352
     2.71562  0.00261292
     2.55908  0.00257613
     2.18198  0.00183027
     1.69028 0.000997117
     1.20035 0.000887476
    0.801243  0.00125636
     0.54198   0.0015389
    0.433445  0.00135715
    0.460307  0.00114083
    0.586797 0.000898943
    0.758309 0.000497538
    0.916559  0.00061676
     1.01517 0.000978597
       1.023    0.001069
    0.919228 0.000799149
    0.780484 0.000586211
    0.653833 0.000657846
    0.571036  0.00104566
    0.572848  0.00133199
