           0           0
           0           0
           0           0
           0           0
           0           0
           0           0
           0           0
           0           0
           0           0
           0           0
           0           0
           0           0
           0           0
  0.00103572 0.000122385
    0.147355  0.00126718
     1.06754  0.00401446
     2.04514  0.00593553
     2.27584  0.00740172
     2.09493  0.00566738
     1.83637  0.00496913
     1.62271  0.00384984
      1.4546  0.00337393
     1.33516  0.00321188
     1.25078  0.00282106
     1.19058  0.00276046
     1.14709  0.00241701
     1.11662  0.00243359
     1.09418  0.00217182
     1.07901  0.00226633
     1.06752  0.00231526
     1.06338  0.00203146
     1.06166  0.00207394
     1.05758  0.00186318
     1.05372   0.0018655
     1.05412  0.00180413
     1.04536  0.00184844
     1.03783  0.00166582
     1.03391  0.00155383
     1.02755  0.00159371
     1.02451  0.00165486
     1.02066  0.00154242
     1.01546  0.00135277
     1.01099  0.00142251
     1.00934  0.00123822
     1.00735  0.00142687
     1.00622  0.00125951
     1.00323  0.00125654
     1.00076  0.00120484
    0.999448  0.00111241
    0.999426  0.00121567
    0.998196  0.00105017
    0.996892  0.00105497
    0.995912  0.00105589
    0.994674  0.00127883
    0.994318   0.0010609
    0.992734   0.0010503
    0.991738  0.00101371
    0.991299 0.000997077
    0.991438 0.000971286
    0.991086 0.000862657
    0.990766  0.00080228
    0.989255 0.000880279
    0.989346 0.000921998
    0.989632 0.000835386
    0.988912 0.000758086
    0.988017 0.000832252
    0.987934 0.000706574
    0.988148 0.000856884
    0.986585 0.000736619
    0.986822  0.00079368
    0.987541 0.000674976
    0.987354 0.000758591
    0.987365 0.000662361
    0.987858 0.000677347
    0.986762 0.000674691
    0.986492 0.000771752
    0.986706 0.000641303
    0.985945 0.000667385
    0.987142 0.000572986
    0.987058   0.0005707
    0.985975 0.000548765
    0.985661 0.000638872
    0.986413 0.000509279
    0.985405 0.000540042
    0.985935 0.000547587
    0.986305 0.000490705
    0.985976 0.000574308
    0.986435 0.000489836
    0.984857 0.000553997
    0.985574 0.000481931
    0.985555 0.000526816
    0.986109 0.000513139
    0.986164 0.000509483
    0.985108 0.000527267
     0.98531 0.000568896
    0.985684 0.000529627
    0.986013 0.000556436
     0.98518 0.000514666
    0.986053 0.000526657
    0.985506 0.000573196
