           0           0
           0           0
           0           0
           0           0
           0           0
           0           0
           0           0
           0           0
           0           0
           0           0
           0           0
           0           0
           0           0
           0           0
           0           0
           0           0
           0           0
           0           0
           0           0
           0           0
           0           0
           0           0
           0           0
           0           0
           0           0
           0           0
           0           0
           0           0
           0           0
           0           0
           0           0
           0           0
           0           0
 1.75071e-05 6.08576e-06
  0.00133431 5.44391e-05
   0.0238953 0.000241787
    0.164439 0.000787106
    0.561183  0.00191618
     1.19814  0.00240511
     1.86223  0.00304974
     2.33738   0.0025087
     2.55589  0.00214759
     2.54911  0.00215509
     2.40936  0.00223866
     2.19921  0.00222741
     1.97553  0.00220282
     1.75527  0.00203594
     1.56017  0.00216583
     1.39194  0.00200196
     1.24656  0.00168486
     1.12691  0.00164847
     1.02341   0.0013559
    0.940704   0.0012316
    0.871079  0.00115859
    0.815225  0.00127449
    0.772507   0.0010642
    0.735499  0.00101107
    0.710276  0.00100742
    0.689578  0.00111607
    0.677579  0.00101374
    0.673283  0.00133444
    0.671301  0.00126186
    0.676359  0.00122984
    0.686241  0.00113181
    0.702398  0.00112159
    0.723342  0.00107987
    0.749197  0.00116023
    0.780556  0.00110887
     0.81557  0.00114261
    0.853203  0.00109733
    0.893828  0.00116161
    0.934463  0.00113914
    0.976517  0.00111379
     1.01754  0.00114506
     1.05736  0.00123413
      1.0958  0.00113136
     1.12992  0.00114931
     1.16197  0.00102575
     1.18665  0.00104143
     1.20565  0.00103907
      1.2147  0.00100784
     1.21582  0.00108751
     1.20941 0.000931767
     1.19645  0.00109709
     1.17571 0.000991589
     1.15131 0.000951603
     1.12472  0.00103488
     1.09501 0.000873654
     1.06632 0.000890589
     1.03867 0.000920913
      1.0122 0.000832617
    0.986653 0.000906132
    0.964853  0.00082844
    0.946023 0.000770254
    0.930414 0.000778445
    0.917394 0.000808941
    0.907693 0.000843876
    0.894033 0.000822655
     0.88599  0.00085787
    0.885921 0.000843219
