59.8799
54.8003
49.7458
45.1029
41.3363
38.609
35.803
32.8365
29.3823
26.8349
25.6276
24.053
23.1234
21.636
19.7053
18.0942
16.1608
15.1794
14.1713
13.4242
11.9975
10.9524
10.4507
10.1916
10.1469
9.96664
9.89027
9.60835
9.66825
9.2862
8.58239
8.2977
8.00495
7.68043
7.34296
7.24399
6.93318
6.62269
6.37026
6.28349
6.08718
5.72618
5.68473
5.47727
5.37158
5.20592
4.98923
4.9343
4.8721
4.72751
4.56878
4.45721
4.15307
3.92358
3.75253
3.53853
3.3656
3.28778
3.30556
3.03744
2.99502
2.98399
2.80783
2.7476
2.48513
2.46013
2.46658
2.3892
2.34096
2.19562
2.13586
2.06051
1.99046
1.86076
1.97978
1.94547
1.7984
1.74599
1.6927
1.64536
1.68209
1.71391
1.73555
1.80904
1.7534
1.62967
1.46254
1.4139
1.51988
1.47034
1.39107
1.42338
1.49485
1.43604
1.46777
1.42105
1.55762
1.55584
1.54165
1.60738
1.62274
1.56537
1.59223
1.57064
1.63121
1.55198
1.53858
1.5307
1.39402
1.40183
1.37489
1.38567
1.32944
1.40236
1.50552
1.52267
1.53929
1.50792
1.58062
1.54165
1.48555
1.50362
1.51677
1.49021
1.59116
1.48622
1.48606
1.45131
1.6115
1.50551
1.45341
1.57604
1.66329
1.6889
1.69365
1.6639
1.51351
1.55759
1.55332
1.5212
1.49977
1.42573
1.52806
1.53606
1.54639
1.65252
1.58104
1.6161
1.64061
1.77909
1.54674
1.51549
1.3964
1.4438
1.40001
1.43685
1.57176
1.56167
1.62952
1.62293
1.77511
1.82624
1.77799
1.65266
1.57189
1.59481
1.61923
1.59597
1.61981
1.63655
1.6385
1.52888
1.53746
1.51156
1.59467
1.5209
1.47692
1.59707
1.44038
1.51528
1.64988
1.61137
1.48274
1.41679
1.459
1.48426
1.55803
1.43305
1.51579
1.45774
1.27857
1.31448
1.30213
1.32789
1.38309
1.36089
1.37225
1.50594
1.44639
1.51322
1.50491
1.46366
1.47261
1.37384
1.3939
1.45193
1.5239
1.51354
1.48668
1.46851
1.40935
1.38192
1.39284
1.43566
1.45569
1.41137
1.40824
1.38934
1.4715
1.5495
1.59848
1.66317
1.56901
1.40245
1.43484
1.49558
1.44449
1.48337
1.55997
1.62673
1.48076
1.46924
1.44315
1.51049
1.41373
1.39813
1.45258
1.55453
1.64684
1.57353
1.43307
1.60274
1.58697
1.69574
1.65992
1.53501
1.56613
1.44002
1.5025
1.64991
1.47005
1.54106
1.56654
1.61481
1.48886
1.43035
1.48737
1.47147
1.56334
1.60895
1.43397
1.44944
1.51004
1.45061
1.47238
1.56281
1.51057
1.58966
1.54836
1.44902
1.47631
1.57618
1.63648
1.52153
1.40695
1.36646
1.34335
1.36935
1.45078
1.5012
1.44887
1.55717
1.55416
1.52393
1.45974
1.35552
1.39195
1.44871
1.36365
1.40242
1.41643
1.48663
1.40872
1.50333
1.56004
1.48663
1.43601
1.48477
1.49173
1.40748
1.52041
1.45946
1.55858
1.42167
1.44416
1.40987
1.43625
1.38985
1.40105
1.45902
1.58056
1.60763
1.50038
1.58449
1.60401
1.68475
1.67896
1.73759
1.53305
1.60721
1.57135
1.45393
1.61353
1.58831
1.50501
1.46399
1.43236
1.46
1.47322
1.43671
1.50116
1.37779
1.40326
1.40128
1.39987
1.47008
1.56637
1.49782
1.46476
1.48445
1.4855
1.41296
1.34828
1.37775
1.50197
1.48606
1.39876
1.42619
1.51126
1.56235
1.51449
1.48491
1.57115
1.41452
1.51344
1.52123
1.51669
1.54691
1.4672
1.60554
1.6452
1.6708
1.52785
1.46424
1.4607
1.48226
1.5381
1.49393
1.59783
1.38063
1.44248
1.43399
1.39118
1.35892
1.38194
1.44331
1.53869
1.51644
1.74959
1.64925
1.58661
1.51368
1.40333
1.37628
1.56459
1.55299
1.4274
1.58557
1.48374
1.53456
1.62369
1.54063
1.48298
1.41731
1.46129
1.40205
1.43933
1.54728
1.50962
1.47126
1.49129
1.49767
1.49414
1.53438
1.67877
1.76957
1.58013
1.55863
1.73317
1.63081
1.62144
1.56589
1.54432
1.43801
1.33427
1.28092
1.36703
1.44834
1.44808
1.42899
1.47373
1.58157
1.53931
1.50237
1.50994
1.54805
1.63303
1.66345
1.82168
1.69289
1.59752
1.43336
1.46564
1.4922
1.59332
1.58154
1.69602
1.5873
1.37258
1.38172
1.42257
1.46898
1.58193
1.59528
1.54219
1.67614
1.62694
1.64584
1.5647
1.48145
1.54127
1.51967
1.48629
1.60003
1.42087
1.48307
1.47199
1.44281
1.50334
1.43032
1.46645
1.38119
1.38031
1.37372
1.38102
1.38784
1.34188
1.39664
1.43731
1.43764
1.43291
1.46672
1.51961
1.4018
1.36678
1.33032
1.36279
1.46756
1.41035
1.63292
1.72296
1.64015
1.59471
1.60545
1.52528
1.61496
1.41343
1.47318
1.40219
1.51688
1.57499
1.46051
1.42002
1.45901
1.56901
1.56107
1.38727
1.48391
1.44461
1.45354
1.45511
1.5327
1.49431
1.53565
1.48418
1.48918
1.48982
1.51297
1.57404
1.57087
1.45524
1.46519
1.5198
1.67146
1.69184
1.58659
1.52703
1.58393
1.51454
1.7945
1.78113
1.63593
1.464
1.33961
1.46048
1.48004
1.3738
1.31266
1.29239
1.36934
1.48694
1.44687
1.64044
1.58419
1.66854
1.67134
1.62699
1.51039
1.58735
1.81531
1.88672
1.68365
1.70934
1.57
1.59759
1.50639
1.47308
1.58017
1.61893
1.57727
1.645
1.51771
1.35463
1.42189
1.55988
1.71952
1.69814
1.57288
1.52606
1.44141
1.46266
1.49623
1.53842
1.44439
1.4163
1.52566
1.53824
1.4983
1.55854
1.48022
1.41068
1.39764
1.30773
1.37897
1.4248
1.53048
1.5423
1.40252
1.51276
1.4352
1.59705
1.61828
1.58927
1.58417
1.4532
1.44515
1.51031
1.46885
1.45774
1.51071
1.40352
1.33243
1.40351
1.35822
1.42446
1.41828
1.35376
1.3117
1.33101
1.29355
1.29739
1.32384
1.46505
1.41969
1.33941
1.3447
1.47279
1.55519
1.40367
1.39645
1.47895
1.45474
1.43432
1.49529
1.49259
1.46106
1.58404
1.55221
1.50604
1.36023
1.41056
1.42963
1.54602
1.51271
1.52175
1.40487
1.39185
1.40023
1.46108
1.43271
1.48513
1.52695
1.51282
1.46675
1.51012
1.57679
1.50353
1.47641
1.4461
1.5452
1.39986
1.41225
1.45591
1.4381
1.32609
1.33215
1.41593
1.34038
1.31208
1.38853
1.4618
1.45523
1.4885
1.64114
1.51268
1.54177
1.60857
1.66103
1.81797
1.65198
1.61805
1.52761
1.54178
1.55029
1.48262
1.7172
1.61123
1.78464
1.52004
1.61097
1.62899
1.45847
1.53797
1.43449
1.50761
1.47939
1.54759
1.53137
1.37519
1.41405
1.40629
1.41548
1.38896
1.46383
1.45042
1.45567
1.54726
1.52944
1.59819
1.68552
1.56432
1.55885
1.44123
1.46535
1.42806
1.51355
1.54063
1.64286
1.56791
1.57774
1.53516
1.50129
1.60285
1.56082
1.53868
1.62333
1.52727
1.565
1.64009
1.66654
1.70872
1.77271
1.54461
1.47461
1.50904
1.53353
1.45603
1.29675
1.35248
1.33831
1.3978
1.40035
1.39123
1.41718
1.48995
1.45005
1.44206
1.40996
1.60482
1.50831
1.40639
1.41923
1.38363
1.34158
1.38824
1.47737
1.66696
1.59527
1.47163
1.38428
1.40721
1.53584
1.51456
1.43142
1.34387
1.33768
1.33436
1.39884
1.45174
1.43406
1.43761
1.58147
1.6142
1.5178
1.51893
1.65384
1.64426
1.6976
1.8438
1.77599
1.8232
1.66419
1.58906
1.52249
1.47517
1.44539
1.48424
1.57099
1.67556
1.56356
1.48671
1.4459
1.45596
1.35052
1.37936
1.49716
1.44137
1.32881
1.39594
1.37632
1.36345
1.37996
1.56605
1.54295
1.60639
1.50894
1.45989
1.43271
1.37607
1.46462
1.47023
1.60126
1.64257
1.73501
1.533
1.42265
1.48158
1.62578
1.74877
1.66137
1.52511
1.48074
1.41226
1.41612
1.43789
1.35308
1.36917
1.44716
1.45225
1.58933
1.56398
1.55799
1.45466
1.5159
1.54212
1.59336
1.61911
1.65175
1.51442
1.58199
1.61679
1.42555
1.4431
1.39325
1.42467
1.35823
1.4572
1.46443
1.47765
1.55019
1.54567
1.57967
1.54551
1.5878
1.56414
1.46065
1.46483
1.53813
1.5665
1.6436
1.53823
1.61035
1.45407
1.44526
1.53318
1.41947
1.36805
1.27226
1.29095
1.38618
1.36402
1.35931
1.46921
1.53575
1.64008
1.4359
1.52588
1.47417
1.39302
1.41081
1.39317
1.32256
1.38483
1.32164
1.39339
1.42784
1.38786
1.36129
1.41118
1.44436
1.52763
1.56554
1.5357
1.56561
1.48171
1.49835
1.55233
1.67204
1.56163
1.52891
1.47103
1.42892
1.44391
1.43633
1.48303
1.61791
1.94476
1.76829
1.6377
1.521
1.53738
1.54517
1.52522
1.50777
1.4684
1.43705
1.47454
1.37942
1.39886
1.40671
1.42796
1.52534
1.50004
1.54513
1.47952
1.45915
1.53484
1.65683
1.69984
1.55598
1.53783
1.43336
1.53091
1.50501
1.44447
1.43415
1.45946
1.59649
1.74748
1.68115
1.60282
1.47072
1.37168
1.36378
1.46808
1.40758
1.39879
1.42983
1.52543
1.76833
1.55673
1.59128
1.61054
1.78876
1.61884
1.57176
1.57848
1.57274
1.61789
1.48416
1.5434
1.4729
1.54351
1.61347
1.60082
1.69502
1.59447
1.59252
1.58026
1.60749
1.51825
1.48089
1.41319
1.3994
1.40443
1.3966
1.37888
1.46266
1.62946
1.43399
1.49604
1.63904
1.58219
1.63754
1.6446
1.57389
1.52219
1.66113
1.55572
1.43706
1.46807
1.47873
1.42525
1.36348
1.46133
1.45041
1.33039
1.36753
1.544
1.54259
1.47487
1.48379
1.52161
1.56761
1.45749
1.5173
1.58246
1.52248
1.71393
1.76828
1.67517
1.5584
1.56811
1.53171
1.55211
1.59598
1.58676
1.48154
1.54953
1.45612
