8.44639
7.696
7.09492
6.53795
6.03927
5.47547
5.10716
4.81663
4.60387
4.39074
4.20051
4.05343
3.92388
3.79191
3.70671
3.58979
3.45146
3.35323
3.24798
3.15523
3.11282
3.06829
2.96336
2.89224
2.8312
2.76418
2.64059
2.51854
2.39789
2.2633
2.2528
2.24701
2.27971
2.30357
2.24724
2.166
2.08606
1.98775
1.92818
1.87749
1.82585
1.75704
1.68028
1.60514
1.55377
1.51789
1.44999
1.39177
1.3598
1.33957
1.31751
1.27569
1.24615
1.21226
1.20239
1.22803
1.23031
1.24602
1.25716
1.1636
1.10901
1.06396
1.06209
1.05255
1.0801
1.09109
1.06357
1.08873
1.06934
1.05811
1.06246
1.08931
1.04604
1.02854
1.01131
0.971785
0.978593
0.976268
0.953708
0.950093
0.94219
0.944597
0.933741
0.915401
0.892861
0.893
0.879803
0.861379
0.871779
0.893401
0.895736
0.89573
0.912431
0.912763
0.931699
0.897793
0.91077
0.915442
0.914687
0.893134
0.88762
0.880809
0.874555
0.873766
0.867444
0.861112
0.869501
0.88861
0.887424
0.873825
0.88917
0.888275
0.868875
0.872588
0.896558
0.899759
0.912121
0.898562
0.888666
0.894828
0.878006
0.891714
0.872585
0.887742
0.879437
0.891754
0.876761
0.881855
0.86844
0.902986
0.899721
0.892952
0.888315
0.880178
0.869326
0.872481
0.887237
0.888298
0.905991
0.893898
0.891773
0.926002
0.918871
0.904982
0.901338
0.880466
0.870465
0.882855
0.880064
0.871577
0.86144
0.865898
0.886873
0.887748
0.870622
0.88646
0.888917
0.88415
0.886277
0.873409
0.868222
0.881049
0.871179
0.887768
0.879038
0.880159
0.862585
0.861343
0.863403
0.874296
0.876301
0.884971
0.870764
0.86943
0.883037
0.880473
0.886242
0.880431
0.881211
0.869354
0.882065
0.901662
0.896843
0.881157
0.893546
0.89345
0.902902
0.899644
0.901061
0.891153
0.885624
0.884017
0.897703
0.891633
0.88788
0.879436
0.872096
0.879608
0.883139
0.889848
0.893666
0.891145
0.883651
0.881059
0.883902
0.881356
0.88783
0.89384
0.883505
0.86584
0.897102
0.918092
0.883582
0.901926
0.896551
0.880737
0.862857
0.863908
0.868033
0.875245
0.87243
0.859029
0.86166
0.883081
0.880432
0.882786
0.881689
0.873937
0.880713
0.863922
0.864949
0.877604
0.878227
0.886124
0.865258
0.869479
0.868346
0.860824
0.859529
0.87699
0.876693
0.864854
0.859016
0.852883
0.862127
0.868663
0.877001
0.873849
0.875754
0.884341
0.879765
0.886133
0.88601
0.890437
0.877391
0.888366
0.86818
0.8685
0.862555
0.85958
0.880794
0.907666
0.907758
0.907551
0.88749
0.876367
0.89947
0.880523
0.881579
0.889624
0.893027
0.902988
0.899431
0.874628
0.897079
0.87416
0.885094
0.881229
0.913113
0.918132
0.909228
0.89903
0.891728
0.882552
0.883512
0.893156
0.895257
0.886181
0.90111
0.897651
0.894852
0.862222
0.859362
0.864438
0.876377
0.87554
0.875902
0.88279
0.904266
0.874572
0.862719
0.87836
0.888814
0.887482
0.901879
0.87506
0.871532
0.884385
0.889559
0.889992
0.909905
0.887959
0.894423
0.908206
0.893036
0.891466
0.864799
0.87164
0.871298
0.865845
0.908284
0.893748
0.892022
0.876651
0.88969
0.894093
0.901463
0.888735
0.892353
0.888469
0.883736
0.888979
0.893189
0.869949
0.866774
0.876398
0.87802
0.876022
0.882089
0.872049
0.885113
0.88964
0.878314
0.883625
0.879469
0.895152
0.890307
0.891869
0.898596
0.886421
0.895037
0.900067
0.918086
0.904467
0.903229
0.893309
0.897162
0.904064
0.88118
0.879046
0.873433
0.866718
0.869482
0.866262
0.882902
0.871771
0.866613
0.867571
0.866644
0.862255
0.86751
0.896723
0.908554
0.892352
0.884926
0.876264
0.87947
0.891458
0.903699
0.89901
0.895202
0.874622
0.859597
0.891413
0.886714
0.87382
0.882795
0.878628
0.873072
0.894254
0.895112
0.881698
0.863151
0.871553
0.876765
0.884486
0.895971
0.895597
0.882688
0.885108
0.867876
0.881128
0.867451
0.891449
0.873035
0.874183
0.863817
0.870826
0.881556
0.878224
0.88228
0.888499
0.880608
0.891766
0.920046
0.911789
0.875714
0.876308
0.883008
0.889068
0.887769
0.888055
0.898701
0.873246
0.894485
0.896235
0.895464
0.904443
0.897012
0.875506
0.889661
0.884007
0.879449
0.890089
0.91225
0.880995
0.882264
0.883933
0.883352
0.876368
0.882892
0.868476
0.884337
0.865095
0.88387
0.88911
0.90038
0.900854
0.915248
0.905738
0.894679
0.895557
0.8704
0.876231
0.872835
0.859796
0.867635
0.902814
0.950674
1.05009
1.10912
1.21417
1.22837
1.14512
1.17163
1.06258
0.995193
0.979433
0.980954
0.93444
0.930339
0.901725
0.91371
0.894203
0.895837
0.885907
0.881962
0.879153
0.878545
0.894785
0.87962
0.859666
0.876139
0.871244
0.885543
0.885925
0.910668
0.902317
0.890769
0.926232
0.894537
0.894914
0.89188
0.888394
0.897594
0.911849
0.911903
0.899572
0.898557
0.891338
0.897095
0.892547
0.890356
0.889439
0.893728
0.88862
0.891562
0.864819
0.873962
0.890489
0.877116
0.882254
0.85526
0.852317
0.860917
0.863761
0.880936
0.886548
0.895894
0.871955
0.881006
0.864467
0.869378
0.896013
0.89048
0.891681
0.900476
0.878211
0.886057
0.864854
0.869204
0.871482
0.87427
0.875568
0.881977
0.86931
0.885958
0.867482
0.876034
0.881809
0.891145
0.901591
0.906029
0.872941
0.89455
0.884324
0.894691
0.897825
0.899909
0.882473
0.877598
0.876606
0.852609
0.863649
0.854879
0.881092
0.864421
0.87493
0.861811
0.861984
0.867068
0.86062
0.865274
0.879848
0.882427
0.881303
0.867829
0.859657
0.868515
0.878238
0.872296
0.869961
0.85966
0.862521
0.881158
0.879687
0.896625
0.876924
0.870247
0.869905
0.871525
0.876747
0.882118
0.861174
0.874575
0.87997
0.876688
0.887832
0.882902
0.874909
0.877129
0.863087
0.866364
0.86311
0.862554
0.873488
0.893918
0.89072
0.869568
0.883827
0.883702
0.885279
0.881348
0.872053
0.864644
0.878155
0.884312
0.877714
0.875154
0.870077
0.871858
0.899321
0.887493
0.886036
0.871443
0.873555
0.87163
0.864293
0.890108
0.862419
0.870361
0.887489
0.895993
0.887632
0.88445
0.895149
0.915838
0.905738
0.873407
0.862641
0.8807
0.876015
0.883987
0.899367
0.884337
0.884858
0.855368
0.876556
0.861057
0.850066
0.843842
0.865034
0.890374
0.885759
0.88995
0.904516
0.881188
0.882771
0.878063
0.882412
0.883852
0.896388
0.880136
0.89002
0.880077
0.871931
0.885923
0.892319
0.881661
0.882443
0.880411
0.883662
0.873093
0.869966
0.871295
0.86634
0.884876
0.85812
0.862496
0.878248
0.869976
0.865525
0.868881
0.87502
0.873858
0.879684
0.866503
0.88197
0.873922
0.868892
0.85846
0.879006
0.89053
0.900458
0.890228
0.89994
0.878794
0.876095
0.878455
0.873464
0.885665
0.90893
0.900004
0.901709
0.876748
0.915357
0.89574
0.933402
0.912524
0.907823
0.923334
0.90083
0.884606
0.880501
0.87227
0.880243
0.88202
0.906608
0.900682
0.898417
0.874768
0.894411
0.887097
0.873722
0.850831
0.885826
0.886273
0.874455
0.886252
0.886469
0.88758
0.898137
0.892849
0.906332
0.889658
0.882985
0.89007
0.905494
0.904328
0.911357
0.880816
0.88535
0.919982
0.877462
0.880969
0.900965
0.912682
0.885894
0.876297
0.88629
0.893894
0.920388
0.891569
0.891249
0.89501
0.876968
0.879354
0.87377
0.895373
0.87674
0.884045
0.870474
0.877616
0.890684
0.880013
0.8794
0.894211
0.907261
0.898851
0.920277
0.904797
0.894815
0.896181
0.882514
0.864146
0.857705
0.885143
0.881565
0.882686
0.880953
0.859662
0.875257
0.869251
0.862175
0.866581
0.857143
0.869367
0.886392
0.876192
0.866119
0.874562
0.869891
0.868268
0.859594
0.886129
0.904831
0.897466
0.889503
0.865469
0.856471
0.86825
0.87769
0.886744
0.881032
0.875379
0.86097
0.882456
0.882184
0.894907
0.88457
0.885025
0.871999
0.884249
0.863541
0.867232
0.872789
0.865725
0.85688
0.872351
0.882456
0.888827
0.882745
0.89505
0.883022
0.879005
0.896247
0.907737
0.913784
0.889679
0.869169
0.877983
0.889217
0.87861
0.866563
0.870887
0.871849
0.892477
0.906993
0.90563
0.909355
0.91313
0.904829
0.908902
0.892468
0.896776
0.891373
0.894428
0.879077
0.891621
0.891671
0.893801
0.906386
0.885527
0.881877
0.899814
0.878271
0.875672
0.882744
0.899991
0.885999
0.901255
0.910716
0.890254
0.883641
0.894828
0.911828
0.898954
0.889092
0.900745
0.894075
0.886637
0.883138
0.902796
0.888658
0.878633
0.889096
0.880865
0.891327
0.88614
0.907023
0.941081
0.935178
0.900431
0.889779
0.885864
0.880294
0.894428
0.889917
0.904337
0.887136
0.877454
0.877811
0.879416
0.869507
0.869841
0.865919
0.87038
0.881133
0.875619
0.886055
0.906274
0.897726
0.89103
0.882368
0.893541
0.875478
0.891345
0.893913
0.88659
0.911387
0.900564
0.893069
0.888265
0.890443
0.883422
0.889971
0.877742
0.865578
0.855539
0.852443
0.871769
0.883388
0.881323
0.883136
0.872045
0.870052
0.880483
0.869552
0.865643
0.865409
0.882122
0.90087
0.881564
0.890015
0.87697
0.859177
0.867052
0.883489
0.885365
0.912396
0.931114
0.893595
0.886928
0.872789
0.865446
0.883174
0.882816
0.879431
0.881334
0.877836
0.877325
0.884413
0.906574
0.917336
0.903061
0.886374
0.90414
0.892577
0.886524
0.884021
0.877312
0.863128
0.851732
0.858062
0.899535
0.904817
0.892676
0.888486
0.888748
0.886969
0.870216
0.88764
0.896614
0.86373
0.865666
0.874314
0.865696
0.866464
0.851263
0.854577
0.852766
0.863236
0.869355
0.865302
0.868525
0.855276
0.869308
0.859336
0.865066
0.881154
0.883251
0.895759
0.899544
0.915075
0.898993
0.899581
0.878885
0.899545
0.89695
0.910129
0.912151
0.880597
0.876223
0.865208
0.868074
0.885288
0.891579
0.87452
0.873702
0.861257
