6.09551
5.05819
4.75219
4.75219
4.33239
4.33239
4.18108
3.84438
3.69371
3.58071
3.53627
3.44664
3.29387
3.27922
3.18186
3.03784
2.99823
2.99823
2.85174
2.84042
2.50875
2.35722
2.35722
2.32036
2.25828
2.1666
2.1666
2.12607
2.10384
1.99397
1.99331
1.85521
1.85521
1.85521
1.83899
1.65946
1.65946
1.56757
1.56757
1.52182
1.46762
1.4011
1.4011
1.30315
1.30009
1.28838
1.28838
1.23824
1.20344
1.17332
1.13851
1.13675
1.13415
1.12958
1.12958
1.0473
1.03926
0.94805
0.94805
0.94805
0.939122
0.939122
0.939122
0.926845
0.926845
0.90362
0.90362
0.894692
0.894692
0.894692
0.894692
0.894692
0.894692
0.894692
0.894692
0.894692
0.894692
0.894692
0.894692
0.843576
0.843576
0.843576
0.843576
0.843576
0.843576
0.843576
0.843576
0.843576
0.843576
0.843576
0.843576
0.843576
0.843576
0.843576
0.843576
0.843576
0.843576
0.843576
0.843576
0.843576
0.843576
0.843576
0.843576
0.843576
0.843576
0.843576
0.843576
0.843576
0.843576
0.843576
0.843576
0.843576
0.843576
0.843576
0.843576
0.843576
0.843576
0.843576
0.843576
0.843576
0.843576
0.843576
0.843576
0.843576
0.843576
0.843576
0.843576
0.841252
0.841252
0.841252
0.841252
0.841252
0.841252
0.841252
0.841252
0.841252
0.841252
0.841252
0.841252
0.841252
0.841252
0.841252
0.841252
0.841252
0.841252
0.841252
0.841252
0.841252
0.841252
0.841252
0.841252
0.841252
0.841252
0.841252
0.841252
0.841252
0.841252
0.841252
0.841252
0.841252
0.841252
0.841252
0.841252
0.841252
0.841252
0.841252
0.841252
0.841252
0.841252
0.841252
0.841252
0.841252
0.841252
0.841252
0.841252
0.841252
0.841252
0.841252
0.841252
0.841252
0.841252
0.841252
0.841252
0.841252
0.841252
0.841252
0.841252
0.841252
0.841252
0.841252
0.841252
0.841252
0.841252
0.841252
0.841252
0.841252
0.841252
0.841252
0.841252
0.841252
0.841252
0.841252
0.841252
0.841252
0.841252
0.841252
0.841252
0.841252
0.841252
0.841252
0.841252
0.841252
0.841252
0.841252
0.841252
0.841252
0.841252
0.841252
0.841252
0.841252
0.841252
0.841252
0.841252
0.841252
0.841252
0.841252
0.841252
0.841252
0.841252
0.841252
0.841252
0.841252
0.841252
0.841252
0.841252
0.841252
0.841252
0.841252
0.841252
0.841252
0.841252
0.841252
0.841252
0.841252
0.841252
0.841252
0.841252
0.841252
0.841252
0.841252
0.841252
0.841252
0.841252
0.841252
0.841252
0.841252
0.841252
0.841252
0.841252
0.841252
0.841252
0.841252
0.841252
0.841252
0.841252
0.841252
0.841252
0.841252
0.841252
0.841252
0.841252
0.841252
0.841252
0.841252
0.841252
0.841252
0.841252
0.841252
0.841252
0.841252
0.841252
0.841252
0.841252
0.841252
0.841252
0.841252
0.841252
0.841252
0.841252
0.841252
0.841252
0.841252
0.841252
0.841252
0.841252
0.841252
0.841252
0.841252
0.841252
0.841252
0.841252
0.841252
0.841252
0.841252
0.841252
0.841252
0.841252
0.841252
0.841252
0.841252
0.841252
0.841252
0.841252
0.841252
0.841252
0.841252
0.841252
0.841252
0.841252
0.841252
0.841252
0.841252
0.841252
0.841252
0.841252
0.841252
0.841252
0.841252
0.841252
0.841252
0.841252
0.841252
0.841252
0.841252
0.841252
0.841252
0.841252
0.841252
0.841252
0.841252
0.841252
0.841252
0.841252
0.841252
0.841252
0.841252
0.841252
0.841252
0.841252
0.841252
0.841252
0.841252
0.841252
0.841252
0.841252
0.841252
0.841252
0.841252
0.841252
0.841252
0.841252
0.841252
0.841252
0.841252
0.841252
0.841252
0.841252
0.841252
0.841252
0.841252
0.841252
0.841252
0.841252
0.841252
0.841252
0.841252
0.841252
0.841252
0.841252
0.841252
0.841252
0.841252
0.841252
0.841252
0.841252
0.841252
0.841252
0.841252
0.841252
0.841252
0.841252
0.841252
0.841252
0.841252
0.841252
0.841252
0.841252
0.841252
0.841252
0.841252
0.841252
0.841252
0.841252
0.841252
0.841252
0.841252
0.841252
0.841252
0.841252
0.841252
0.841252
0.841252
0.841252
0.841252
0.841252
0.841252
0.841252
0.841252
0.841252
0.841252
0.841252
0.841252
0.841252
0.841252
0.841252
0.841252
0.841252
0.841252
0.841252
0.841252
0.841252
0.841252
0.841252
0.841252
0.841252
0.841252
0.841252
0.841252
0.841252
0.841252
0.841252
0.841252
0.841252
0.841252
0.841252
0.841252
0.841252
0.841252
0.841252
0.841252
0.841252
0.841252
0.841252
0.841252
0.841252
0.841252
0.841252
0.841252
0.841252
0.841252
0.841252
0.841252
0.841252
0.841252
0.841252
0.841252
0.834352
0.834352
0.834352
0.834352
0.834352
0.834352
0.834352
0.834352
0.834352
0.834352
0.834352
0.834352
0.834352
0.834352
0.834352
0.834352
0.834352
0.834352
0.834352
0.834352
0.834352
0.834352
0.834352
0.834352
0.834352
0.834352
0.834352
0.834352
0.834352
0.834352
0.834352
0.834352
0.834352
0.834352
0.834352
0.834352
0.834352
0.834352
0.834352
0.834352
0.834352
0.834352
0.834352
0.834352
0.834352
0.834352
0.834352
0.834352
0.834352
0.834352
0.834352
0.834352
0.834352
0.834352
0.834352
0.834352
0.834352
0.834352
0.834352
0.834352
0.834352
0.834352
0.834352
0.834352
0.834352
0.834352
0.834352
0.834352
0.834352
0.834352
0.834352
0.834352
0.834352
0.834352
0.834352
0.834352
0.834352
0.834352
0.834352
0.834352
0.834352
0.834352
0.834352
0.834352
0.834352
0.834352
0.834352
0.834352
0.834352
0.834352
0.834352
0.834352
0.834352
0.834352
0.834352
0.834352
0.834352
0.834352
0.834352
0.834352
0.834352
0.834352
0.834352
0.834352
0.834352
0.834352
0.834352
0.834352
0.834352
0.834352
0.834352
0.834352
0.834352
0.834352
0.834352
0.834352
0.834352
0.834352
0.834352
0.834352
0.834352
0.834352
0.834352
0.834352
0.834352
0.834352
0.834352
0.834352
0.834352
0.834352
0.834352
0.834352
0.834352
0.834352
0.834352
0.834352
0.834352
0.834352
0.834352
0.834352
0.834352
0.834352
0.834352
0.834352
0.834352
0.834352
0.834352
0.834352
0.834352
0.834352
0.834352
0.834352
0.834352
0.834352
0.834352
0.834352
0.834352
0.834352
0.834352
0.834352
0.834352
0.834352
0.834352
0.834352
0.834352
0.834352
0.834352
0.834352
0.834352
0.834352
0.834352
0.834352
0.834352
0.834352
0.834352
0.834352
0.834352
0.834352
0.834352
0.834352
0.834352
0.834352
0.834352
0.834352
0.834352
0.834352
0.834352
0.834352
0.834352
0.834352
0.834352
0.834352
0.834352
0.834352
0.834352
0.834352
0.834352
0.834352
0.834352
0.834352
0.834352
0.834352
0.834352
0.834352
0.834352
0.834352
0.834352
0.834352
0.834352
0.834352
0.834352
0.834352
0.834352
0.834352
0.834352
0.834352
0.834352
0.834352
0.834352
0.834352
0.834352
0.834352
0.834352
0.834352
0.834352
0.834352
0.834352
0.834352
0.834352
0.834352
0.834352
0.834352
0.834352
0.834352
0.834352
0.834352
0.834352
0.834352
0.834352
0.834352
0.834352
0.834352
0.834352
0.834352
0.834352
0.834352
0.834352
0.834352
0.834352
0.834352
0.834352
0.834352
0.834352
0.834352
0.834352
0.834352
0.834352
0.834352
0.834352
0.834352
0.834352
0.834352
0.834352
0.834352
0.834352
0.834352
0.834352
0.834352
0.834352
0.834352
0.834352
0.834352
0.834352
0.834352
0.834352
0.834352
0.834352
0.834352
0.834352
0.834352
0.834352
0.834352
0.834352
0.834352
0.834352
0.834352
0.834352
0.834352
0.834352
0.834352
0.834352
0.834352
0.834352
0.834352
0.834352
0.834352
0.834352
0.834352
0.834352
0.834352
0.834352
0.834352
0.834352
0.834352
0.834352
0.834352
0.834352
0.834352
0.834352
0.834352
0.834352
0.834352
0.834352
0.834352
0.834352
0.834352
0.834352
0.834352
0.834352
0.834352
0.834352
0.834352
0.834352
0.834352
0.834352
0.834352
0.834352
0.834352
0.834352
0.834352
0.834352
0.834352
0.834352
0.834352
0.834352
0.834352
0.834352
0.834352
0.834352
0.834352
0.834352
0.834352
0.834352
0.834352
0.834352
0.834352
0.834352
0.834352
0.834352
0.834352
0.834352
0.834352
0.834352
0.834352
0.834352
0.834352
0.834352
0.834352
0.834352
0.834352
0.834352
0.834352
0.834352
0.834352
0.834352
0.834352
0.834352
0.834352
0.834352
0.834352
0.834352
0.834352
0.834352
0.834352
0.834352
0.834352
0.834352
0.834352
0.834352
0.834352
0.834352
0.834352
0.834352
0.834352
0.834352
0.834352
0.834352
0.834352
0.834352
0.834352
0.834352
0.834352
0.834352
0.834352
0.834352
0.834352
0.834352
0.834352
0.834352
0.834352
0.834352
0.834352
0.834352
0.834352
0.834352
0.834352
0.834352
0.834352
0.834352
0.834352
0.834352
0.834352
0.834352
0.834352
0.834352
0.834352
0.834352
0.834352
0.834352
0.834352
0.834352
0.834352
0.834352
0.834352
0.834352
0.834352
0.834352
0.834352
0.834352
0.834352
0.834352
0.834352
0.834352
0.834352
0.834352
0.834352
0.834352
0.834352
0.834352
0.834352
0.834352
0.834352
0.834352
0.834352
0.834352
0.834352
0.834352
0.834352
0.834352
0.834352
0.834352
0.834352
0.834352
0.834352
0.834352
0.834352
0.834352
0.834352
0.834352
0.834352
0.834352
0.834352
0.834352
0.834352
0.834352
0.834352
0.834352
0.834352
0.834352
0.834352
0.834352
0.834352
0.834352
0.834352
0.834352
0.834352
0.834352
0.834352
0.834352
0.834352
0.834352
0.834352
0.834352
0.834352
0.834352
0.834352
0.834352
0.834352
0.834352
0.834352
0.834352
0.834352
0.834352
0.834352
0.834352
0.834352
0.834352
0.834352
0.834352
0.834352
0.834352
0.834352
0.834352
0.834352
0.834352
0.834352
0.834352
0.834352
0.834352
0.834352
0.834352
0.834352
0.834352
0.834352
0.834352
0.834352
0.834352
0.834352
0.834352
0.834352
0.834352
0.834352
0.834352
0.834352
0.834352
0.834352
0.834352
0.834352
0.834352
0.834352
0.834352
0.834352
0.834352
0.834352
