37.0462
36.5623
33.7698
33.7698
29.0151
27.7581
26.3593
22.9791
22.7737
20.7763
19.8288
18.116
11.7003
11.3046
10.9848
10.9848
10.298
9.35057
8.66386
8.16641
8.11206
7.79677
7.79677
7.79677
7.43423
7.43423
7.43423
7.36322
7.1356
6.99358
6.5838
6.35618
6.35618
6.14315
6.12855
5.85162
5.78061
5.78061
5.25436
5.11944
4.93907
4.93907
4.82081
4.64044
4.59319
4.3418
4.29456
3.99593
3.92492
3.7683
3.49137
3.19274
3.19274
2.96512
2.96512
2.7375
2.7375
2.50987
2.43887
2.21124
2.21124
2.21124
1.91261
1.91261
1.91261
1.91261
1.68499
1.68499
1.68499
1.68499
1.68499
1.45737
1.45737
1.45737
1.45737
1.45737
1.45737
1.45737
1.45737
1.45737
1.45737
1.22974
1.22974
1.22974
1.22974
1.22974
1.22974
1.22974
1.22974
1.22974
1.22974
1.22974
1.22974
1.22974
1.22974
1.22974
1.22974
1.22974
1.22974
1.22974
1.22974
1.22974
1.22974
1.22974
1.22974
1.22974
1.22974
1.22974
1.22974
1.22974
1.22974
1.22974
1.22974
1.22974
1.22974
1.22974
1.22974
1.22974
1.22974
1.22974
1.22974
1.22974
1.22974
1.22974
1.22974
1.22974
1.22974
1.22974
1.22974
1.22974
1.22974
1.22974
1.22974
1.22974
1.22974
1.22974
1.22974
1.22974
1.22974
1.22974
1.22974
1.22974
1.22974
1.22974
1.22974
1.22974
1.22974
1.22974
1.22974
1.22974
1.22974
1.22974
1.22974
1.22974
1.22974
1.22974
1.22974
1.22974
1.22974
1.22974
1.22974
1.22974
1.22974
1.22974
1.22974
1.22974
1.22974
1.22974
1.22974
1.22974
1.22974
1.22974
1.22974
1.22974
1.22974
1.22974
1.22974
1.22974
1.22974
1.22974
1.22974
1.22974
1.22974
1.22974
1.22974
1.22974
1.22974
1.22974
1.22974
1.22974
1.22974
1.22974
1.22974
1.22974
1.22974
1.22974
1.22974
1.22974
1.22974
1.22974
1.22974
1.22974
1.22974
1.22974
1.22974
1.22974
1.22974
1.22974
1.22974
1.22974
1.22974
1.22974
1.22974
1.22974
1.22974
1.22974
1.22974
1.22974
1.22974
1.22974
1.22974
1.22974
1.22974
1.22974
1.22974
1.22974
1.22974
1.22974
1.22974
1.22974
1.22974
1.22974
1.22974
1.22974
1.22974
1.22974
1.22974
1.22974
1.22974
1.22974
1.22974
1.22974
1.22974
1.22974
1.22974
1.22974
1.22974
1.22974
1.22974
1.22974
1.22974
1.22974
1.22974
1.22974
1.22974
1.22974
1.22974
1.22974
1.22974
1.22974
1.22974
1.22974
1.22974
1.22974
1.22974
1.22974
1.22974
1.22974
1.22974
1.22974
1.22974
1.22974
1.22974
1.22974
1.22974
1.22974
1.22974
1.22974
1.22974
1.22974
1.22974
1.22974
1.22974
1.22974
1.22974
1.22974
1.22974
1.22974
1.22974
1.22974
1.22974
1.22974
1.22974
1.22974
1.22974
1.22974
1.22974
1.22974
1.22974
1.22974
1.22974
1.22974
1.22974
1.22974
1.22974
1.22974
1.22974
1.22974
1.22974
1.22974
1.22974
1.22974
1.22974
1.22974
1.22974
1.22974
1.22974
1.22974
1.22974
1.22974
1.22974
1.22974
1.22974
1.22974
1.22974
1.22974
1.22974
1.22974
1.22974
1.22974
1.22974
1.22974
1.22974
1.22974
1.22974
1.22974
1.22974
1.22974
1.22974
1.22974
1.22974
1.22974
1.22974
1.22974
1.22974
1.22974
1.22974
1.22974
1.22974
1.22974
1.22974
1.22974
1.22974
1.22974
1.22974
1.22974
1.22974
1.22974
1.22974
1.22974
1.22974
1.22974
1.22974
1.22974
1.22974
1.22974
1.22974
1.22974
1.22974
1.22974
1.22974
1.22974
1.22974
1.22974
1.22974
1.22974
1.22974
1.22974
1.22974
1.22974
1.22974
1.22974
1.22974
1.22974
1.22974
1.22974
1.22974
1.22974
1.22974
1.22974
1.22974
1.22974
1.22974
1.22974
1.22974
1.22974
1.22974
1.22974
1.22974
1.22974
1.22974
1.22974
1.22974
1.22974
1.22974
1.22974
1.22974
1.22974
1.22974
1.22974
1.22974
1.22974
1.22974
1.22974
1.22974
1.22974
1.22974
1.22974
1.22974
1.22974
1.22974
1.22974
1.22974
1.22974
1.22974
1.22974
1.22974
1.22974
1.22974
1.22974
1.22974
1.22974
1.22974
1.22974
1.22974
1.22974
1.22974
1.22974
1.22974
1.22974
1.22974
1.22974
1.22974
1.22974
1.22974
1.22974
1.22974
1.22974
1.22974
1.22974
1.22974
1.22974
1.22974
1.22974
1.22974
1.22974
1.22974
1.22974
1.22974
1.22974
1.22974
1.22974
1.22974
1.22974
1.22974
1.22974
1.22974
1.22974
1.22974
1.22974
1.22974
1.22974
1.22974
1.22974
1.22974
1.22974
1.22974
1.22974
1.22974
1.22974
1.22974
1.22974
1.22974
1.22974
1.22974
1.22974
1.22974
1.22974
1.22974
1.22974
1.22974
1.22974
1.22974
1.22974
1.22974
1.22974
1.22974
1.22974
1.22974
1.22974
1.22974
1.22974
1.22974
1.22974
1.22974
1.22974
1.22974
1.22974
1.22974
1.22974
1.22974
1.22974
1.22974
1.22974
1.22974
1.22974
1.22974
1.22974
1.22974
1.22974
1.22974
1.22974
1.22974
1.22974
1.22974
1.22974
1.22974
1.22974
1.22974
1.22974
1.22974
1.22974
1.22974
1.22974
1.22974
1.22974
1.22974
1.22974
1.22974
1.22974
1.22974
1.22974
1.22974
1.22974
1.22974
1.22974
1.22974
1.22974
1.22974
1.22974
1.22974
1.22974
1.22974
1.22974
1.22974
1.22974
1.22974
1.22974
1.22974
1.22974
1.22974
1.22974
1.22974
1.22974
1.22974
1.22974
1.22974
1.22974
1.22974
1.22974
1.22974
1.22974
1.22974
1.22974
1.22974
1.22974
1.22974
1.22974
1.22974
1.22974
1.22974
1.22974
1.22974
1.22974
1.22974
1.22974
1.22974
1.22974
1.22974
1.22974
1.22974
1.22974
1.22974
1.22974
1.22974
1.22974
1.22974
1.22974
1.22974
1.22974
1.22974
1.22974
1.22974
1.22974
1.22974
1.22974
1.22974
1.22974
1.22974
1.22974
1.22974
1.22974
1.22974
1.22974
1.22974
1.22974
1.22974
1.22974
1.22974
1.22974
1.22974
1.22974
1.22974
1.22974
1.22974
1.22974
1.22974
1.22974
1.22974
1.22974
1.22974
1.22974
1.22974
1.22974
1.22974
1.22974
1.22974
1.22974
1.22974
1.22974
1.22974
1.22974
1.22974
1.22974
1.22974
1.22974
1.22974
1.22974
1.22974
1.22974
1.22974
1.22974
1.22974
1.22974
1.22974
1.22974
1.22974
1.22974
1.22974
1.22974
1.22974
1.22974
1.22974
1.22974
1.22974
1.22974
1.22974
1.22974
1.22974
1.22974
1.22974
1.22974
1.22974
1.22974
1.22974
1.22974
1.22974
1.22974
1.22974
1.22974
1.22974
1.22974
1.22974
1.22974
1.22974
1.22974
1.22974
1.22974
1.22974
1.22974
1.22974
1.22974
1.22974
1.22974
1.22974
1.22974
1.22974
1.22974
1.22974
1.22974
1.22974
1.22974
1.22974
1.22974
1.22974
1.22974
1.22974
1.22974
1.22974
1.22974
1.22974
1.22974
1.22974
1.22974
1.22974
1.22974
1.22974
1.22974
1.22974
1.22974
1.22974
1.22974
1.22974
1.22974
1.22974
1.22974
1.22974
1.22974
1.22974
1.22974
1.22974
1.22974
1.22974
1.22974
1.22974
1.22974
1.22974
1.22974
1.22974
1.22974
1.22974
1.22974
1.22974
1.22974
1.22974
1.22974
1.22974
1.22974
1.22974
1.22974
1.22974
1.22974
1.22974
1.22974
1.22974
1.22974
1.22974
1.22974
1.22974
1.22974
1.22974
1.22974
1.22974
1.22974
1.22974
1.22974
1.22974
1.22974
1.22974
1.22974
1.22974
1.22974
1.22974
1.22974
1.22974
1.22974
1.22974
1.22974
1.22974
1.22974
1.22974
1.22974
1.22974
1.22974
1.22974
1.22974
1.22974
1.22974
1.22974
1.22974
1.22974
1.22974
1.22974
1.22974
1.22974
1.22974
1.22974
1.22974
1.22974
1.22974
1.22974
1.22974
1.22974
1.22974
1.22974
1.22974
1.22974
1.22974
1.22974
1.22974
1.22974
1.22974
1.22974
1.22974
1.22974
1.22974
1.22974
1.22974
1.22974
1.22974
1.22974
1.22974
1.22974
1.22974
1.22974
1.22974
1.22974
1.22974
1.22974
1.22974
1.22974
1.22974
1.22974
1.22974
1.22974
1.22974
1.22974
1.22974
1.22974
1.22974
1.22974
1.22974
1.22974
1.22974
1.22974
1.22974
1.22974
1.22974
1.22974
1.22974
1.22974
1.22974
1.22974
1.22974
1.22974
1.22974
1.22974
1.22974
1.22974
1.22974
1.22974
1.22974
1.22974
1.22974
1.22974
1.22974
1.22974
1.22974
1.22974
1.22974
1.22974
1.22974
1.22974
1.22974
1.22974
1.22974
1.22974
1.22974
1.22974
1.22974
1.22974
1.22974
1.22974
1.22974
1.22974
1.22974
1.22974
1.22974
1.22974
1.22974
1.22974
1.22974
1.22974
1.22974
1.22974
1.22974
1.22974
1.22974
1.22974
1.22974
1.22974
1.22974
1.22974
1.22974
1.22974
1.22974
1.22974
1.22974
1.22974
1.22974
1.22974
1.22974
1.22974
1.22974
1.22974
1.22974
1.22974
1.22974
1.22974
1.22974
1.22974
1.22974
1.22974
1.22974
1.22974
1.22974
1.22974
1.22974
1.22974
1.22974
1.22974
1.22974
1.22974
1.22974
1.22974
1.22974
1.22974
1.22974
1.22974
1.22974
1.22974
1.22974
1.22974
1.22974
1.22974
1.22974
1.22974
1.22974
1.22974
1.22974
1.22974
1.22974
1.22974
1.22974
1.22974
1.22974
1.22974
1.22974
1.22974
1.22974
1.22974
1.22974
1.22974
1.22974
1.22974
1.22974
1.22974
1.22974
1.22974
1.22974
1.22974
1.22974
1.22974
1.22974
1.22974
1.22974
1.22974
1.22974
1.22974
1.22974
1.22974
1.22974
1.22974
1.22974
1.22974
1.22974
1.22974
1.22974
1.22974
1.22974
1.22974
1.22974
1.22974
1.22974
1.22974
1.22974
1.22974
1.22974
1.22974
1.22974
