0.762545 0.190026
0.633687 0.621722
0.313042 0.682714
0.301507 0.318238
0.304045 0.384747
0.937356 0.397598
0.478999 0.0331491
0.970357 0.490891
0.88839 0.282847
0.61047 0.0180981
0.592945 0.540864
0.757601 0.16916
0.273777 0.747631
0.817609 0.705874
0.980231 0.869846
0.399095 0.551932
0.16374 0.348904
0.44241 0.810055
0.802545 0.330309
0.416506 0.90568
0.52479 0.897569
0.985831 0.377221
0.0806527 0.526082
0.861654 0.347057
0.380012 0.398458
0.960863 0.41126
0.870044 0.984744
0.738643 0.638171
0.73429 0.354148
0.565303 0.187502
0.895525 0.0763086
0.895144 0.93609
