59.4786
54.0882
48.9659
45.1044
41.6898
38.5426
35.6834
32.1173
28.9128
26.0729
25.0622
24.4739
24.0308
23.174
22.1516
20.6287
19.4313
18.57
17.0922
15.7902
15.1318
14.703
14.5191
14.5982
14.3457
13.9256
13.2709
13.0491
12.3482
12.1302
12.0143
11.828
11.2706
11.1084
10.6866
10.657
9.94735
9.07275
8.77614
8.03821
7.85016
7.82825
7.55554
7.73993
7.9851
7.61776
7.78069
7.26309
7.24781
7.05694
7.13559
6.88777
6.82622
6.73832
6.91277
7.1508
6.9656
6.82774
6.33962
6.45128
6.72879
6.69147
6.52381
6.43592
6.36686
6.08552
6.30169
6.42265
6.68741
7.03158
7.29291
6.91544
6.49061
6.73492
6.80212
6.64105
6.25939
6.02305
5.07213
4.56726
4.56047
4.7053
4.69522
4.71193
4.65256
4.42909
4.45824
4.83588
4.78619
5.00752
4.47788
4.64552
4.64517
4.84896
4.85558
4.56216
4.34468
4.85246
5.16507
4.75038
4.54593
4.50333
4.58605
4.89763
5.01315
4.60184
4.52184
4.67787
4.8023
4.90676
4.97625
4.96356
4.62337
4.37817
4.34578
4.57683
4.62508
4.62088
4.72067
4.64597
4.69515
4.91547
4.53493
4.42476
4.28101
4.44917
4.99523
5.19082
5.1808
4.62018
4.36846
4.56353
4.61097
4.55685
4.92819
4.60119
4.72897
4.49993
4.48756
4.29415
4.75702
4.26876
4.40386
4.2767
4.45743
4.86957
4.8724
4.88166
5.30173
5.05708
5.08682
4.92195
5.12622
5.16156
4.63801
4.71162
4.3287
4.71349
4.71816
4.7347
4.81748
4.82663
4.36968
4.54953
4.60845
4.84858
5.04107
4.75884
4.47221
4.10011
4.36187
4.62213
4.96775
4.83011
4.74271
4.86065
4.38891
4.3529
5.07428
5.12842
4.77003
4.67467
4.7584
4.60359
4.9105
4.78817
4.89963
4.35709
4.75037
5.01816
4.82812
4.9372
4.66118
4.54288
5.00008
4.45799
4.42441
4.9476
4.84296
5.36506
5.18659
4.8012
4.84539
4.42627
4.36219
4.63374
4.65184
4.80694
4.74235
4.914
5.03244
5.11181
5.12236
4.43013
4.48616
4.46876
4.50927
4.43657
4.61557
4.6945
4.40203
4.43887
4.27963
4.4275
4.69291
4.6453
4.67626
4.51731
4.65683
4.84173
5.02539
4.98479
4.78344
4.80025
4.55888
4.51615
4.63806
4.32616
4.44277
4.18125
4.68856
4.70907
4.30938
4.32755
4.76632
4.72567
4.72604
4.76793
4.73652
5.1336
4.63118
4.6243
4.59267
4.53874
4.1923
4.4131
4.79476
4.50008
4.58526
4.80756
4.78555
5.4983
5.51379
4.86425
4.6097
4.77862
4.65536
4.95187
4.23645
4.55233
4.51014
4.44569
4.82867
4.42495
4.62858
4.67392
4.79727
4.6282
4.36234
4.42557
4.16233
4.04349
3.9158
4.06566
4.25088
4.4602
4.26986
4.62916
4.55138
4.58527
4.66373
4.42239
4.62678
4.25668
4.52533
4.36059
4.13266
3.97468
4.50733
4.65306
4.99229
4.55782
4.69879
4.90797
4.89625
5.10292
4.75293
4.64057
4.77015
4.77918
4.47862
4.90822
4.34771
4.30893
4.46915
4.60545
4.36597
4.56918
4.60565
4.52729
4.70101
4.58986
4.9208
5.44734
5.26576
4.58341
4.59805
4.60462
4.70319
4.50039
4.31595
4.87152
4.91691
4.74198
4.50189
4.58817
4.70557
5.00822
4.9859
5.27218
5.1064
5.20448
5.25724
5.10401
4.79837
4.86794
4.72159
4.96005
5.00066
5.05559
5.42101
5.32922
4.96082
4.96179
4.80392
4.77947
4.84247
4.60635
4.41028
4.43033
4.87153
5.00364
5.09161
5.0573
4.94501
4.66383
4.70772
4.44047
5.11582
4.82893
5.09537
4.96028
4.48635
4.1883
4.39283
4.36464
4.41728
4.47955
4.32765
4.18417
4.77394
4.93102
5.0466
4.94967
4.84982
4.79769
4.64032
4.68344
4.73507
4.43208
4.55567
4.46854
4.2508
4.27723
4.98635
4.72747
4.69282
4.48397
4.40753
4.83435
4.56241
4.60027
4.63078
4.9305
4.77001
4.90018
5.24146
5.1005
4.632
4.29145
4.14362
4.41232
4.50305
4.27965
4.17632
4.19568
4.36503
4.22563
4.47911
5.00196
5.12582
4.55615
4.26956
4.11698
4.31139
4.26169
4.70667
4.88393
4.74664
4.87539
4.60065
4.68557
4.63347
4.31574
4.11917
4.04705
4.45269
4.55112
4.65915
4.77403
4.47309
4.52012
4.51271
4.47058
4.3141
4.42375
4.70827
4.97479
5.07461
4.93619
4.87213
5.05586
4.83003
4.45296
4.35436
4.66366
4.61951
4.84809
4.93458
4.90711
4.57103
4.59276
4.49219
4.5386
4.31013
4.22091
4.38283
4.37365
4.54271
4.52221
4.78799
4.86266
4.85683
5.06741
4.85534
4.88972
4.72197
4.89373
4.8996
5.11339
5.47062
4.90363
4.56745
4.59221
4.4061
4.71967
4.57987
4.50514
4.54479
4.29137
4.31121
4.24836
4.09243
4.82356
4.63091
4.91526
4.60909
4.8778
4.70003
4.64826
4.81695
4.92088
4.78297
4.31844
4.15632
4.62095
4.42683
4.59744
4.60953
4.73102
4.78718
4.31028
4.19481
4.291
4.34554
4.52061
4.26031
4.43146
4.7585
4.81217
5.17155
4.94398
4.50588
4.39278
4.76128
4.92646
4.75929
4.40071
4.66638
4.98108
4.85411
4.92559
4.43169
4.32749
4.46358
4.63401
4.60342
4.86355
4.81031
4.65068
5.0132
5.41743
5.02749
4.71101
4.81933
4.81235
4.9355
4.85045
4.97941
4.97732
5.14588
5.03677
5.05792
5.00701
4.81072
4.82334
4.88511
4.7612
5.01005
5.07512
4.72155
4.7754
4.90051
4.64485
4.51839
4.54975
4.5324
4.39805
4.68156
4.69648
5.03456
4.75577
4.6898
5.15302
4.81735
4.53345
4.68357
5.09747
5.22584
4.83416
4.83308
4.8783
4.84061
4.77778
4.97778
5.31985
5.18421
4.97709
5.09518
5.05523
4.97232
5.35647
4.91078
5.00021
4.84181
4.54231
4.59336
4.83343
4.94196
4.84661
4.43147
4.25393
4.19833
4.38691
4.69958
4.99526
4.90204
5.11751
4.53344
4.28221
4.50119
4.40285
4.85806
5.09615
4.96204
5.05464
4.68628
4.67828
4.61529
4.46551
4.75235
4.58373
4.3299
4.59392
4.66708
4.72305
4.59854
4.72143
4.65588
4.64522
4.98125
5.15146
4.49729
4.78175
5.04356
4.82529
4.98915
4.57312
4.50003
4.51873
4.35927
4.62451
4.60316
4.43315
4.95806
4.62689
4.87732
4.86127
4.69651
4.48325
4.84248
4.67665
4.7626
4.40684
4.2452
4.20816
4.10953
4.12126
4.20467
4.20007
4.40423
4.7474
4.67918
4.58228
4.63547
4.84152
4.92123
5.00101
4.63866
4.69929
5.17979
4.89431
4.95089
5.05384
5.21813
5.05478
4.61234
4.99543
4.6771
4.75843
4.41103
4.48431
4.57285
4.56712
4.56235
4.75713
4.8492
4.99894
4.51724
4.60768
4.70954
4.71262
5.06942
4.99039
4.74999
4.79747
4.35809
4.64907
4.82468
5.04836
4.97454
4.74141
4.94957
4.58722
4.55861
4.43379
4.12495
3.97931
4.27084
4.28183
4.30482
4.36804
4.39683
4.7578
4.70899
4.88515
4.63993
4.85728
4.6846
5.20356
5.01521
5.05611
4.82044
4.72326
4.70304
4.79011
5.04781
5.15711
4.67148
4.53256
4.67208
4.80518
4.84983
5.33732
5.2339
5.06584
4.68287
4.54483
5.04834
5.60701
5.00528
4.59626
4.71715
4.71483
4.39202
4.64089
4.50667
4.52694
4.64905
4.37011
4.7876
5.01033
4.64788
4.88643
4.8245
5.00901
5.10245
4.96555
4.44964
4.73728
4.77638
5.09455
5.2138
5.11268
5.51392
4.80088
4.85236
4.8437
4.58115
4.829
4.7376
5.07804
4.6293
4.70349
4.71222
4.42966
4.56347
4.63014
4.68228
4.56233
4.90416
4.98086
4.49661
4.62119
4.75191
4.68773
4.94456
4.80157
4.81665
4.77364
4.61358
4.77158
4.68224
4.99188
4.92618
4.70419
4.86711
5.17676
4.77766
4.62591
4.59104
4.62762
4.5175
4.67741
5.02991
4.71653
5.25847
4.7257
4.76579
5.01386
5.12983
4.73343
4.71253
4.66058
4.53541
4.55001
4.2048
4.30312
4.32126
4.60804
4.5615
4.63341
4.77779
5.3086
5.19011
4.77427
4.8449
4.39556
4.48635
4.56806
4.69192
4.51209
4.93007
4.71735
4.72646
4.84537
4.90113
4.64716
4.52687
4.24629
4.73549
4.51793
4.75984
4.45605
4.81864
4.61852
4.70552
4.67611
4.79805
4.95714
4.80262
5.17575
5.17573
4.83735
4.96625
5.06526
4.89384
4.60862
4.33686
4.35137
4.55233
4.86539
4.86903
4.70958
4.84354
4.85075
4.62138
4.32137
4.245
4.42181
4.43518
4.32574
4.37561
4.5764
4.66996
4.95911
4.70504
4.80047
4.88582
4.69752
4.76345
4.62354
4.75913
4.63075
4.87022
4.36826
4.57472
4.75139
4.6602
4.61863
4.59635
5.06206
5.15495
5.26116
5.089
4.69182
5.00333
4.83511
4.58143
4.51409
4.69794
4.82481
4.57926
4.43032
4.54044
4.25523
4.55922
4.25703
4.26574
4.27379
4.47048
4.55305
4.45689
4.48511
4.60828
4.97211
4.89862
4.98725
4.70821
4.85562
4.80918
4.52509
4.52598
4.40207
4.94938
5.31192
5.175
4.96318
4.65568
4.4548
4.54911
4.6096
4.92569
4.87327
4.7076
4.58003
4.4458
4.69655
4.80793
4.38182
4.39182
4.25265
4.9219
4.67083
4.46738
4.92847
4.59236
4.91983
4.77051
4.81733
4.5946
4.41364
4.87947
4.89919
4.78333
4.59394
4.81586
4.90422
4.62224
4.92583
5.35742
5.0903
4.74223
4.38011
4.48043
4.22399
4.18221
4.52622
4.55417
4.34826
4.12756
4.51168
4.7218
4.16278
4.54747
4.68539
4.72451
4.70218
4.74074
5.10878
4.94634
4.72656
4.57701
4.99336
4.72482
4.51727
4.61734
4.87949
5.24505
5.03735
4.8479
4.88833
5.29554
5.25597
4.9269
4.67865
4.60371
4.31566
5.02078
4.95915
