8.40017
7.61825
6.73844
6.05821
5.4511
4.99351
4.60361
4.21347
3.89145
3.65238
3.37731
3.06081
2.80573
2.59202
2.41701
2.27419
2.14751
2.07224
1.94753
1.8269
1.71724
1.59976
1.51095
1.44957
1.40119
1.34704
1.27851
1.22243
1.19129
1.16202
1.14717
1.13163
1.12327
1.11721
1.09728
1.10312
1.09432
1.08907
1.07207
1.08482
1.06545
1.06027
1.05375
1.05237
1.0371
1.03573
1.03122
1.01324
1.01729
1.00897
1.02112
1.03401
1.04197
1.02275
1.00974
1.01747
1.00931
1.01388
1.00208
1.00076
1.00262
0.999617
0.991829
0.998592
1.01184
1.00123
1.00465
1.00014
1.01084
1.0108
1.0072
1.01048
1.009
1.00992
0.999831
0.988577
0.970137
0.972376
0.972768
0.965827
0.964906
0.97016
0.978532
0.968768
0.956561
0.961013
0.965744
0.970313
0.964927
0.965829
0.968888
0.971786
0.974114
0.965014
0.971198
0.973567
0.971312
0.96386
0.966584
0.960729
0.971492
0.963622
0.960048
0.956545
0.956007
0.957103
0.959323
0.964041
0.965783
0.961996
0.972472
0.963519
0.961012
0.966535
0.977763
0.965754
0.963556
0.963807
0.971046
0.978579
0.986123
0.96852
0.981636
0.972813
0.971652
0.970239
0.9641
0.962727
0.961638
0.966763
0.956167
0.956233
0.963776
0.976998
0.967268
0.977555
0.977099
0.981312
0.976852
0.966006
0.967102
0.970118
0.963179
0.962202
0.961201
0.972542
0.975151
0.965447
0.977311
0.964962
0.961902
0.973306
0.969752
0.973202
0.984849
0.965284
0.979506
0.9677
0.956963
0.968854
0.972615
0.986692
0.971408
0.974718
0.965817
0.970329
0.971524
0.964854
0.961054
0.96909
0.962915
0.958182
0.959894
0.966632
0.974831
0.97146
0.972631
0.97557
0.984235
0.993718
0.974026
0.968573
0.990498
0.975734
0.966451
0.966415
0.961495
0.968328
0.982666
0.991019
0.987418
0.984132
0.983024
0.97393
0.965201
0.966507
0.992473
0.987181
0.981069
0.978384
0.971676
0.968586
0.970116
0.964249
0.963201
0.969374
0.971852
0.97402
0.972459
0.956736
0.958582
0.970382
0.961821
0.962568
0.970727
0.970769
0.965376
0.959884
0.958778
0.958627
0.967825
0.975902
0.97603
0.961745
0.958569
0.961094
0.967322
0.961906
0.978702
0.967929
0.961964
0.966303
0.965939
0.959919
0.966685
0.972451
0.96921
0.976551
0.965644
0.970633
0.96669
0.975723
0.978913
0.971569
0.96237
0.95838
0.958952
0.964669
0.968852
0.961925
0.969632
0.972267
0.968203
0.961003
0.96173
0.968756
0.966705
0.974777
0.984096
0.969954
0.961933
0.965164
0.975874
0.974199
0.972212
0.9685
0.97224
0.974685
0.974439
0.975806
0.978496
0.97169
0.973425
0.97161
0.971433
0.963978
0.970427
0.973484
0.959984
0.961103
0.965104
0.968099
0.972294
0.968778
0.980042
0.973945
0.970702
0.961222
0.956997
0.971802
0.979258
0.980134
0.970983
0.96858
0.967907
0.967888
0.957498
0.966387
0.966207
0.966936
0.965822
0.960689
0.965886
0.95173
0.951625
0.953982
0.966175
0.979514
0.969871
0.968144
0.971803
0.982698
0.974377
0.970561
0.971701
0.964559
0.965575
0.957533
0.966951
0.968353
0.96566
0.974161
0.982955
0.969901
0.975831
0.978343
0.969276
0.974727
0.964206
0.971129
0.964674
0.97383
0.961639
0.966604
0.954712
0.959602
0.974839
0.97027
0.964303
0.969394
0.965993
0.982272
0.976179
0.976082
0.966127
0.975121
0.973458
0.976874
0.966397
0.977754
0.96897
0.967435
0.97062
0.986456
0.987039
0.983305
0.974754
0.982068
0.984811
0.980542
0.975732
0.971642
0.960697
0.973025
0.971153
0.968648
0.962044
0.973778
0.96911
0.966701
0.974404
0.96119
0.958233
0.954606
0.959475
0.956214
0.954441
0.954938
0.958808
0.957434
0.962841
0.958664
0.961375
0.964023
0.973747
0.973377
0.97044
0.97258
0.969941
0.959321
0.963397
0.963092
0.972629
0.975128
0.970958
0.969492
0.979977
0.970991
0.963055
0.962411
0.957475
0.962092
0.972455
0.964093
0.967982
0.972447
0.969001
0.979594
0.982132
0.978948
0.965609
0.987837
0.973466
0.971561
0.973305
0.976496
0.971349
0.966716
0.967854
0.957532
0.954619
0.96171
0.97122
0.977985
0.963922
0.968645
0.969094
0.965579
0.970222
0.97522
0.955752
0.955335
0.960882
0.964885
0.964585
0.968635
0.968083
0.984877
0.981242
0.986723
0.989683
0.975788
0.977952
0.976037
0.976216
0.97421
0.976857
0.966714
0.958203
0.954959
0.952855
0.960021
0.977428
0.981046
0.976339
0.971207
0.968659
0.969203
0.975158
0.974263
0.967665
0.969049
0.964029
0.95914
0.973064
0.96216
0.966959
0.966398
0.967053
0.971975
0.979416
0.97495
0.96773
0.969731
0.960717
0.959922
0.958352
0.957596
0.966993
0.974285
0.963237
0.958169
0.966269
0.966307
0.971547
0.977803
0.96981
0.960115
0.966705
0.963014
0.95973
0.958829
0.965508
0.967667
0.959932
0.975406
0.976505
0.979487
0.96644
0.957373
0.953241
0.953735
0.954035
0.967385
0.961842
0.959496
0.967791
0.967121
0.960607
0.976008
0.976838
0.980053
0.969476
0.96638
0.961333
0.967756
0.964964
0.957732
0.957034
0.958152
0.964631
0.97314
0.967862
0.968161
0.961927
0.956992
0.961467
0.979884
0.988838
1.00297
0.993434
0.983583
0.998916
0.993961
0.974315
0.967125
0.961683
0.964363
0.960579
0.964212
0.973407
0.972396
0.963797
0.960713
0.974562
0.983853
0.970172
0.984075
0.964948
0.969973
0.965352
0.960166
0.964851
0.958219
0.970845
0.971936
0.967061
0.962308
0.961564
0.968873
0.962196
0.969173
0.969842
0.968449
0.959226
0.963378
0.979276
0.975814
0.984455
0.975637
0.966088
0.978016
0.985716
0.980415
0.978306
0.978938
0.968656
0.968477
0.966114
0.970264
0.970548
0.97867
0.977659
0.970664
0.965361
0.961596
0.971361
0.976571
0.969859
0.988223
0.984354
0.969237
0.968619
0.964678
0.952706
0.963966
0.957232
0.952613
0.964924
0.979773
0.982492
0.984319
0.974797
0.9617
0.954672
0.968247
0.971838
0.969655
0.969179
0.961025
0.974477
0.971872
0.963566
0.968246
0.964993
0.963552
0.967619
0.964163
0.975058
0.967159
0.970777
0.968705
0.97358
0.972135
0.970391
0.965261
0.960752
0.968602
0.962805
0.957547
0.968448
0.975951
0.980356
0.985311
0.981742
0.980984
0.9794
0.975535
0.97332
0.966764
0.970393
0.97434
0.965611
0.970701
0.97088
0.96912
0.974904
0.972711
0.969788
0.96458
0.966382
0.96742
0.98483
0.986646
0.984298
0.96777
0.962681
0.979919
0.96176
0.967701
0.956012
0.953669
0.964236
0.958154
0.963419
0.971676
0.979267
0.969751
0.964434
0.969973
0.965806
0.958923
0.967662
0.96879
0.959262
0.955975
0.957681
0.969139
0.967392
0.974724
0.969728
0.962034
0.956334
0.957098
0.954205
0.966133
0.963635
0.96509
0.965371
0.964236
0.956948
0.961655
0.963362
0.971136
0.968519
0.968958
0.970036
0.967261
0.968206
0.963616
0.955824
0.965114
0.964643
0.968407
0.972627
0.966806
0.964693
0.971553
0.967599
0.963299
0.961339
0.96053
0.970114
0.966467
0.961662
0.975292
0.975645
0.977453
0.984288
0.967211
0.959891
0.96512
0.957813
0.964523
0.972641
0.973827
0.978642
0.973643
0.966791
0.963218
0.96357
0.963826
0.965675
0.963069
0.966306
0.965454
0.97917
0.97328
0.970887
0.983043
0.971243
0.968849
0.957763
0.964944
0.974108
0.967267
0.96164
0.964755
0.971377
0.964837
0.964455
0.979943
0.980676
0.97812
0.971352
0.975957
0.965768
0.960894
0.950745
0.940579
0.929627
0.92397
0.908762
0.911246
0.908449
0.902377
0.900848
0.909482
0.903016
0.906202
0.899391
0.897218
0.894476
0.899
0.908928
0.904137
0.902353
0.902116
0.903862
0.901626
0.898325
0.900976
0.903562
0.916976
0.906333
0.900462
0.895034
0.897358
0.898987
0.903251
0.900067
0.899071
0.908302
0.904305
0.910183
0.902627
0.897469
0.900299
0.899306
0.905383
0.899272
0.908425
0.898434
0.898138
0.897877
0.897757
0.897311
0.89727
0.894165
0.899776
0.899662
0.907278
0.904886
0.908598
0.914762
0.928563
0.910895
0.903088
0.910631
0.905493
0.909495
0.905643
0.907749
0.910056
0.903598
0.90141
0.906244
0.913192
0.904162
0.899635
0.894881
0.90146
0.906278
0.910804
0.921981
0.909819
0.900706
0.903009
0.903137
0.898325
0.899335
0.901192
0.900296
0.909803
0.906748
0.906515
0.902886
0.905243
0.91338
0.903177
0.90421
0.909181
0.900921
0.89987
0.895943
0.902614
0.908049
0.899487
0.900666
0.901367
0.903615
0.896783
0.896914
0.902036
0.893623
0.895894
0.900216
0.896661
0.895797
0.901851
0.909721
0.912467
0.905208
0.918818
0.902764
0.898935
0.898461
0.898643
0.901573
0.897236
0.914653
0.910408
0.912928
0.9038
0.903177
0.908215
0.89928
0.906705
0.897877
0.896928
0.891536
0.894512
0.894925
0.898787
0.909451
0.900885
0.909005
0.911134
0.90984
0.908612
0.909198
0.920734
0.915957
0.906955
0.908821
0.912908
0.904686
0.901178
0.903666
0.914223
0.917611
0.902336
0.904133
0.91588
0.910476
0.911365
0.919987
0.901669
0.905328
0.9139
0.910115
0.909246
0.911962
0.914026
0.917405
0.904036
0.900243
0.908597
0.911027
0.901274
0.896667
0.898733
0.897208
0.900239
0.902975
0.907231
0.920134
0.911554
0.902173
0.900357
0.904285
0.907034
0.905579
0.903423
0.904981
0.900689
0.901728
0.914881
0.9158
0.902848
0.89947
0.902627
0.901884
0.906656
0.912437
0.907667
0.908506
0.904085
0.907194
0.910832
0.912927
0.91576
0.905468
0.901878
0.897791
0.900052
0.912442
0.906486
0.913939
0.913629
0.902906
0.89544
0.89422
0.902925
0.904203
0.899327
0.900362
0.897765
0.90188
0.903138
0.900662
0.897824
0.898816
0.906501
0.910547
0.912748
0.908478
0.910458
0.910758
0.90464
0.912448
0.912113
0.903636
0.896232
0.8999
0.898191
0.899232
0.900999
0.897665
0.897569
