59.8799
54.3815
49.6137
45.5762
41.0528
37.8921
35.1941
31.7046
28.5783
26.0668
24.4415
23.8772
23.0581
22.6477
21.7206
21.3642
20.1776
18.4375
17.2624
16.373
15.377
14.9326
15.2356
15.0826
14.4923
14.6495
14.1008
13.7606
12.9506
12.3408
12.29
11.9291
11.4567
11.4089
10.8877
10.5866
10.0396
9.65717
9.27938
8.37455
8.44206
8.62218
8.17413
7.91056
7.83935
7.81322
7.56474
7.48701
7.25299
7.31786
7.1044
6.87134
6.74571
6.71204
6.52897
6.77349
6.83357
6.91882
6.80659
6.44931
6.69655
6.46438
6.63598
6.63881
6.57906
6.72007
6.70995
6.46345
6.76492
7.0472
6.99991
6.81723
6.36153
6.57986
6.65182
6.12082
6.14073
5.38727
4.65725
4.34532
4.50719
4.89968
4.86284
4.95759
4.73909
4.43676
4.52833
4.28152
4.60531
4.89055
4.79579
4.8948
4.79276
4.92384
5.03755
4.80154
4.77498
4.95493
4.89214
5.06927
4.82506
4.33414
4.84158
5.05589
4.76341
4.95815
4.51358
4.53298
4.60677
4.49061
4.40772
4.61252
4.72514
4.45451
4.46519
4.55535
4.9183
4.64923
4.32553
4.63921
5.05936
4.67019
4.37317
4.61064
4.18726
4.54152
4.68108
4.48609
4.45573
4.33677
4.51762
4.78934
4.78415
4.45188
4.67226
4.69298
4.41905
4.45287
4.51652
4.70091
4.69751
4.57239
4.42465
4.3604
4.59828
4.45099
4.8938
4.90393
5.28461
4.96451
5.17989
5.45084
5.01186
5.11277
4.52897
4.57865
4.51315
4.77419
4.73328
4.44635
4.61798
4.65633
4.77889
4.49703
4.57923
4.56848
4.57464
4.47889
4.46397
4.53874
4.57251
4.53223
4.61667
4.756
4.69383
4.66625
4.64143
4.60397
4.86231
4.82551
4.51204
4.64595
4.55578
5.01226
5.04125
5.14995
5.17726
5.15376
5.01557
5.19093
4.86288
4.61377
4.43325
4.53911
4.506
4.47132
4.46078
4.3844
4.63082
4.63909
4.59999
4.48907
4.27085
4.41906
4.40651
4.43721
4.68172
4.61986
4.65979
4.48004
4.8897
4.83652
4.75787
4.5736
4.76884
4.90858
4.81979
4.66497
4.40861
4.50363
4.57146
4.5739
4.47038
4.68786
4.72596
4.45737
4.33395
4.68796
4.92671
4.83124
4.94524
4.9351
4.31399
4.45882
4.7078
4.66936
4.75632
4.60497
4.60302
4.65647
4.83082
5.09654
4.74926
5.03266
4.95235
4.98548
4.89639
5.1134
5.29039
4.90889
4.82236
4.9101
4.82332
4.87496
4.62115
4.79378
4.58486
4.40303
4.57151
4.48236
4.80983
4.78417
4.46483
4.45913
4.44194
4.49404
4.42734
4.8673
4.23824
4.37219
4.5855
4.6093
4.62259
4.69655
4.5468
4.77249
4.9139
5.00149
4.96026
5.09979
4.632
4.8016
4.77052
4.92069
4.85687
4.93879
4.52052
4.7658
4.64472
4.75341
4.45249
4.70977
4.72534
4.95061
4.78072
4.69194
4.76563
4.43133
5.03163
5.17444
5.16199
4.86822
4.58572
4.48457
4.29267
4.53737
4.58534
4.61216
4.6926
4.7668
4.74221
4.79666
4.92531
4.75446
4.85072
4.63676
4.79944
4.91973
5.37051
4.57049
4.78456
4.46935
4.33889
4.47927
4.55471
4.55657
4.56056
4.24426
4.10049
4.6608
4.39998
4.80085
4.33872
4.34235
4.08061
4.14303
4.40189
4.49306
4.58247
4.57289
4.32737
4.38573
4.58234
4.8039
5.09572
4.63739
4.37799
4.3454
4.34035
4.42908
4.89895
5.06525
5.10349
5.20677
5.15244
5.02808
5.08255
4.76052
4.66982
4.55917
4.55352
4.37418
4.47598
4.44911
4.42265
4.50658
4.57221
4.54868
4.6209
4.45725
4.59327
4.25474
4.82859
4.53859
4.83596
4.77769
4.72651
4.74985
4.8064
4.8529
4.59071
4.88814
4.9919
5.1459
4.68479
4.66791
4.65913
4.82482
4.8217
4.7357
4.7392
4.52731
4.31447
4.35795
4.73116
4.91508
4.64034
4.56848
4.5249
4.63692
4.3907
4.7767
4.587
4.94849
4.98753
4.87675
4.81688
4.6136
4.82078
4.27719
4.32238
4.47574
4.49857
4.87798
4.7304
4.62998
4.63151
4.47126
4.66755
5.21793
4.76684
4.75793
4.52344
4.00226
4.09906
4.56765
4.55064
5.22984
4.78365
4.55917
4.82145
4.85147
4.55797
4.50918
4.15085
4.40603
4.40965
4.42109
4.33863
4.96811
4.66854
4.38526
4.58963
4.71367
4.74758
4.825
4.83358
4.90649
4.92181
5.06487
5.11164
4.8398
4.69624
4.64306
4.78082
4.82134
5.22243
4.80839
4.69032
5.01463
4.51266
4.53941
4.58298
4.49076
4.74221
4.47054
4.34876
4.89099
5.17067
4.91521
4.92623
4.94502
4.48113
4.88571
5.13001
5.03695
5.08437
4.82277
4.9902
5.0229
5.11498
4.475
4.49159
4.62131
4.76125
4.87592
4.83781
4.48176
4.60634
4.51839
4.68025
4.55633
4.75139
4.76822
4.57589
4.40938
4.50013
4.48277
4.24685
4.6211
4.74996
4.62637
4.59085
4.36513
4.24979
4.48081
4.4493
4.84982
4.63484
4.55982
4.52918
4.9188
4.46276
4.73183
4.702
5.08618
5.0463
5.06756
5.09916
4.49583
4.8678
4.59659
4.42621
4.35079
4.26222
4.46764
4.49264
5.28046
4.96756
4.90428
4.76862
4.72338
4.52729
4.75811
4.6605
4.95818
4.38085
4.62993
4.71932
4.29964
4.76615
4.94181
4.73031
4.5754
4.46196
4.77773
4.97139
5.30087
5.33074
5.42401
5.57668
5.38924
5.68456
5.14341
5.01629
4.99089
4.52696
4.80982
4.73254
4.7765
4.71292
4.69767
4.70154
4.53745
4.48049
4.98303
4.87954
4.86227
4.84858
4.34257
4.73042
4.71809
4.93171
5.07612
4.69201
4.86218
4.89571
4.69203
4.76288
4.9257
5.00118
4.87812
5.04666
5.19424
4.99881
5.49227
5.17162
4.79391
4.80939
4.90639
4.80045
4.77003
4.63583
4.71405
4.99447
4.68757
4.58702
4.93998
4.77886
4.5413
4.61656
5.07451
4.77687
4.43059
4.52327
4.54069
4.75352
4.77399
4.54811
4.63899
4.62926
4.9954
4.7032
4.47928
4.31717
4.75877
4.65945
4.53332
4.57579
4.6712
4.4683
4.39644
4.14614
4.41475
4.45886
4.27696
4.79486
4.25929
4.33346
4.78965
4.57135
4.5936
4.56924
4.5683
4.4286
4.66571
4.8733
5.08083
4.73577
4.53854
4.55914
4.66941
4.70364
4.78862
5.14733
5.04799
4.65436
4.34418
4.3268
4.44616
4.79397
4.55858
4.51939
4.74736
4.32619
4.36471
4.34038
4.28441
4.3803
4.71073
4.32331
5.02475
5.15727
4.6059
4.62732
4.84945
5.0381
4.92121
4.66503
4.33645
4.50835
4.46217
4.73663
4.70161
4.67633
4.5396
4.48627
4.93926
4.87606
4.99795
4.81729
4.74723
4.56802
4.51965
4.40251
4.38183
4.57792
4.68405
4.93396
4.8756
5.19802
5.17454
5.59221
5.54448
4.73416
4.76588
4.61387
4.56095
4.5777
4.59978
4.66307
4.5532
4.54778
4.45016
4.32437
4.39156
4.33805
4.28765
4.3178
4.27161
4.38324
4.23876
4.3304
4.45575
4.12373
4.29723
4.33094
4.76916
4.53658
4.5535
4.68277
4.51483
4.95924
5.05346
4.96294
4.57503
4.65536
4.38392
4.62329
4.22014
4.32524
4.85811
4.72813
5.09159
4.9749
4.87374
4.50236
4.52598
4.82444
4.91282
4.82712
4.57327
4.56555
4.80679
5.01434
5.32264
4.98993
4.70552
4.649
4.8025
4.6904
4.78224
5.0067
5.25559
5.06718
4.74074
4.47184
4.7206
4.53145
4.70144
4.70306
4.46516
4.76661
5.0179
4.90774
4.59374
4.72664
5.16062
5.36883
5.41598
5.00172
4.79232
5.07138
4.87412
4.91082
4.97445
4.91278
5.02755
4.84766
4.44178
4.25173
4.67639
4.53527
4.88898
4.83888
5.08385
4.69905
5.23921
5.10411
4.71667
4.50273
4.42667
4.53671
4.8165
4.78778
4.83442
4.83044
4.78541
4.83812
4.58387
4.58952
4.472
4.23054
4.50527
4.84332
4.96116
4.80287
4.20171
4.38438
4.26113
4.81405
4.52694
4.531
4.89505
4.70843
4.64369
4.93039
4.75708
4.51111
4.37984
4.6762
4.31126
4.46537
4.14438
4.51492
4.41532
4.42467
4.01179
3.98433
4.03638
3.86811
3.92863
4.12068
4.06419
4.51302
4.67689
4.87574
4.59103
5.13901
4.77538
4.63234
4.63629
4.69564
4.30746
4.84429
4.61586
4.57142
4.91582
4.97111
5.34685
4.71096
4.60556
4.62419
4.51288
4.26754
4.66753
5.06815
4.96335
4.90488
5.0449
4.83601
5.0384
4.73745
4.52381
4.48753
4.35445
4.38717
4.57801
4.70693
4.53937
4.66557
4.81272
4.41695
4.63102
4.37306
4.06319
4.0301
4.28441
4.14254
4.5956
4.90928
4.97014
4.74968
4.73154
4.98746
5.14051
4.94987
4.96219
5.01221
4.62629
4.80392
4.86728
4.5374
4.92586
5.2778
4.57088
4.46607
4.48469
4.45012
4.5459
4.78977
4.76021
4.59874
4.63965
4.87179
4.82191
4.56022
4.53712
4.44022
4.19046
4.46995
4.49867
4.61574
4.29187
4.6971
5.02791
4.52875
4.58931
4.61218
4.76228
4.71444
4.72992
4.59484
4.72072
4.92886
4.8512
4.6372
4.24395
4.55201
4.70296
4.88068
5.43343
5.31623
5.30803
5.16958
5.00215
4.73361
4.61984
4.65981
4.77198
4.60676
4.65768
4.98861
4.66012
4.97805
4.74972
4.87268
4.80399
4.59486
4.27234
4.60516
4.66658
4.70275
4.71131
4.8722
4.71949
4.70853
4.87885
4.4597
4.52568
4.32194
4.32127
4.26855
4.19995
4.74475
4.64232
4.38323
4.52066
4.48699
4.72888
5.00006
4.93921
5.19471
5.10868
5.34926
5.04691
4.75461
4.46127
4.47728
4.59384
4.57247
4.64767
4.93817
4.86538
4.6761
4.59335
5.02966
5.37446
5.28288
5.12793
4.88939
4.73972
4.95512
4.80177
4.77831
4.92339
4.48614
4.56583
4.86842
4.53335
