8.4081
7.50026
6.68566
5.99591
5.34174
4.91458
4.51535
4.23336
3.924
3.70617
3.399
3.14561
2.96011
2.71315
2.50817
2.33082
2.20289
2.08399
1.97503
1.83849
1.70165
1.60563
1.56446
1.50385
1.44774
1.38685
1.30161
1.24631
1.19389
1.1751
1.16371
1.15128
1.13152
1.13088
1.12137
1.10119
1.09337
1.08972
1.08396
1.08389
1.06359
1.0455
1.03821
1.03742
1.03695
1.02777
1.01207
1.01344
1.00516
1.00312
0.999124
1.0138
1.02046
1.01037
1.00758
1.01152
1.0111
1.00097
0.995381
0.993653
0.997146
0.998016
1.01186
1.00892
1.01744
1.01226
1.00407
1.00285
1.01069
1.00618
1.0054
1.00508
1.00833
1.00198
0.995313
0.998283
0.978454
0.979032
0.981845
0.975351
0.981263
0.969705
0.970577
0.980302
0.966627
0.978258
0.963653
0.971126
0.957969
0.967329
0.962072
0.968362
0.972705
0.966917
0.981686
0.980338
0.97267
0.964193
0.967146
0.968805
0.964731
0.960316
0.963923
0.962654
0.956112
0.965815
0.965967
0.971363
0.969432
0.967085
0.972487
0.966741
0.96444
0.963671
0.961806
0.957732
0.958216
0.963447
0.960198
0.965468
0.963551
0.960918
0.965092
0.970587
0.966751
0.98313
0.983381
0.981034
0.975591
0.967307
0.974387
0.973797
0.981399
0.986143
0.975987
0.988549
0.985643
0.984722
0.983468
0.980187
0.98486
0.983205
0.9791
0.970725
0.970695
0.961365
0.970744
0.977037
0.980022
0.979828
0.971869
0.975012
0.985328
0.996947
0.99152
0.975454
0.961531
0.953299
0.953532
0.956262
0.953947
0.957379
0.956156
0.96031
0.964797
0.966279
0.970439
0.965923
0.981477
0.979016
0.973883
0.974852
0.965333
0.973903
0.971366
0.970197
0.971523
0.98005
0.986286
0.980579
0.975245
0.975188
0.968904
0.960506
0.964534
0.959426
0.960614
0.964741
0.977129
0.977537
0.976201
0.975719
0.979272
0.974507
0.96465
0.960936
0.962757
0.987552
0.976574
0.968643
0.96875
0.962748
0.967343
0.975065
0.966896
0.976075
0.981125
0.982793
0.97348
0.973011
0.963344
0.959435
0.955419
0.961612
0.972664
0.961533
0.956467
0.971804
0.968266
0.956314
0.962501
0.958014
0.962321
0.960561
0.958997
0.954319
0.955753
0.955536
0.957051
0.961211
0.963582
0.963921
0.966247
0.975661
0.977763
0.974733
0.967737
0.961531
0.966302
0.978289
0.984247
0.973629
0.974841
0.964451
0.960213
0.963073
0.961914
0.962067
0.961055
0.965491
0.972182
0.963779
0.959513
0.966232
0.96807
0.972775
0.966345
0.980089
0.977519
0.980694
0.971707
0.974146
0.974114
0.979766
0.974756
0.964937
0.961348
0.962904
0.961736
0.962639
0.966721
0.963646
0.971817
0.973911
0.972414
0.973305
0.974266
0.979943
0.975602
0.97517
0.977509
0.975201
0.97529
0.968316
0.964931
0.96477
0.966807
0.976488
0.971325
0.967833
0.966562
0.969224
0.959057
0.964428
0.965565
0.967337
0.961398
0.954034
0.963894
0.964946
0.970786
0.966489
0.957586
0.955614
0.955261
0.959982
0.965335
0.967134
0.963015
0.964499
0.984061
0.973325
0.969557
0.958759
0.962253
0.96768
0.986511
0.967784
0.967162
0.968517
0.964922
0.960952
0.965551
0.964673
0.965015
0.962063
0.968874
0.973261
0.972163
0.98555
0.96939
0.983624
0.967276
0.98264
0.965209
0.973291
0.965171
0.966772
0.969582
0.961782
0.967033
0.961431
0.963143
0.959417
0.957876
0.973925
0.974126
0.972032
0.971626
0.968789
0.975748
0.967939
0.970791
0.97097
0.97152
0.967046
0.968289
0.959991
0.968326
0.972785
0.975674
0.972813
0.967074
0.96529
0.965053
0.963814
0.974761
0.979327
0.977826
0.965069
0.982616
0.986135
0.975378
0.971765
0.972186
0.966314
0.959856
0.957431
0.962539
0.965657
0.964111
0.957903
0.966938
0.958075
0.978499
0.970674
0.968261
0.972545
0.964419
0.95976
0.956762
0.958639
0.963612
0.966925
0.966075
0.968388
0.965687
0.982726
0.974177
0.959012
0.955796
0.955286
0.959726
0.967982
0.967478
0.977065
0.974322
0.969746
0.97318
0.979493
0.968553
0.972365
0.977168
0.985941
0.978929
0.962948
0.968815
0.962763
0.968787
0.965721
0.966422
0.973531
0.968835
0.978725
0.959911
0.962651
0.968519
0.966767
0.96554
0.969828
0.964942
0.964943
0.970895
0.959296
0.968565
0.972063
0.971288
0.977835
0.98152
0.982924
0.961197
0.970629
0.964877
0.96607
0.963479
0.972618
0.96018
0.960168
0.965536
0.97221
0.976327
0.974133
0.962017
0.962005
0.958834
0.952927
0.963591
0.956342
0.964235
0.958419
0.967148
0.973784
0.967215
0.982281
0.998223
0.989726
0.967523
0.956935
0.963052
0.974198
0.958201
0.965027
0.964924
0.966285
0.956807
0.956318
0.95951
0.953581
0.96284
0.971221
0.962638
0.955743
0.96435
0.972375
0.974334
0.967636
0.980681
0.966693
0.960323
0.962723
0.971343
0.975472
0.967476
0.965534
0.963383
0.969477
0.979789
0.985301
0.966983
0.966038
0.963808
0.953723
0.953861
0.963858
0.967799
0.97509
0.96919
0.97153
0.959009
0.966266
0.967917
0.975217
0.960533
0.965158
0.949631
0.959267
0.962129
0.978018
0.977184
0.966613
0.960395
0.970589
0.967917
0.970791
0.978539
0.97844
0.983727
0.986946
0.978968
0.982831
0.976425
0.983389
0.976494
0.962857
0.97309
0.968423
0.955992
0.973608
0.960065
0.959261
0.964836
0.966823
0.962122
0.953727
0.977132
0.977084
0.97977
0.976925
0.961387
0.965014
0.970905
0.967192
0.971838
0.977651
0.965217
0.969883
0.989703
0.986325
0.96887
0.966102
0.972348
0.960384
0.973245
0.968775
0.967273
0.96448
0.961795
0.958751
0.960127
0.961027
0.962116
0.967313
0.959096
0.971335
0.978624
0.96746
0.959028
0.964887
0.965504
0.976769
0.967194
0.969044
0.957026
0.962801
0.973496
0.976585
0.967039
0.970267
0.959722
0.958262
0.965728
0.962223
0.9602
0.961729
0.977704
0.973071
0.982589
0.969653
0.976122
0.972503
0.968809
0.966451
0.964058
0.963199
0.96943
0.969657
0.974911
0.976715
0.974199
0.969256
0.977128
0.977689
0.965743
0.962665
0.961542
0.960946
0.955478
0.958626
0.972502
0.968283
0.979775
0.985378
0.994571
0.994755
0.976092
0.967127
0.958419
0.96584
0.963703
0.957362
0.969418
0.966888
0.963447
0.96571
0.980038
0.974485
0.974336
0.985567
0.969386
0.98261
0.974569
0.966857
0.98396
0.982715
0.989441
0.978459
0.972124
0.981205
0.96641
0.964235
0.969043
0.973629
0.962477
0.961436
0.965847
0.966981
0.975253
0.971723
0.961796
0.969483
0.967762
0.970628
0.970964
0.97132
0.983045
0.967239
0.959521
0.96816
0.962281
0.963814
0.969112
0.969814
0.977731
0.977197
0.976851
0.965991
0.979227
0.981774
0.971541
0.970201
0.968247
0.955472
0.963474
0.966653
0.965117
0.967354
0.972042
0.964918
0.974198
0.980957
0.971426
0.977235
0.972584
0.965835
0.972689
0.967847
0.968008
0.959464
0.964066
0.965111
0.956831
0.973745
0.975022
0.972232
0.970464
0.970298
0.980944
0.986852
0.971569
0.975862
0.97046
0.960883
0.963747
0.961326
0.960371
0.967114
0.964204
0.964276
0.968817
0.977429
0.964524
0.962941
0.962604
0.959514
0.971985
0.976409
0.987852
0.983291
0.969106
0.965279
0.966179
0.972877
0.967935
0.963142
0.959407
0.957739
0.968347
0.972809
0.973899
0.977195
0.969362
0.976869
0.962034
0.959634
0.964418
0.964576
0.965048
0.960316
0.957238
0.966964
0.970454
0.977902
0.974618
0.974516
0.982417
0.975911
0.968434
0.958668
0.955267
0.924682
0.941673
0.932026
0.910626
0.919027
0.908474
0.90274
0.900544
0.912889
0.908799
0.916004
0.905461
0.911369
0.907807
0.899956
0.896295
0.899848
0.900479
0.89782
0.898591
0.902627
0.903768
0.898819
0.906865
0.899228
0.897847
0.900923
0.901083
0.900688
0.906288
0.904819
0.907276
0.900516
0.900794
0.911848
0.912929
0.910981
0.900169
0.904479
0.899052
0.901274
0.910797
0.921845
0.920611
0.927057
0.908673
0.912696
0.917505
0.919508
0.912464
0.911859
0.899953
0.901098
0.904029
0.906434
0.915091
0.907247
0.917267
0.913346
0.91136
0.909582
0.901287
0.89907
0.899321
0.904235
0.911592
0.914621
0.911994
0.91637
0.907433
0.908443
0.904107
0.903148
0.906755
0.90235
0.910205
0.90334
0.90715
0.903239
0.896704
0.898753
0.898357
0.896433
0.897101
0.905763
0.909017
0.906524
0.912604
0.905844
0.90315
0.918114
0.918068
0.917751
0.912183
0.906587
0.897359
0.90084
0.904466
0.909739
0.904904
0.905659
0.906616
0.900746
0.89981
0.901182
0.901347
0.911446
0.912937
0.905368
0.89517
0.897698
0.898311
0.917439
0.915216
0.903629
0.906379
0.895353
0.901426
0.90804
0.906251
0.918075
0.915582
0.918013
0.91331
0.911324
0.905363
0.91384
0.909275
0.911953
0.904033
0.901505
0.898463
0.902285
0.897581
0.898253
0.897793
0.897381
0.903601
0.897476
0.906996
0.912402
0.903578
0.900909
0.900822
0.896871
0.894833
0.899024
0.896793
0.898636
0.903032
0.906129
0.908196
0.901113
0.897605
0.911245
0.908416
0.910777
0.902788
0.898347
0.903066
0.90658
0.906734
0.905254
0.902358
0.896116
0.909273
0.906594
0.904667
0.916421
0.914741
0.901892
0.902996
0.901912
0.899582
0.896154
0.899904
0.908384
0.919362
0.913922
0.912092
0.914398
0.909465
0.918745
0.921976
0.921115
0.90811
0.900146
0.907005
0.905825
0.90059
0.906087
0.897717
0.899286
0.894774
0.898364
0.902368
0.899328
0.904857
0.898091
0.896126
0.900995
0.899316
0.909791
0.905825
0.905546
0.904138
0.908149
0.905909
0.900551
0.907936
0.905861
0.901192
0.905105
0.900214
0.903657
0.895058
0.895635
0.907304
0.896876
0.897939
0.897429
0.897875
0.904449
0.910793
0.921144
0.908786
0.91535
0.914115
0.907644
0.900568
0.899274
0.896292
0.901083
0.90631
0.909476
0.902229
0.896609
0.90536
0.912049
0.911657
0.902919
