43.3507
37.0462
33.7121
32.1045
28.3108
24.2873
19.6886
18.7391
17.9314
17.3369
15.9986
14.8919
14.0551
12.4837
11.8776
11.4663
11.1566
10.7398
10.3285
10.0965
9.84024
9.4067
9.15353
8.9047
8.60883
8.60607
8.17253
7.87389
7.56638
7.20384
6.90797
6.28517
5.81326
5.51463
5.37971
5.15209
4.55483
4.48382
4.48382
4.2562
4.2562
4.13084
4.13084
4.00303
3.83221
3.7044
3.7044
3.47678
3.47678
3.47678
3.47678
3.47678
3.47678
3.47678
3.24915
3.24915
3.24915
3.24915
3.08544
3.08544
3.08544
3.08544
3.08544
3.08544
3.08544
3.08544
2.7158
2.7158
2.7158
2.65189
1.98362
1.756
1.45737
1.45737
1.45737
1.22974
1.22974
1.22974
1.22974
1.22974
1.22974
1.22974
1.22974
1.22974
1.22974
1.22974
1.22974
1.22974
1.22974
1.22974
1.22974
1.22974
1.22974
1.22974
1.22974
1.22974
1.22974
1.22974
1.22974
1.22974
1.22974
1.22974
1.22974
1.22974
1.22974
1.22974
1.22974
1.22974
1.22974
1.22974
1.22974
1.22974
1.22974
1.22974
1.22974
1.22974
1.22974
1.22974
1.22974
1.22974
1.22974
1.22974
1.22974
1.22974
1.22974
1.22974
1.22974
1.22974
1.22974
1.22974
1.22974
1.22974
1.22974
1.22974
1.22974
1.22974
1.22974
1.22974
1.22974
1.22974
1.22974
1.22974
1.22974
1.22974
1.22974
1.22974
1.22974
1.22974
1.22974
1.22974
1.22974
1.22974
1.22974
1.22974
1.22974
1.22974
1.22974
1.22974
1.22974
1.22974
1.22974
1.22974
1.22974
1.22974
1.22974
1.22974
1.22974
1.22974
1.22974
1.22974
1.22974
1.22974
1.22974
1.22974
1.22974
1.22974
1.22974
1.22974
1.22974
1.22974
1.22974
1.22974
1.22974
1.22974
1.22974
1.22974
1.22974
1.22974
1.22974
1.22974
1.22974
1.22974
1.22974
1.22974
1.22974
1.22974
1.22974
1.22974
1.22974
1.22974
1.22974
1.22974
1.22974
1.22974
1.22974
1.22974
1.22974
1.22974
1.22974
1.22974
1.22974
1.22974
1.22974
1.22974
1.22974
1.22974
1.22974
1.22974
1.22974
1.22974
1.22974
1.22974
1.22974
1.22974
1.22974
1.22974
1.22974
1.22974
1.22974
1.22974
1.22974
1.22974
1.22974
1.22974
1.22974
1.22974
1.22974
1.22974
1.22974
1.22974
1.22974
1.22974
1.22974
1.22974
1.22974
1.22974
1.22974
1.22974
1.22974
1.22974
1.22974
1.22974
1.22974
1.22974
1.22974
1.22974
1.22974
1.22974
1.22974
1.22974
1.22974
1.22974
1.22974
1.22974
1.22974
1.22974
1.22974
1.22974
1.22974
1.22974
1.22974
1.22974
1.22974
1.22974
1.22974
1.22974
1.22974
1.22974
1.22974
1.22974
1.22974
1.22974
1.22974
1.22974
1.22974
1.22974
1.22974
1.22974
1.22974
1.22974
1.22974
1.22974
1.22974
1.22974
1.22974
1.22974
1.22974
1.22974
1.22974
1.22974
1.22974
1.22974
1.22974
1.22974
1.22974
1.22974
1.22974
1.22974
1.22974
1.22974
1.22974
1.22974
1.22974
1.22974
1.22974
1.22974
1.22974
1.22974
1.22974
1.22974
1.22974
1.22974
1.22974
1.22974
1.22974
1.22974
1.22974
1.22974
1.22974
1.22974
1.22974
1.22974
1.22974
1.22974
1.22974
1.22974
1.22974
1.22974
1.22974
1.22974
1.22974
1.22974
1.22974
1.22974
1.22974
1.22974
1.22974
1.22974
1.22974
1.22974
1.22974
1.22974
1.22974
1.22974
1.22974
1.22974
1.22974
1.22974
1.22974
1.22974
1.22974
1.22974
1.22974
1.22974
1.22974
1.22974
1.22974
1.22974
1.22974
1.22974
1.22974
1.22974
1.22974
1.22974
1.22974
1.22974
1.22974
1.22974
1.22974
1.22974
1.22974
1.22974
1.22974
1.22974
1.22974
1.22974
1.22974
1.22974
1.22974
1.22974
1.22974
1.22974
1.22974
1.22974
1.22974
1.22974
1.22974
1.22974
1.22974
1.22974
1.22974
1.22974
1.22974
1.22974
1.22974
1.22974
1.22974
1.22974
1.22974
1.22974
1.22974
1.22974
1.22974
1.22974
1.22974
1.22974
1.22974
1.22974
1.22974
1.22974
1.22974
1.22974
1.22974
1.22974
1.22974
1.22974
1.22974
1.22974
1.22974
1.22974
1.22974
1.22974
1.22974
1.22974
1.22974
1.22974
1.22974
1.22974
1.22974
1.22974
1.22974
1.22974
1.22974
1.22974
1.22974
1.22974
1.22974
1.22974
1.22974
1.22974
1.22974
1.22974
1.22974
1.22974
1.22974
1.22974
1.22974
1.22974
1.22974
1.22974
1.22974
1.22974
1.22974
1.22974
1.22974
1.22974
1.22974
1.22974
1.22974
1.22974
1.22974
1.22974
1.22974
1.22974
1.22974
1.22974
1.22974
1.22974
1.22974
1.22974
1.22974
1.22974
1.22974
1.22974
1.22974
1.22974
1.22974
1.22974
1.22974
1.22974
1.22974
1.22974
1.22974
1.22974
1.22974
1.22974
1.22974
1.22974
1.22974
1.22974
1.22974
1.22974
1.22974
1.22974
1.22974
1.22974
1.22974
1.22974
1.22974
1.22974
1.22974
1.22974
1.22974
1.22974
1.22974
1.22974
1.22974
1.22974
1.22974
1.22974
1.22974
1.22974
1.22974
1.22974
1.22974
1.22974
1.22974
1.22974
1.22974
1.22974
1.22974
1.22974
1.22974
1.22974
1.22974
1.22974
1.22974
1.22974
1.22974
1.22974
1.22974
1.22974
1.22974
1.22974
1.22974
1.22974
1.22974
1.22974
1.22974
1.22974
1.22974
1.22974
1.22974
1.22974
1.22974
1.22974
1.22974
1.22974
1.22974
1.22974
1.22974
1.22974
1.22974
1.22974
1.22974
1.22974
1.22974
1.22974
1.22974
1.22974
1.22974
1.22974
1.22974
1.22974
1.22974
1.22974
1.22974
1.22974
1.22974
1.22974
1.22974
1.22974
1.22974
1.22974
1.22974
1.22974
1.22974
1.22974
1.22974
1.22974
1.22974
1.22974
1.22974
1.22974
1.22974
1.22974
1.22974
1.22974
1.22974
1.22974
1.22974
1.22974
1.22974
1.22974
1.22974
1.22974
1.22974
1.22974
1.22974
1.22974
1.22974
1.22974
1.22974
1.22974
1.22974
1.22974
1.22974
1.22974
1.22974
1.22974
1.22974
1.22974
1.22974
1.22974
1.22974
1.22974
1.22974
1.22974
1.22974
1.22974
1.22974
1.22974
1.22974
1.22974
1.22974
1.22974
1.22974
1.22974
1.22974
1.22974
1.22974
1.22974
1.22974
1.22974
1.22974
1.22974
1.22974
1.22974
1.22974
1.22974
1.22974
1.22974
1.22974
1.22974
1.22974
1.22974
1.22974
1.22974
1.22974
1.22974
1.22974
1.22974
1.22974
1.22974
1.22974
1.22974
1.22974
1.22974
1.22974
1.22974
1.22974
1.22974
1.22974
1.22974
1.22974
1.22974
1.22974
1.22974
1.22974
1.22974
1.22974
1.22974
1.22974
1.22974
1.22974
1.22974
1.22974
1.22974
1.22974
1.22974
1.22974
1.22974
1.22974
1.22974
1.22974
1.22974
1.22974
1.22974
1.22974
1.22974
1.22974
1.22974
1.22974
1.22974
1.22974
1.22974
1.22974
1.22974
1.22974
1.22974
1.22974
1.22974
1.22974
1.22974
1.22974
1.22974
1.22974
1.22974
1.22974
1.22974
1.22974
1.22974
1.22974
1.22974
1.22974
1.22974
1.22974
1.22974
1.22974
1.22974
1.22974
1.22974
1.22974
1.22974
1.22974
1.22974
1.22974
1.22974
1.22974
1.22974
1.22974
1.22974
1.22974
1.22974
1.22974
1.22974
1.22974
1.22974
1.22974
1.22974
1.22974
1.22974
1.22974
1.22974
1.22974
1.22974
1.22974
1.22974
1.22974
1.22974
1.22974
1.22974
1.22974
1.22974
1.22974
1.22974
1.22974
1.22974
1.22974
1.22974
1.22974
1.22974
1.22974
1.22974
1.22974
1.22974
1.22974
1.22974
1.22974
1.22974
1.22974
1.22974
1.22974
1.22974
1.22974
1.22974
1.22974
1.22974
1.22974
1.22974
1.22974
1.22974
1.22974
1.22974
1.22974
1.22974
1.22974
1.22974
1.22974
1.22974
1.22974
1.22974
1.22974
1.22974
1.22974
1.22974
1.22974
1.22974
1.22974
1.22974
1.22974
1.22974
1.22974
1.22974
1.22974
1.22974
1.22974
1.22974
1.22974
1.22974
1.22974
1.22974
1.22974
1.22974
1.22974
1.22974
1.22974
1.22974
1.22974
1.22974
1.22974
1.22974
1.22974
1.22974
1.22974
1.22974
1.22974
1.22974
1.22974
1.22974
1.22974
1.22974
1.22974
1.22974
1.22974
1.22974
1.22974
1.22974
1.22974
1.22974
1.22974
1.22974
1.22974
1.22974
1.22974
1.22974
1.22974
1.22974
1.22974
1.22974
1.22974
1.22974
1.22974
1.22974
1.22974
1.22974
1.22974
1.22974
1.22974
1.22974
1.22974
1.22974
1.22974
1.22974
1.22974
1.22974
1.22974
1.22974
1.22974
1.22974
1.22974
1.22974
1.22974
1.22974
1.22974
1.22974
1.22974
1.22974
1.22974
1.22974
1.22974
1.22974
1.22974
1.22974
1.22974
1.22974
1.22974
1.22974
1.22974
1.22974
1.22974
1.22974
1.22974
1.22974
1.22974
1.22974
1.22974
1.22974
1.22974
1.22974
1.22974
1.22974
1.22974
1.22974
1.22974
1.22974
1.22974
1.22974
1.22974
1.22974
1.22974
1.22974
1.22974
1.22974
1.22974
1.22974
1.22974
1.22974
1.22974
1.22974
1.22974
1.22974
1.22974
1.22974
1.22974
1.22974
1.22974
1.22974
1.22974
1.22974
1.22974
1.22974
1.22974
1.22974
1.22974
1.22974
1.22974
1.22974
1.22974
1.22974
1.22974
1.22974
1.22974
1.22974
1.22974
1.22974
1.22974
1.22974
1.22974
1.22974
1.22974
1.22974
1.22974
1.22974
1.22974
1.22974
1.22974
1.22974
1.22974
1.22974
1.22974
1.22974
1.22974
1.22974
1.22974
1.22974
1.22974
1.22974
1.22974
1.22974
1.22974
1.22974
1.22974
1.22974
1.22974
1.22974
1.22974
1.22974
1.22974
1.22974
1.22974
1.22974
1.22974
1.22974
1.22974
1.22974
1.22974
1.22974
1.22974
1.22974
