5.67993
5.10834
4.85794
4.11461
3.80496
3.58588
3.33309
2.91323
2.8109
2.39994
2.39994
2.22876
2.11459
1.93409
1.86705
1.69756
1.55761
1.52065
1.41621
1.34577
1.28421
1.28421
1.17074
1.17074
1.13804
1.13804
1.13804
1.09935
1.09935
1.08669
1.08669
1.0663
1.0663
1.0663
1.0663
1.04936
1.04936
1.0389
1.02195
1.02195
1.02003
1.02003
1.00609
0.991395
0.989481
0.989481
0.989481
0.989481
0.989481
0.989481
0.989481
0.989481
0.989481
0.989481
0.989481
0.989481
0.989481
0.989481
0.989481
0.989481
0.989481
0.989481
0.989481
0.989481
0.989481
0.989481
0.989481
0.989481
0.989481
0.989481
0.989481
0.989481
0.989481
0.947645
0.947645
0.947645
0.947645
0.947645
0.947645
0.947645
0.947645
0.947645
0.947645
0.947645
0.947645
0.947645
0.947645
0.947645
0.947645
0.947645
0.947645
0.947645
0.947645
0.947645
0.947645
0.947645
0.947645
0.947645
0.947645
0.947645
0.947645
0.947645
0.947645
0.947645
0.947645
0.947645
0.947645
0.947645
0.947645
0.947645
0.947645
0.947645
0.947645
0.947645
0.947645
0.947645
0.947645
0.947645
0.947645
0.947645
0.947645
0.947645
0.947645
0.947645
0.947645
0.947645
0.947645
0.947645
0.947645
0.947645
0.947645
0.947645
0.947645
0.947645
0.947645
0.947645
0.947645
0.947645
0.947645
0.947645
0.947645
0.947645
0.947645
0.947645
0.947645
0.947645
0.947645
0.947645
0.947645
0.947645
0.947645
0.947645
0.947645
0.947645
0.947645
0.947645
0.947645
0.947645
0.947645
0.947645
0.947645
0.947645
0.947645
0.947645
0.947645
0.947645
0.947645
0.947645
0.947645
0.947645
0.947645
0.947645
0.947645
0.947645
0.947645
0.947645
0.947645
0.947645
0.947645
0.947645
0.947645
0.947645
0.947645
0.947645
0.947645
0.947645
0.947645
0.947645
0.947645
0.947645
0.947645
0.947645
0.947645
0.947645
0.947645
0.947645
0.947645
0.947645
0.947645
0.947645
0.947645
0.947645
0.947645
0.947645
0.947645
0.947645
0.947645
0.947645
0.947645
0.947645
0.947645
0.947645
0.947645
0.947645
0.947645
0.947645
0.947645
0.947645
0.947645
0.947645
0.947645
0.947645
0.947645
0.947645
0.947645
0.947645
0.947645
0.947645
0.947645
0.947645
0.947645
0.947645
0.947645
0.947645
0.947645
0.947645
0.947645
0.947645
0.947645
0.947645
0.947645
0.947645
0.947645
0.947645
0.947645
0.947645
0.947645
0.947645
0.947645
0.947645
0.947645
0.947645
0.947645
0.947645
0.947645
0.947645
0.947645
0.947645
0.947645
0.947645
0.947645
0.947645
0.947645
0.947645
0.947645
0.947645
0.947645
0.947645
0.947645
0.947645
0.947645
0.947645
0.947645
0.947645
0.947645
0.947645
0.947645
0.947645
0.947645
0.947645
0.947645
0.947645
0.947645
0.947645
0.947645
0.947645
0.947645
0.947645
0.947645
0.947645
0.947645
0.947645
0.947645
0.947645
0.947645
0.947645
0.947645
0.947645
0.947645
0.947645
0.947645
0.947645
0.947645
0.947645
0.947645
0.947645
0.947645
0.947645
0.947645
0.947645
0.947645
0.947645
0.947645
0.947645
0.947645
0.947645
0.947645
0.947645
0.947645
0.947645
0.947645
0.947645
0.947645
0.947645
0.947645
0.947645
0.947645
0.947645
0.947645
0.947645
0.947645
0.947645
0.947645
0.947645
0.947645
0.947645
0.947645
0.947645
0.947645
0.947645
0.947645
0.947645
0.947645
0.947645
0.947645
0.947645
0.947645
0.947645
0.947645
0.947645
0.947645
0.947645
0.947645
0.947645
0.947645
0.947645
0.947645
0.947645
0.947645
0.947645
0.947645
0.947645
0.947645
0.947645
0.947645
0.947645
0.947645
0.947645
0.947645
0.947645
0.947645
0.947645
0.947645
0.947645
0.947645
0.947645
0.947645
0.947645
0.947645
0.947645
0.947645
0.947645
0.947645
0.947645
0.947645
0.947645
0.947645
0.947645
0.947645
0.947645
0.947645
0.947645
0.947645
0.947645
0.947645
0.947645
0.947645
0.947645
0.947645
0.947645
0.947645
0.947645
0.947645
0.947645
0.947645
0.947645
0.947645
0.947645
0.947645
0.947645
0.947645
0.947645
0.947645
0.947645
0.947645
0.947645
0.947645
0.947645
0.947645
0.947645
0.947645
0.947645
0.947645
0.947645
0.947645
0.947645
0.947645
0.947645
0.947645
0.947645
0.947645
0.947645
0.947645
0.947645
0.947645
0.947645
0.947645
0.947645
0.947645
0.947645
0.947645
0.947645
0.947645
0.947645
0.947645
0.947645
0.947645
0.947645
0.947645
0.947645
0.947645
0.947645
0.947645
0.947645
0.947645
0.947645
0.947645
0.947645
0.947645
0.947645
0.947645
0.947645
0.947645
0.947645
0.947645
0.947645
0.947645
0.947645
0.947645
0.947645
0.947645
0.947645
0.947645
0.947645
0.947645
0.947645
0.947645
0.947645
0.947645
0.947645
0.947645
0.947645
0.947645
0.947645
0.947645
0.947645
0.947645
0.947645
0.947645
0.947645
0.947645
0.947645
0.947645
0.947645
0.947645
0.947645
0.947645
0.947645
0.947645
0.947645
0.947645
0.947645
0.947645
0.947645
0.947645
0.947645
0.947645
0.947645
0.947645
0.947645
0.947645
0.947645
0.947645
0.947645
0.947645
0.947645
0.947645
0.947645
0.947645
0.947645
0.947645
0.947645
0.947645
0.947645
0.947645
0.947645
0.947645
0.947645
0.947645
0.947645
0.947645
0.947645
0.947645
0.947645
0.947645
0.947645
0.947645
0.947645
0.947645
0.947645
0.947645
0.947645
0.947645
0.947645
0.947645
0.947645
0.947645
0.947645
0.947645
0.947645
0.947645
0.947645
0.947645
0.947645
0.947645
0.947645
0.947645
0.947645
0.947645
0.947645
0.947645
0.947645
0.947645
0.947645
0.947645
0.947645
0.947645
0.947645
0.947645
0.947645
0.947645
0.947645
0.947645
0.947645
0.947645
0.947645
0.947645
0.947645
0.947645
0.947645
0.947645
0.947645
0.947645
0.947645
0.947645
0.947645
0.947645
0.947645
0.947645
0.947645
0.947645
0.947645
0.947645
0.947645
0.947645
0.947645
0.947645
0.947645
0.947645
0.947645
0.947645
0.947645
0.947645
0.947645
0.947645
0.947645
0.947645
0.947645
0.947645
0.947645
0.947645
0.947645
0.947645
0.947645
0.947645
0.947645
0.947645
0.947645
0.947645
0.947645
0.947645
0.947645
0.947645
0.947645
0.947645
0.947645
0.947645
0.947645
0.947645
0.947645
0.947645
0.947645
0.947645
0.947645
0.947645
0.947645
0.947645
0.947645
0.947645
0.947645
0.947645
0.947645
0.947645
0.947645
0.947645
0.947645
0.947645
0.947645
0.947645
0.947645
0.947645
0.947645
0.947645
0.947645
0.947645
0.947645
0.947645
0.947645
0.947645
0.947645
0.947645
0.947645
0.947645
0.947645
0.947645
0.947645
0.947645
0.947645
0.947645
0.947645
0.947645
0.947645
0.947645
0.947645
0.947645
0.947645
0.947645
0.947645
0.947645
0.947645
0.947645
0.947645
0.947645
0.947645
0.947645
0.947645
0.947645
0.947645
0.947645
0.947645
0.947645
0.947645
0.947645
0.947645
0.947645
0.947645
0.947645
0.947645
0.947645
0.947645
0.947645
0.947645
0.947645
0.947645
0.947645
0.947645
0.947645
0.947645
0.947645
0.947645
0.947645
0.947645
0.947645
0.947645
0.947645
0.947645
0.947645
0.947645
0.947645
0.947645
0.947645
0.947645
0.947645
0.947645
0.947645
0.947645
0.947645
0.947645
0.947645
0.947645
0.947645
0.947645
0.947645
0.947645
0.947645
0.947645
0.947645
0.947645
0.947645
0.947645
0.947645
0.947645
0.947645
0.947645
0.947645
0.947645
0.947645
0.947645
0.947645
0.947645
0.947645
0.94175
0.94175
0.935746
0.890556
0.890556
0.890556
0.890556
0.890556
0.890556
0.890556
0.890556
0.890556
0.890556
0.890556
0.890556
0.890556
0.890556
0.890556
0.890556
0.890556
0.890556
0.890556
0.890556
0.890556
0.890556
0.890556
0.890556
0.890556
0.890556
0.890556
0.890556
0.890556
0.890556
0.890556
0.890556
0.890556
0.890556
0.890556
0.890556
0.890556
0.890556
0.890556
0.890556
0.890556
0.890556
0.890556
0.890556
0.890556
0.890556
0.890556
0.890556
0.890556
0.890556
0.890556
0.890556
0.890556
0.890556
0.890556
0.890556
0.890556
0.890556
0.890556
0.890556
0.890556
0.890556
0.890556
0.890556
0.890556
0.890556
0.890556
0.890556
0.890556
0.890556
0.890556
0.890556
0.890556
0.890556
0.890556
0.890556
0.890556
0.890556
0.890556
0.890556
0.890556
0.890556
0.890556
0.890556
0.890556
0.890556
0.890556
0.890556
0.890556
0.890556
0.890556
0.890556
0.890556
0.890556
0.890556
0.890556
0.890556
0.890556
0.890556
0.890556
0.890556
0.890556
0.890556
0.890556
0.890556
0.890556
0.890556
0.890556
0.890556
0.890556
0.890556
0.890556
0.890556
0.890556
0.890556
0.890556
0.890556
0.890556
0.890556
0.890556
0.890556
0.890556
0.890556
0.890556
0.890556
0.890556
0.890556
0.890556
0.890556
0.890556
0.890556
0.890556
0.890556
0.890556
0.890556
0.890556
0.890556
0.890556
0.890556
0.890556
0.890556
0.890556
0.890556
0.890556
0.890556
0.890556
0.890556
0.890556
0.890556
0.890556
0.890556
0.890556
0.890556
0.890556
0.890556
0.890556
0.890556
0.890556
0.890556
0.890556
0.890556
0.890556
0.890556
0.890556
0.890556
0.890556
0.890556
0.890556
0.890556
0.890556
0.890556
0.890556
0.890556
0.890556
0.890556
0.890556
0.890556
0.890556
0.890556
0.890556
0.890556
0.890556
0.890556
0.890556
0.890556
0.890556
0.890556
0.890556
0.890556
0.890556
0.890556
0.890556
0.890556
0.890556
0.890556
0.890556
0.890556
0.890556
0.890556
0.890556
0.890556
0.890556
0.890556
0.890556
0.890556
0.890556
0.890556
0.890556
0.890556
0.890556
0.890556
0.890556
0.890556
0.890556
0.890556
0.890556
0.890556
0.890556
0.890556
0.890556
0.890556
0.890556
0.890556
0.890556
0.890556
0.890556
0.890556
0.890556
0.890556
0.890556
0.890556
0.890556
0.890556
0.890556
0.890556
0.890556
0.890556
0.890556
0.890556
0.890556
0.890556
0.890556
0.890556
0.890556
0.890556
0.890556
