0.260177 0.532535
0.160174 0.125925
0.123396 0.138513
0.2225 0.599643
0.556518 0.360097
0.284021 0.568412
0.317551 0.884453
0.378313 0.733625
0.472083 0.650249
0.807009 0.485307
0.363274 0.397242
0.413181 0.924483
0.847019 0.834466
0.861265 0.625556
0.195048 0.0414783
0.474368 0.326379
0.359969 0.636214
0.737835 0.0181668
0.281743 0.370804
0.19449 0.891662
0.940481 0.54957
0.524536 0.442183
0.490235 0.304132
0.983046 0.562698
0.325761 0.0180711
0.89039 0.635492
0.841146 0.683192
0.834633 0.100155
0.156252 0.712568
0.917482 0.515731
0.653718 0.659915
0.493135 0.191103
