104.67
108.12
96.42
84.64
90.76
76.08
91.86
86.7
113.46
119.32
73.9
101.68
101.14
112.48
99.66
76.12
116.26
102.2
118.76
119.86
128.96
109.46
92.82
127.04
102.46
83.52
90.58
104.62
118.52
89.1
103.52
97.2
87.04
110.04
121.4
110.14
111.76
108.26
106.68
95.52
121.02
92.36
109.58
115.96
85.88
115.3
95.08
80.72
89.16
117.22
105.46
99.54
94.88
76
89.18
113.2
81.66
98.76
83.62
117.04
91.9
95.96
95.36
91.98
112.08
106.6
106.36
85.66
103.2
105.06
102.76
127.74
94
117.54
92.44
109.62
108.22
114.26
85.34
104.8
100.04
85.38
97.3
126.86
118.24
108.4
117.76
109.6
92.08
78.62
117.28
96.76
84.52
82.2
79.28
103.44
88.9
97.3
102.64
127.04
