0
0.000991704
0.00124488
0.00300336
0.00274997
0.0026147
0.00347347
0.0030542
0.00273367
0.00340486
0.00331573
0.00303149
0.00281115
0.00260978
0.00244228
0.00305029
0.00286865
0.00270571
0.00258694
0.0024606
0.00234076
0.00227407
0.00228876
0.00225
0.00215964
0.00226354
0.00218366
0.00211328
0.0020395
0.00197041
0.00193267
0.0018763
0.00181881
0.00176501
0.00178254
0.00173617
0.00169023
0.0016539
0.00161557
0.00157616
0.00158127
0.00156953
0.00154293
0.00151119
0.00149618
0.00147026
0.00143941
0.00141464
0.00139204
0.00141736
0.00138946
0.00136789
0.00134937
0.00132878
0.001308
0.00128556
0.00129783
0.00130476
0.00128229
0.001261
0.00124866
0.00125192
0.00123363
0.00121585
0.00120051
0.00118603
0.00117355
0.0011979
0.00118924
0.00117288
0.00115604
0.00121778
0.00120191
0.00118541
0.00117
0.0011608
0.001147
0.00113987
0.0011256
0.00112619
0.00111479
0.0011278
0.0011144
0.00111622
0.001111
0.00109887
0.00109484
0.00108364
0.00107243
0.00106056
0.00105088
0.00104415
0.00103486
0.00102413
0.00101665
0.00100615
0.00100662
0.0010089
0.00102131
0.00101228
