0
0.0026839
0.00175874
0.00135032
0.00107528
0.0009826
0.000876684
0.000760144
0.000672599
0.000610775
0.000553118
0.000513138
0.000472037
0.000623704
0.000591027
0.000558508
0.000528965
0.000561913
0.000533912
0.000506682
0.000488424
0.000470755
0.000456282
0.000438633
0.000420955
0.000406858
0.000397225
0.000394789
0.000382841
0.000374878
0.000407422
0.000394698
0.000388126
0.000378135
0.000374549
0.000366901
0.000368289
0.000358535
0.000351179
0.000357333
0.000355926
0.000348068
0.000356578
0.00035153
0.000351103
0.000344562
0.000338621
0.000347227
0.000341467
0.000335056
0.000329321
0.000325264
0.000320658
0.000315245
0.000310429
0.00030487
0.000301268
0.000298655
0.000295349
0.000290427
0.000285642
0.000282981
0.000283008
0.000281148
0.000278512
0.000274645
0.000271428
0.000273123
0.000272807
0.00026896
0.000266546
0.000264004
0.000260978
0.000257431
0.000256288
0.000255608
0.000256286
0.00025302
0.000250596
0.000247474
0.000252093
0.00024921
0.000250569
0.00024762
0.000244923
0.000242056
0.000239279
0.000236535
0.000234026
0.000232854
0.000236913
0.00023615
0.000237392
0.000234869
0.000233054
0.000230998
0.000230213
0.000228278
0.000225978
0.000223775
