1000  3.13152  0
2000  3.22928  0.100806
3000  3.25145  0.0630824
4000  3.28767  0.0584944
5000  3.22997  0.0715942
6000  3.18359  0.0729072
7000  3.18085  0.0615727
8000  3.16957  0.0541263
9000  3.14173  0.0544187
10000  3.14268  0.0487123
11000  3.13629  0.0443441
12000  3.14191  0.0410145
13000  3.1477  0.0383088
14000  3.16075  0.0380858
15000  3.14729  0.0376206
16000  3.15499  0.0361948
17000  3.15087  0.0341588
18000  3.15753  0.0330217
19000  3.14917  0.0321682
20000  3.14663  0.0305736
21000  3.14717  0.0290961
22000  3.14645  0.0277386
23000  3.1458  0.0265022
24000  3.14658  0.0253984
25000  3.15126  0.0248797
26000  3.14491  0.0246371
27000  3.1449  0.023707
28000  3.14442  0.0228427
29000  3.13491  0.0238712
30000  3.13218  0.0231828
31000  3.13173  0.0224205
32000  3.13398  0.0218552
33000  3.13113  0.0213349
34000  3.12826  0.0208579
35000  3.12668  0.0202945
36000  3.12717  0.0197353
37000  3.12658  0.0191962
38000  3.12843  0.0187973
39000  3.13069  0.0184738
40000  3.12858  0.0181041
41000  3.12357  0.0182983
42000  3.125  0.0179307
43000  3.13031  0.0183553
44000  3.13242  0.0180808
45000  3.12674  0.0185002
46000  3.12599  0.0181003
47000  3.12569  0.0177102
48000  3.12649  0.0173646
49000  3.1238  0.0171884
50000  3.12461  0.016869
51000  3.1296  0.0173253
52000  3.12788  0.017057
53000  3.1266  0.0167676
54000  3.12717  0.0164702
55000  3.12547  0.0162394
56000  3.12744  0.016088
57000  3.12706  0.0158041
58000  3.12713  0.0155302
59000  3.12887  0.0153796
60000  3.12902  0.0151234
61000  3.12767  0.0149216
62000  3.13131  0.0151584
63000  3.13028  0.0149418
64000  3.12897  0.0147522
65000  3.13012  0.0145791
66000  3.12974  0.0143579
67000  3.13113  0.0142229
68000  3.12931  0.0141135
69000  3.13048  0.0139668
70000  3.13059  0.0137672
71000  3.13217  0.0136771
72000  3.1338  0.0135976
73000  3.13502  0.0134763
74000  3.13356  0.0133609
75000  3.13501  0.0132741
76000  3.13445  0.0131057
77000  3.13348  0.0129629
78000  3.13211  0.0128573
79000  3.13252  0.0127033
80000  3.133  0.0125565
81000  3.1333  0.0124066
82000  3.13168  0.012348
83000  3.13239  0.0122243
84000  3.13464  0.012303
85000  3.13522  0.0121757
86000  3.13724  0.0122164
87000  3.13694  0.0120765
88000  3.1345  0.0121677
89000  3.13424  0.012031
90000  3.13341  0.0119192
91000  3.1339  0.011801
92000  3.13309  0.0116939
93000  3.13216  0.0115981
94000  3.13208  0.0114737
95000  3.13194  0.0113522
96000  3.13295  0.0112866
97000  3.13456  0.0112958
98000  3.13266  0.011327
99000  3.13377  0.011275
100000  3.1346  0.0111983
