           1     1.00528     1.00528           0
           2     1.31372      1.1595     0.15422
           3     1.38577     1.23492    0.116691
           4     1.39057     1.27384   0.0912278
           5      1.4792     1.31491    0.081734
           6     1.49082     1.34423   0.0728917
           7     1.52308     1.36978   0.0666929
           8     1.33209     1.36507   0.0579495
           9     1.39834     1.36876   0.0512401
          10     1.50854     1.38274   0.0479148
           1     1.00528     1.00528           0
           2     1.31372      1.1595     0.15422
           3     1.38577     1.23492    0.116691
           4     1.39057     1.27384   0.0912278
           5      1.4792     1.31491    0.081734
           6     1.49082     1.34423   0.0728917
           7     1.52308     1.36978   0.0666929
           8     1.33209     1.36507   0.0579495
           9     1.39834     1.36876   0.0512401
          10     1.50854     1.38274   0.0479148
           1     1.00528     1.00528           0
           2     1.31372      1.1595     0.15422
           3     1.38577     1.23492    0.116691
           4     1.39057     1.27384   0.0912278
           5      1.4792     1.31491    0.081734
           6     1.49082     1.34423   0.0728917
           7     1.52308     1.36978   0.0666929
           8     1.33209     1.36507   0.0579495
           9     1.39834     1.36876   0.0512401
          10     1.50854     1.38274   0.0479148
           1     1.00528     1.00528           0
           2     1.31372      1.1595     0.15422
           3     1.38577     1.23492    0.116691
           4     1.39057     1.27384   0.0912278
           5      1.4792     1.31491    0.081734
           6     1.49082     1.34423   0.0728917
           7     1.52308     1.36978   0.0666929
           8     1.33209     1.36507   0.0579495
           9     1.39834     1.36876   0.0512401
          10     1.50854     1.38274   0.0479148
           1     1.00528     1.00528           0
           2     1.31372      1.1595     0.15422
           3     1.38577     1.23492    0.116691
           4     1.39057     1.27384   0.0912278
           5      1.4792     1.31491    0.081734
           6     1.49082     1.34423   0.0728917
           7     1.52308     1.36978   0.0666929
           8     1.33209     1.36507   0.0579495
           9     1.39834     1.36876   0.0512401
          10     1.50854     1.38274   0.0479148
           1     1.00528     1.00528           0
           2     1.31372      1.1595     0.15422
           1     1.00528     1.00528           0
           2     1.31372      1.1595     0.15422
           3     1.38577     1.23492    0.116691
           4     1.39057     1.27384   0.0912278
           5      1.4792     1.31491    0.081734
           6     1.49082     1.34423   0.0728917
           7     1.52308     1.36978   0.0666929
           8     1.33209     1.36507   0.0579495
           9     1.39834     1.36876   0.0512401
          10     1.50854     1.38274   0.0479148
           1   0.0504386   0.0504386           0
           2   0.0479411   0.0491898  0.00124875
           3   0.0499218   0.0494338 0.000761141
           4   0.0485285   0.0492075 0.000583858
           5   0.0479892   0.0489638 0.000513718
           6   0.0498635   0.0491138 0.000445447
           7   0.0484255   0.0490155   0.0003891
           8   0.0501462   0.0491568 0.000365413
           9   0.0488085   0.0491181 0.000324579
          10   0.0496999   0.0491763 0.000296085
           1   0.0504386   0.0504386           0
           2   0.0479411   0.0491898  0.00124875
           3   0.0499218   0.0494338 0.000761141
           4   0.0485285   0.0492075 0.000583858
           5   0.0479892   0.0489638 0.000513718
           6   0.0498635   0.0491138 0.000445447
           7   0.0484255   0.0490155   0.0003891
           8   0.0501462   0.0491568 0.000365413
           9   0.0488085   0.0491181 0.000324579
          10   0.0496999   0.0491763 0.000296085
           1   0.0504386   0.0504386           0
           2   0.0479411   0.0491898  0.00124875
           3   0.0499218   0.0494338 0.000761141
           4   0.0485285   0.0492075 0.000583858
           5   0.0479892   0.0489638 0.000513718
           6   0.0498635   0.0491138 0.000445447
           7   0.0484255   0.0490155   0.0003891
           8   0.0501462   0.0491568 0.000365413
           9   0.0488085   0.0491181 0.000324579
          10   0.0496999   0.0491763 0.000296085
           1   0.0504386   0.0504386           0
           2   0.0479411   0.0491898  0.00124875
           3   0.0499218   0.0494338 0.000761141
           4   0.0485285   0.0492075 0.000583858
           5   0.0479892   0.0489638 0.000513718
           6   0.0498635   0.0491138 0.000445447
           7   0.0484255   0.0490155   0.0003891
           8   0.0501462   0.0491568 0.000365413
           9   0.0488085   0.0491181 0.000324579
          10   0.0496999   0.0491763 0.000296085
           1   0.0495368   0.0495368           0
           2   0.0484843   0.0490105 0.000526228
           3   0.0479573   0.0486595 0.000464291
           4   0.0487177    0.048674 0.000328626
           5   0.0503501   0.0490092 0.000420908
           6   0.0492864   0.0490554 0.000346761
           7   0.0495038   0.0491195 0.000299986
           8   0.0484311   0.0490334 0.000273676
           9   0.0488752   0.0490158 0.000241999
          10   0.0484716   0.0489614 0.000223188
           1    0.049101    0.049101           0
           2   0.0491208   0.0491109 9.89922e-06
           3   0.0493722    0.049198  8.7266e-05
           1   0.0490598   0.0490598           0
           2   0.0486398   0.0488498 0.000210025
           3   0.0489989   0.0488995 0.000131051
           4   0.0481808   0.0487198 0.000202159
           1   0.0487864   0.0487864           0
           2   0.0488577   0.0488221 3.56829e-05
           3    0.048987    0.048877 5.87198e-05
           1   0.0488226   0.0488226           0
           2   0.0495041   0.0491633 0.000340773
           3   0.0489547   0.0490938 0.000208678
           1   0.0486832   0.0486832           0
           2   0.0492925   0.0489879 0.000304637
           3   0.0493513    0.049109 0.000213571
           4   0.0488612   0.0490471 0.000163235
           5   0.0493304   0.0491037 0.000138561
           1   0.0486784   0.0486784           0
           2   0.0488549   0.0487666 8.82128e-05
           3    0.048909   0.0488141 6.96117e-05
           4   0.0489193   0.0488404 5.58072e-05
           5   0.0491588   0.0489041 7.69616e-05
           1   0.0491956   0.0491956           0
           2   0.0490593   0.0491275 6.81368e-05
           1   0.0486832   0.0486832           0
           2   0.0492925   0.0489879 0.000304637
           3   0.0493513    0.049109 0.000213571
           4   0.0488612   0.0490471 0.000163235
           5   0.0493304   0.0491037 0.000138561
           6   0.0492045   0.0491205 0.000114374
           7   0.0487643   0.0490696 0.000109241
           1   0.0486906   0.0486906           0
           2   0.0498968   0.0492937 0.000603122
           3   0.0496256   0.0494043 0.000365363
           4   0.0485929   0.0492015 0.000328473
           5   0.0488077   0.0491227 0.000266346
           1   0.0486906   0.0486906           0
           2   0.0498968   0.0492937 0.000603122
           3   0.0496256   0.0494043 0.000365363
           4   0.0485929   0.0492015 0.000328473
           5   0.0488077   0.0491227 0.000266346
           6   0.0489753   0.0490982 0.000218855
           7   0.0490237   0.0490875 0.000185272
           8   0.0490263   0.0490799 0.000160633
           9   0.0491445    0.049087 0.000141847
          10   0.0495466    0.049133 0.000134939
           1   0.0486906   0.0486906           0
           2   0.0498968   0.0492937 0.000603122
           3   0.0496256   0.0494043 0.000365363
           4   0.0485929   0.0492015 0.000328473
           5   0.0488077   0.0491227 0.000266346
           6   0.0489753   0.0490982 0.000218855
           7   0.0490237   0.0490875 0.000185272
           8   0.0490263   0.0490799 0.000160633
           9   0.0491445    0.049087 0.000141847
          10   0.0495466    0.049133 0.000134939
           1   0.0486906   0.0486906           0
           2   0.0498968   0.0492937 0.000603122
           3   0.0496256   0.0494043 0.000365363
           4   0.0485929   0.0492015 0.000328473
           5   0.0488077   0.0491227 0.000266346
           6   0.0489753   0.0490982 0.000218855
           7   0.0490237   0.0490875 0.000185272
           8   0.0490263   0.0490799 0.000160633
           9   0.0491445    0.049087 0.000141847
          10   0.0495466    0.049133 0.000134939
           1   0.0486906   0.0486906           0
           2   0.0498968   0.0492937 0.000603122
           3   0.0496256   0.0494043 0.000365363
           4   0.0485929   0.0492015 0.000328473
           5   0.0488077   0.0491227 0.000266346
           6   0.0489753   0.0490982 0.000218855
           7   0.0490237   0.0490875 0.000185272
           8   0.0490263   0.0490799 0.000160633
           9   0.0491445    0.049087 0.000141847
          10   0.0495466    0.049133 0.000134939
           1   0.0486906   0.0486906           0
           2   0.0498968   0.0492937 0.000603122
           3   0.0496256   0.0494043 0.000365363
           4   0.0485929   0.0492015 0.000328473
           5   0.0488077   0.0491227 0.000266346
           6   0.0489753   0.0490982 0.000218855
           7   0.0490237   0.0490875 0.000185272
           8   0.0490263   0.0490799 0.000160633
           9   0.0491445    0.049087 0.000141847
          10   0.0495466    0.049133 0.000134939
           1    0.936149    0.936149           0
           2     1.49126      1.2137    0.277554
           3     1.50556     1.31099    0.187466
           1     1.12405     1.12405           0
           2     1.37425     1.24915    0.125098
           3      1.3319     1.27674   0.0773133
           4     1.34186     1.29302   0.0570416
           5     1.32555     1.29952   0.0446608
           6      1.3749     1.31209   0.0385687
           7     1.42544     1.32828   0.0363974
           8     1.28318     1.32264   0.0320212
           9     1.50287     1.34267   0.0346198
          10     1.43847     1.35225   0.0324129
           1     1.00528     1.00528           0
           2     1.31372      1.1595     0.15422
           3     1.38577     1.23492    0.116691
           4     1.39057     1.27384   0.0912278
           5      1.4792     1.31491    0.081734
           6     1.49082     1.34423   0.0728917
           7     1.52308     1.36978   0.0666929
           8     1.33209     1.36507   0.0579495
           9     1.39834     1.36876   0.0512401
          10     1.50854     1.38274   0.0479148
           1     7.39764     7.39764           0
           2     7.66707     7.53236    0.134714
           3     7.63737     7.56736   0.0852916
           4     7.49833      7.5501   0.0627312
           5      7.5799     7.55606   0.0489554
           6       7.496     7.54605   0.0412066
           7     7.55885     7.54788   0.0348739
           8     7.51532     7.54381   0.0304747
           9     7.59906     7.54995   0.0275683
          10     7.60008     7.55496   0.0251623
           1      7.4166      7.4166           0
           2     7.59708     7.50684   0.0902397
           3     7.48452      7.4994   0.0526283
           1      7.4166      7.4166           0
           2     7.59708     7.50684   0.0902397
           3     7.48452      7.4994   0.0526283
           4     7.58139      7.5199   0.0424857
           5     7.67823     7.55157   0.0456709
           6      7.5546     7.55207   0.0372935
           7     7.65636     7.56697   0.0348625
           8     7.45175     7.55257    0.033451
           9     7.48894      7.5455   0.0303363
          10     7.61059     7.55201   0.0279034
           1      7.4166      7.4166           0
           2     7.59708     7.50684   0.0902397
           3     7.48452      7.4994   0.0526283
           4     7.58139      7.5199   0.0424857
           5     7.67823     7.55157   0.0456709
           6      7.5546     7.55207   0.0372935
           7     7.65636     7.56697   0.0348625
           8     7.45175     7.55257    0.033451
           9     7.48894      7.5455   0.0303363
          10     7.61059     7.55201   0.0279034
          11     7.57364     7.55397   0.0253161
          12     7.64193      7.5613   0.0242449
          13     7.54138     7.55977   0.0223546
          14     7.67866     7.56826    0.022371
          15     7.61958     7.57168   0.0211053
          16     7.65922     7.57715   0.0204862
          17     7.63603     7.58062   0.0195526
          18     7.56674     7.57985   0.0184505
          19     7.60703     7.58128    0.017511
          20     7.61914     7.58317   0.0167199
          21     7.53858     7.58105   0.0160449
          22     7.49753     7.57725   0.0157622
          23     7.50528     7.57412   0.0153829
          24      7.5174     7.57176   0.0149164
          25     7.62412     7.57385   0.0144598
          26     7.59149     7.57453   0.0139091
          27     7.65439     7.57749   0.0137069
          28     7.60013      7.5783   0.0132331
          29     7.58765     7.57862   0.0127727
          30     7.47834     7.57528   0.0127843
          31     7.47044      7.5719   0.0128191
          32     7.40272     7.56661    0.013491
          33     7.47432     7.56381   0.0133715
          34     7.57528     7.56415   0.0129767
          35     7.62369     7.56585   0.0127147
          36      7.5857      7.5664   0.0123688
          37     7.59341     7.56713    0.012052
          38      7.7924     7.57306   0.0131434
          39     7.51582     7.57159   0.0128858
          40     7.67404     7.57415    0.012818
          41     7.58238     7.57436    0.012503
          42     7.67489     7.57675   0.0124343
          43     7.65968     7.57868   0.0122939
          44     7.56116     7.57828   0.0120179
          45     7.55115     7.57768   0.0117632
          46     7.53426     7.57673   0.0115433
          47     7.45583     7.57416   0.0115843
          48     7.66439     7.57604   0.0114951
          49     7.59262     7.57638   0.0112632
          50     7.64028     7.57766   0.0111093
          51     7.52647     7.57665   0.0109355
          52     7.69481     7.57893   0.0109612
          53      7.6499     7.58026   0.0108355
          54     7.61807     7.58096    0.010656
          55     7.53813     7.58019   0.0104894
          56     7.65748     7.58157   0.0103924
          57      7.5307     7.58067   0.0102474
          58     7.53368     7.57986   0.0101017
          59     7.53859     7.57916  0.00995366
          60     7.53611     7.57845  0.00981263
          61     7.56818     7.57828   0.0096519
          62     7.56443     7.57805  0.00949757
          63     7.65813     7.57933  0.00943164
          64     7.61111     7.57982  0.00929637
          65     7.56792     7.57964  0.00915407
          66      7.6027     7.57999  0.00902107
          67     7.61311     7.58048  0.00889915
          68     7.60832     7.58089  0.00877685
          69     7.67542     7.58226  0.00875654
          70     7.58397     7.58229  0.00863057
          71     7.57288     7.58215  0.00850918
          72     7.68526     7.58359  0.00851149
          73     7.58101     7.58355  0.00839416
          74     7.60201      7.5838  0.00828371
          75     7.60417     7.58407  0.00817702
          76     7.69444     7.58552  0.00819835
          77     7.46269     7.58393  0.00824694
          78     7.71493     7.58561  0.00831196
          79     7.58492      7.5856  0.00820608
          80      7.5299      7.5849  0.00813271
          81     7.52036     7.58411  0.00807111
          82     7.57765     7.58403  0.00797246
          83     7.64952     7.58482  0.00791526
          84     7.64079     7.58548  0.00784879
          85      7.5357      7.5849  0.00777798
          86     7.63536     7.58548  0.00770937
          87     7.57871     7.58541  0.00762064
          88     7.67044     7.58637  0.00759526
          89     7.59677     7.58649  0.00751034
          90       7.625     7.58692  0.00743874
          91     7.59778     7.58704  0.00735751
          92     7.60295     7.58721  0.00727915
          93     7.59949     7.58734  0.00720167
          94     7.64072     7.58791  0.00714724
          95     7.62948     7.58835  0.00708513
          96     7.61119     7.58859  0.00701498
          97     7.54301     7.58812  0.00695816
          98     7.47634     7.58698  0.00698059
          99      7.5276     7.58638   0.0069357
         100     7.70886      7.5876  0.00697439
