           1    -5.53981    -5.53981           0
           2    -5.47979     -5.5098   0.0300111
           3    -5.46378    -5.49446   0.0231418
           4    -5.46286    -5.48656   0.0181712
           5    -5.44762    -5.47877   0.0160865
           6    -5.44041    -5.47238    0.014608
           7    -5.44155    -5.46797   0.0131081
           8    -5.48247    -5.46979   0.0114957
           9    -5.45736     -5.4684   0.0102318
          10    -5.44838     -5.4664  0.00936806
           1    -5.53981    -5.53981           0
           2    -5.47979     -5.5098   0.0300111
           3    -5.46378    -5.49446   0.0231418
           4    -5.46286    -5.48656   0.0181712
           5    -5.44762    -5.47877   0.0160865
           6    -5.44041    -5.47238    0.014608
           7    -5.44155    -5.46797   0.0131081
           8    -5.48247    -5.46979   0.0114957
           9    -5.45736     -5.4684   0.0102318
          10    -5.44838     -5.4664  0.00936806
           1    -5.53981    -5.53981           0
           2    -5.47979     -5.5098   0.0300111
           3    -5.46378    -5.49446   0.0231418
           4    -5.46286    -5.48656   0.0181712
           5    -5.44762    -5.47877   0.0160865
           6    -5.44041    -5.47238    0.014608
           7    -5.44155    -5.46797   0.0131081
           8    -5.48247    -5.46979   0.0114957
           9    -5.45736     -5.4684   0.0102318
          10    -5.44838     -5.4664  0.00936806
           1    -5.53981    -5.53981           0
           2    -5.47979     -5.5098   0.0300111
           3    -5.46378    -5.49446   0.0231418
           4    -5.46286    -5.48656   0.0181712
           5    -5.44762    -5.47877   0.0160865
           6    -5.44041    -5.47238    0.014608
           7    -5.44155    -5.46797   0.0131081
           8    -5.48247    -5.46979   0.0114957
           9    -5.45736     -5.4684   0.0102318
          10    -5.44838     -5.4664  0.00936806
           1    -5.53981    -5.53981           0
           2    -5.47979     -5.5098   0.0300111
           3    -5.46378    -5.49446   0.0231418
           4    -5.46286    -5.48656   0.0181712
           5    -5.44762    -5.47877   0.0160865
           6    -5.44041    -5.47238    0.014608
           7    -5.44155    -5.46797   0.0131081
           8    -5.48247    -5.46979   0.0114957
           9    -5.45736     -5.4684   0.0102318
          10    -5.44838     -5.4664  0.00936806
           1    -5.53981    -5.53981           0
           2    -5.47979     -5.5098   0.0300111
           1    -5.53981    -5.53981           0
           2    -5.47979     -5.5098   0.0300111
           3    -5.46378    -5.49446   0.0231418
           4    -5.46286    -5.48656   0.0181712
           5    -5.44762    -5.47877   0.0160865
           6    -5.44041    -5.47238    0.014608
           7    -5.44155    -5.46797   0.0131081
           8    -5.48247    -5.46979   0.0114957
           9    -5.45736     -5.4684   0.0102318
          10    -5.44838     -5.4664  0.00936806
           1   -0.278555   -0.278555           0
           2   -0.405623   -0.342089   0.0635343
           3   -0.388913   -0.357697   0.0398641
           4   -0.436814   -0.377476   0.0344353
           5   -0.420488   -0.386079   0.0280263
           6   -0.419003   -0.391566   0.0235321
           7   -0.428501   -0.396843   0.0205763
           8   -0.421639   -0.399942   0.0180872
           9   -0.439268   -0.404312    0.016539
          10   -0.416827   -0.405563   0.0148458
           1   -0.278555   -0.278555           0
           2   -0.405623   -0.342089   0.0635343
           3   -0.388913   -0.357697   0.0398641
           4   -0.436814   -0.377476   0.0344353
           5   -0.420488   -0.386079   0.0280263
           6   -0.419003   -0.391566   0.0235321
           7   -0.428501   -0.396843   0.0205763
           8   -0.421639   -0.399942   0.0180872
           9   -0.439268   -0.404312    0.016539
          10   -0.416827   -0.405563   0.0148458
           1   -0.278555   -0.278555           0
           2   -0.405623   -0.342089   0.0635343
           3   -0.388913   -0.357697   0.0398641
           4   -0.436814   -0.377476   0.0344353
           5   -0.420488   -0.386079   0.0280263
           6   -0.419003   -0.391566   0.0235321
           7   -0.428501   -0.396843   0.0205763
           8   -0.421639   -0.399942   0.0180872
           9   -0.439268   -0.404312    0.016539
          10   -0.416827   -0.405563   0.0148458
           1   -0.278555   -0.278555           0
           2   -0.405623   -0.342089   0.0635343
           3   -0.388913   -0.357697   0.0398641
           4   -0.436814   -0.377476   0.0344353
           5   -0.420488   -0.386079   0.0280263
           6   -0.419003   -0.391566   0.0235321
           7   -0.428501   -0.396843   0.0205763
           8   -0.421639   -0.399942   0.0180872
           9   -0.439268   -0.404312    0.016539
          10   -0.416827   -0.405563   0.0148458
           1   -0.394375   -0.394375           0
           2   -0.418052   -0.406214   0.0118382
           3   -0.416744   -0.409724  0.00768352
           4   -0.414799   -0.410993  0.00557926
           5   -0.408743   -0.410543  0.00434503
           6   -0.417682   -0.411733  0.00374191
           7   -0.409429   -0.411404  0.00317957
           8   -0.432558   -0.414048  0.00381763
           9   -0.404897   -0.413031    0.003517
          10   -0.411837   -0.412912  0.00314796
           1   -0.405674   -0.405674           0
           2   -0.434356   -0.420015    0.014341
           3   -0.405958    -0.41533  0.00951373
           1   -0.414142   -0.414142           0
           2   -0.411179   -0.412661  0.00148161
           3    -0.41313   -0.412817 0.000869587
           4   -0.415208   -0.413415 0.000857522
           1   -0.416495   -0.416495           0
           2   -0.404411   -0.410453  0.00604193
           3   -0.420168   -0.413691  0.00475977
           1   -0.412646   -0.412646           0
           2   -0.411459   -0.412052 0.000593634
           3   -0.411863   -0.411989 0.000348499
           1   -0.419588   -0.419588           0
           2   -0.412487   -0.416038  0.00355079
           3   -0.412101   -0.414725  0.00243403
           4   -0.411665    -0.41396  0.00188349
           5   -0.410672   -0.413303  0.00160034
           1   -0.416573   -0.416573           0
           2   -0.413765   -0.415169  0.00140413
           3   -0.408748   -0.413029  0.00228893
           4   -0.416035    -0.41378   0.0017845
           5   -0.413363   -0.413697  0.00138479
           1   -0.407147   -0.407147           0
           2   -0.412656   -0.409902  0.00275406
           1   -0.419588   -0.419588           0
           2   -0.412487   -0.416038  0.00355079
           3   -0.412101   -0.414725  0.00243403
           4   -0.411665    -0.41396  0.00188349
           5   -0.410672   -0.413303  0.00160034
           6     -0.4205   -0.414502  0.00177384
           7   -0.414964   -0.414568  0.00150061
           1   -0.408602   -0.408602           0
           2   -0.403567   -0.406085  0.00251763
           3   -0.413858   -0.408676  0.00297099
           4   -0.413456   -0.409871  0.00241689
           5   -0.410679   -0.410033  0.00187909
           1   -0.408602   -0.408602           0
           2   -0.403567   -0.406085  0.00251763
           3   -0.413858   -0.408676  0.00297099
           4   -0.413456   -0.409871  0.00241689
           5   -0.410679   -0.410033  0.00187909
           6   -0.417266   -0.411238  0.00195126
           7    -0.41268   -0.411444  0.00166192
           8     -0.4117   -0.411476  0.00143962
           9   -0.414863   -0.411852  0.00132423
          10   -0.411441   -0.411811  0.00118514
           1   -0.408602   -0.408602           0
           2   -0.403567   -0.406085  0.00251763
           3   -0.413858   -0.408676  0.00297099
           4   -0.413456   -0.409871  0.00241689
           5   -0.410679   -0.410033  0.00187909
           6   -0.417266   -0.411238  0.00195126
           7    -0.41268   -0.411444  0.00166192
           8     -0.4117   -0.411476  0.00143962
           9   -0.414863   -0.411852  0.00132423
          10   -0.411441   -0.411811  0.00118514
           1   -0.408602   -0.408602           0
           2   -0.403567   -0.406085  0.00251763
           3   -0.413858   -0.408676  0.00297099
           4   -0.413456   -0.409871  0.00241689
           5   -0.410679   -0.410033  0.00187909
           6   -0.417266   -0.411238  0.00195126
           7    -0.41268   -0.411444  0.00166192
           8     -0.4117   -0.411476  0.00143962
           9   -0.414863   -0.411852  0.00132423
          10   -0.411441   -0.411811  0.00118514
           1   -0.408602   -0.408602           0
           2   -0.403567   -0.406085  0.00251763
           3   -0.413858   -0.408676  0.00297099
           4   -0.413456   -0.409871  0.00241689
           5   -0.410679   -0.410033  0.00187909
           6   -0.417266   -0.411238  0.00195126
           7    -0.41268   -0.411444  0.00166192
           8     -0.4117   -0.411476  0.00143962
           9   -0.414863   -0.411852  0.00132423
          10   -0.411441   -0.411811  0.00118514
           1   -0.408602   -0.408602           0
           2   -0.403567   -0.406085  0.00251763
           3   -0.413858   -0.408676  0.00297099
           4   -0.413456   -0.409871  0.00241689
           5   -0.410679   -0.410033  0.00187909
           6   -0.417266   -0.411238  0.00195126
           7    -0.41268   -0.411444  0.00166192
           8     -0.4117   -0.411476  0.00143962
           9   -0.414863   -0.411852  0.00132423
          10   -0.411441   -0.411811  0.00118514
           1    -5.54613    -5.54613           0
           2     -5.4385    -5.49232   0.0538167
           3    -5.44145    -5.47536   0.0353956
           1    -5.50704    -5.50704           0
           2    -5.46392    -5.48548   0.0215607
           3    -5.46873     -5.4799   0.0136433
           4    -5.47175    -5.47786   0.0098596
           5    -5.47771    -5.47783  0.00763727
           6    -5.46643    -5.47593  0.00651892
           7    -5.45961     -5.4736  0.00598255
           8    -5.48281    -5.47475  0.00530744
           9    -5.44229    -5.47114  0.00590884
          10    -5.44554    -5.46858   0.0058728
           1    -5.53981    -5.53981           0
           2    -5.47979     -5.5098   0.0300111
           3    -5.46378    -5.49446   0.0231418
           4    -5.46286    -5.48656   0.0181712
           5    -5.44762    -5.47877   0.0160865
           6    -5.44041    -5.47238    0.014608
           7    -5.44155    -5.46797   0.0131081
           8    -5.48247    -5.46979   0.0114957
           9    -5.45736     -5.4684   0.0102318
          10    -5.44838     -5.4664  0.00936806
           1    -7.58231    -7.58231           0
           2    -7.53249     -7.5574   0.0249079
           3     -7.5382      -7.551    0.015741
           4    -7.56463    -7.55441   0.0116406
           5     -7.5491    -7.55335  0.00907893
           6    -7.56488    -7.55527  0.00765803
           7    -7.55267     -7.5549  0.00648284
           8    -7.56084    -7.55564  0.00566332
           9    -7.54547    -7.55451  0.00512071
          10    -7.54534    -7.55359  0.00467098
           1    -7.57918    -7.57918           0
           2     -7.5462    -7.56269   0.0164877
           3     -7.5667    -7.56403  0.00961291
           1    -7.57918    -7.57918           0
           2     -7.5462    -7.56269   0.0164877
           3     -7.5667    -7.56403  0.00961291
           4    -7.54878    -7.56022  0.00779273
           5    -7.53076    -7.55432   0.0084351
           6    -7.55261    -7.55404  0.00689313
           7    -7.53528    -7.55136  0.00641268
           8    -7.57245    -7.55399  0.00614745
           9     -7.5665    -7.55538  0.00559682
          10    -7.54262    -7.55411  0.00516601
           1    -7.57918    -7.57918           0
           2     -7.5462    -7.56269   0.0164877
           3     -7.5667    -7.56403  0.00961291
           4    -7.54878    -7.56022  0.00779273
           5    -7.53076    -7.55432   0.0084351
           6    -7.55261    -7.55404  0.00689313
           7    -7.53528    -7.55136  0.00641268
           8    -7.57245    -7.55399  0.00614745
           9     -7.5665    -7.55538  0.00559682
          10    -7.54262    -7.55411  0.00516601
          11    -7.55057    -7.55379  0.00468388
          12    -7.53789    -7.55246  0.00447622
          13    -7.55575    -7.55271  0.00412528
          14    -7.53196    -7.55123  0.00409682
          15    -7.54274    -7.55067  0.00385577
          16     -7.5341    -7.54963  0.00375238
          17    -7.53927    -7.54902  0.00357705
          18    -7.55163    -7.54917  0.00337558
          19    -7.54347    -7.54887  0.00320702
          20    -7.54234    -7.54854  0.00305991
          21    -7.55732    -7.54896  0.00294041
          22    -7.56347    -7.54962  0.00288016
          23    -7.56261    -7.55018  0.00280942
          24    -7.55951    -7.55057  0.00271776
          25       -7.54    -7.55015  0.00264088
          26    -7.54741    -7.55004  0.00253947
          27    -7.53538     -7.5495  0.00250319
          28    -7.54635    -7.54939  0.00241476
          29    -7.54731    -7.54932  0.00233111
          30    -7.56773    -7.54993   0.0023342
          31    -7.56821    -7.55052  0.00233342
          32    -7.58076    -7.55146  0.00244904
          33    -7.56795    -7.55196  0.00242565
          34    -7.55008    -7.55191  0.00235388
          35    -7.54123     -7.5516  0.00230592
          36    -7.54758    -7.55149  0.00224373
          37    -7.54621    -7.55135  0.00218692
          38    -7.51131     -7.5503  0.00237511
          39    -7.56074    -7.55056  0.00232887
          40    -7.53211     -7.5501  0.00231633
          41    -7.54873    -7.55007  0.00225937
          42    -7.53238    -7.54965  0.00224479
          43    -7.53614    -7.54933  0.00221435
          44    -7.55269    -7.54941  0.00216478
          45    -7.55442    -7.54952  0.00211906
          46    -7.55717    -7.54969  0.00207914
          47    -7.57173    -7.55016  0.00208779
          48    -7.53457    -7.54983  0.00206945
          49    -7.54622    -7.54976  0.00202812
          50    -7.53855    -7.54953  0.00199976
          51    -7.55853    -7.54971  0.00196807
          52    -7.52859     -7.5493  0.00197212
          53    -7.53575    -7.54905  0.00195137
          54    -7.54239    -7.54892  0.00191886
          55    -7.55717    -7.54907   0.0018896
          56    -7.53462    -7.54882  0.00187341
          57    -7.55818    -7.54898  0.00184757
          58    -7.55634    -7.54911  0.00181987
          59    -7.55576    -7.54922  0.00179231
          60    -7.55829    -7.54937  0.00176865
          61    -7.55147    -7.54941  0.00173976
          62    -7.55113    -7.54943   0.0017117
          63    -7.53537    -7.54921  0.00169903
          64    -7.54338    -7.54912  0.00167475
          65    -7.54974    -7.54913  0.00164882
          66    -7.54612    -7.54908  0.00162428
          67    -7.54192    -7.54898  0.00160342
          68    -7.54419    -7.54891  0.00158123
          69    -7.53157    -7.54865  0.00157828
          70    -7.54882    -7.54866  0.00155557
          71    -7.55001    -7.54868  0.00153362
          72    -7.53082    -7.54843  0.00153237
          73    -7.54777    -7.54842  0.00151126
          74    -7.54552    -7.54838  0.00149121
          75    -7.54439    -7.54833  0.00147216
          76    -7.52814    -7.54806  0.00147674
          77    -7.57073    -7.54836  0.00148688
          78     -7.5243    -7.54805  0.00149973
          79    -7.54751    -7.54804  0.00148064
          80    -7.55819    -7.54817  0.00146751
          81     -7.5593     -7.5483  0.00145579
          82    -7.55007    -7.54833  0.00143809
          83    -7.53496    -7.54817  0.00142975
          84    -7.53795    -7.54804  0.00141785
          85    -7.55712    -7.54815  0.00140514
          86    -7.53812    -7.54803  0.00139359
          87    -7.54904    -7.54805  0.00137753
          88    -7.53241    -7.54787  0.00137333
          89     -7.5465    -7.54785   0.0013579
          90    -7.54195    -7.54779  0.00134433
          91    -7.54585    -7.54777  0.00132965
          92    -7.54403    -7.54772  0.00131574
          93    -7.54549     -7.5477  0.00130174
          94    -7.53765    -7.54759  0.00129225
          95    -7.53968    -7.54751  0.00128128
          96    -7.54361    -7.54747  0.00126852
          97    -7.55539    -7.54755  0.00125803
          98    -7.56762    -7.54776  0.00126186
          99    -7.55868    -7.54787  0.00125391
         100    -7.52568    -7.54764  0.00126098
