           1    0.872318    0.872318           0
           2    0.887403    0.879861   0.0075422
           3    0.907728     0.88915    0.010259
           4    0.916266    0.895929   0.0099288
           5    0.911835     0.89911  0.00832281
           6     0.88034    0.895982  0.00748102
           7    0.893876    0.895681  0.00632976
           8    0.899431     0.89615  0.00550174
           9    0.884966    0.894907  0.00500868
          10    0.884511    0.893868  0.00459895
          11    0.887023    0.893245  0.00420619
          12     0.92077    0.895539  0.00447264
          13    0.883399    0.894605  0.00421889
          14    0.889773     0.89426  0.00392115
          15    0.903045    0.894846  0.00369707
          16    0.857534    0.892514   0.0041711
          17    0.899865    0.892946  0.00394185
          18      0.9134    0.894082  0.00388625
          19    0.939054    0.896449  0.00437214
          20    0.806682    0.891961  0.00611144
           1     0.58228     0.58228           0
           2    0.710796    0.646538   0.0642578
           3    0.654973    0.649349   0.0372057
           4       0.645    0.648262   0.0263308
           5      0.6806     0.65473   0.0213967
           6    0.660203    0.655642   0.0174941
           7    0.688121    0.660282   0.0154962
           8     0.71334    0.666914   0.0149695
           9    0.674062    0.667708   0.0132257
          10    0.688474    0.669785   0.0120103
          11    0.708386    0.673294   0.0114164
          12    0.702579    0.675734   0.0107037
          13    0.640521    0.673026   0.0102117
          14    0.655292    0.671759  0.00953871
          15    0.714206    0.674589  0.00932004
          16    0.640408    0.672452  0.00897603
          17    0.652169    0.671259  0.00851552
          18    0.619471    0.668382  0.00852847
          19    0.684464    0.669229  0.00811141
          20    0.669717    0.669253   0.0076952
           1    0.479454    0.479454           0
           2    0.442912    0.461183   0.0182712
           3    0.414859    0.445741   0.0187006
           4    0.445504    0.445682   0.0132235
           5    0.446863    0.445918   0.0102456
           6     0.42387    0.442244  0.00913698
           7    0.429581    0.440435  0.00793119
           8    0.488032    0.446384  0.00908712
           9    0.442316    0.445932  0.00802682
          10    0.426016    0.443941  0.00745053
          11    0.481282    0.447335  0.00754596
          12    0.451518    0.447684   0.0068973
          13    0.461218    0.448725  0.00642944
          14    0.438298     0.44798  0.00599892
          15    0.454342    0.448404  0.00560077
          16    0.452067    0.448633  0.00524404
          17    0.434158    0.447782  0.00499897
          18    0.435296    0.447088  0.00476385
          19    0.457328    0.447627  0.00453827
          20    0.469991    0.448745  0.00444822
           1    0.300078    0.300078           0
           2     0.27078    0.285429   0.0146488
           3    0.266664    0.279174   0.0105192
           4    0.301093    0.284654  0.00923879
           5    0.288058    0.285335  0.00718866
           6    0.268724    0.282566  0.00648961
           7    0.302156    0.285365  0.00615746
           8    0.320994    0.289818  0.00694768
           9    0.263416    0.286885  0.00679337
          10    0.290826    0.287279  0.00608894
          11    0.297456    0.288204  0.00558482
          12    0.290363    0.288384  0.00510139
          13    0.305897    0.289731  0.00488214
          14    0.286528    0.289502  0.00452577
          15    0.286374    0.289294  0.00421842
          16    0.290733    0.289384    0.003947
          17    0.314031    0.290834  0.00398096
          18    0.301017    0.291399  0.00379568
          19    0.286494    0.291141  0.00359963
          20     0.31407    0.292288  0.00360221
           1    0.198099    0.198099           0
           2    0.196056    0.197078   0.0010216
           3    0.206189    0.200115  0.00309394
           4    0.202803    0.200787  0.00228866
           5    0.193894    0.199408  0.00224572
           6    0.205402    0.200407  0.00208811
           7     0.19879    0.200176  0.00177983
           8    0.204554    0.200724  0.00163563
           9    0.189501    0.199477  0.00190675
          10    0.197145    0.199243  0.00172132
          11    0.214266    0.200609  0.00207109
          12    0.203618     0.20086   0.0019072
          13      0.2039    0.201094  0.00176989
          14    0.207443    0.201547   0.0017002
          15    0.189208    0.200725  0.00178379
          16    0.202359    0.200827  0.00167171
          17    0.191023     0.20025  0.00167284
          18    0.198016    0.200126  0.00158204
          19    0.189271    0.199555  0.00160182
          20    0.220737    0.200614  0.00185228
           1     0.13913     0.13913           0
           2    0.141895    0.140512   0.0013826
           3    0.147627    0.142884  0.00250227
           4    0.149908     0.14464  0.00249295
           5    0.146326    0.144977  0.00196024
           6    0.138224    0.143852  0.00195665
           7    0.143013    0.143732    0.001658
           8    0.139762    0.143235   0.0015192
           9    0.146207    0.143566  0.00137988
          10    0.142689    0.143478  0.00123731
          11    0.167099    0.145625  0.00242151
          12    0.154508    0.146366  0.00233118
          13     0.14835    0.146518   0.0021498
          14    0.144793    0.146395  0.00199414
          15    0.136898    0.145762  0.00196145
          16    0.155801    0.146389  0.00193908
          17    0.151936    0.146716  0.00185044
          18    0.150529    0.146927  0.00175743
          19     0.13599    0.146352   0.0017592
          20    0.156869    0.146878  0.00174982
           1    0.115233    0.115233           0
           2    0.107924    0.111579   0.0036544
           3    0.119308    0.114155  0.00333018
           4     0.10556    0.112006  0.00318794
           5     0.10842    0.111289  0.00257143
           6    0.113783    0.111705  0.00214031
           7    0.115458    0.112241   0.0018867
           8    0.110304    0.111999  0.00165177
           9    0.105599    0.111288  0.00162103
          10    0.105115     0.11067  0.00157581
          11    0.105894    0.110236  0.00149005
          12     0.11038    0.110248  0.00136028
          13    0.126674    0.111512  0.00177823
          14     0.11479    0.111746  0.00166289
          15   0.0974396    0.110792  0.00181828
          16    0.116856    0.111171  0.00174255
          17    0.111683    0.111201  0.00163712
          18    0.112981      0.1113  0.00154666
          19    0.102987    0.110863  0.00152701
          20    0.114005     0.11102  0.00145715
           1    0.082934    0.082934           0
           2    0.082298    0.082616    0.000318
           3   0.0876464   0.0842928  0.00168682
           4   0.0825748   0.0838633  0.00126774
           5   0.0912496   0.0853406  0.00177386
           6   0.0897784   0.0860802  0.00162628
           7   0.0890372   0.0865026  0.00143791
           8   0.0875732   0.0866365  0.00125244
           9   0.0857068   0.0865332  0.00110936
          10    0.083692    0.086249  0.00103212
          11   0.0848664   0.0861233 0.000942012
          12    0.093458   0.0867346  0.00105503
          13   0.0959908   0.0874466  0.00120366
          14   0.0846344   0.0872457  0.00113234
          15   0.0859916   0.0871621  0.00105746
          16   0.0948244    0.087641  0.00109899
          17    0.089404   0.0877447  0.00103752
          18    0.091292   0.0879418 0.000997834
          19   0.0845548   0.0877635 0.000960543
          20   0.0894328    0.087847 0.000915066
           1    0.068772    0.068772           0
           2   0.0726924   0.0707322   0.0019602
           3   0.0702912   0.0705852  0.00114123
           4   0.0690432   0.0701997 0.000894322
           5   0.0611468   0.0683891  0.00193858
           6   0.0653232   0.0678781  0.00166328
           7   0.0723016   0.0685101  0.00154123
           8   0.0745712   0.0692677  0.00153479
           9   0.0720264   0.0695742  0.00138783
          10    0.069818   0.0695986  0.00124155
          11   0.0743588   0.0700313  0.00120352
          12   0.0720424   0.0701989  0.00111136
          13   0.0787168   0.0708542  0.00121426
          14    0.073066   0.0710121  0.00113523
          15   0.0696284   0.0709199  0.00106086
          16   0.0739312   0.0711081  0.00101004
          17   0.0746692   0.0713176 0.000971613
          18    0.070864   0.0712924 0.000916392
          19   0.0709932   0.0712766 0.000866963
          20   0.0707652   0.0712511 0.000822871
           1    0.058536    0.058536           0
           2   0.0580456   0.0582908   0.0002452
           3   0.0578328   0.0581381 0.000208202
           4   0.0584416    0.058214 0.000165619
           5    0.058978   0.0583668 0.000199514
           6   0.0543152   0.0576915 0.000694638
           7   0.0557872   0.0574195 0.000647046
           8   0.0582412   0.0575222 0.000569694
           9    0.060214   0.0578213 0.000584708
          10   0.0632008   0.0583592 0.000750265
          11   0.0625604   0.0587412 0.000778729
          12   0.0613176   0.0589559 0.000742594
          13   0.0556044   0.0586981 0.000730118
          14   0.0603372   0.0588151 0.000686022
          15   0.0570116   0.0586949 0.000649872
          16   0.0583704   0.0586746 0.000608238
          17     0.05834   0.0586549 0.000571679
          18   0.0615968   0.0588184 0.000563219
          19   0.0545272   0.0585925 0.000578647
          20    0.059234   0.0586246 0.000549889
           1   0.0498376   0.0498376           0
           2    0.049844   0.0498408     3.2e-06
           3    0.050338   0.0500065 0.000165744
           4     0.05052   0.0501349  0.00017382
           5   0.0559032   0.0512886  0.00116149
           6   0.0530212   0.0515773 0.000991344
           7   0.0507836   0.0514639 0.000845477
           8   0.0512856   0.0514416 0.000732544
           9   0.0547484   0.0518091 0.000743213
          10   0.0491276   0.0515409 0.000716795
          11   0.0536904   0.0517363 0.000677172
          12     0.05152   0.0517183 0.000618434
          13   0.0474928   0.0513933 0.000655187
          14    0.046766   0.0510627 0.000690788
          15   0.0517132   0.0511061 0.000644549
          16   0.0501748   0.0510479 0.000605724
          17   0.0532296   0.0511762 0.000583272
          18   0.0531484   0.0512858 0.000560723
          19   0.0521244   0.0513299 0.000532224
          20   0.0494668   0.0512368 0.000513434
           1   0.0463484   0.0463484           0
           2   0.0407988   0.0435736   0.0027748
           3    0.039146   0.0420977  0.00217823
           4   0.0432952   0.0423971  0.00156906
           5   0.0450512   0.0429279  0.00132625
           6   0.0454708   0.0433517  0.00116286
           7   0.0442744   0.0434835 0.000991598
           8   0.0452956     0.04371 0.000888119
           9    0.041158   0.0434265 0.000832997
          10   0.0441792   0.0435018 0.000748847
          11   0.0437492   0.0435243 0.000677731
          12   0.0499364   0.0440586 0.000817491
          13     0.04475   0.0441118 0.000753861
          14   0.0426508   0.0440074 0.000705698
          15   0.0476868   0.0442527 0.000701268
          16   0.0470956   0.0444304 0.000679613
          17   0.0431176   0.0443532 0.000643039
          18   0.0443956   0.0443555 0.000606268
          19   0.0443196   0.0443536 0.000573475
          20   0.0432772   0.0442998 0.000546702
           1   0.0400872   0.0400872           0
           2   0.0390488    0.039568   0.0005192
           3    0.038402   0.0391793 0.000490834
           4   0.0361924   0.0384326  0.00082345
           5    0.039544   0.0386549 0.000675463
           6   0.0374828   0.0384595 0.000585087
           7   0.0360428   0.0381143 0.000603088
           8   0.0406876   0.0384359 0.000613396
           9   0.0370992   0.0382874 0.000560984
          10   0.0360528    0.038064  0.00054927
          11   0.0387144   0.0381231  0.00050034
          12   0.0427588   0.0385094 0.000598207
          13    0.038992   0.0385465 0.000551521
          14   0.0399712   0.0386483 0.000520651
          15   0.0378992   0.0385983 0.000487266
          16   0.0394664   0.0386526 0.000459013
          17    0.039972   0.0387302 0.000438097
          18   0.0379592   0.0386874 0.000415257
          19   0.0369052   0.0385936 0.000403838
          20   0.0432932   0.0388286 0.000449436
           1   0.0374512   0.0374512           0
           2   0.0352448    0.036348   0.0011032
           3    0.032826    0.035174  0.00133565
           4   0.0350024   0.0351311 0.000945421
           5   0.0332436   0.0347536 0.000823892
           6   0.0356016   0.0348949 0.000687392
           7   0.0328532   0.0346033 0.000650062
           8   0.0353532    0.034697 0.000570721
           9   0.0359004   0.0348307 0.000520787
          10   0.0312716   0.0344748 0.000586215
          11   0.0325392   0.0342988 0.000558685
          12   0.0327844   0.0341726  0.00052539
          13    0.034688   0.0342123 0.000484912
          14   0.0309016   0.0339758 0.000507415
          15   0.0372844   0.0341964 0.000521338
          16    0.032882   0.0341142 0.000494537
          17    0.034264    0.034123 0.000464621
          18    0.033934   0.0341125 0.000438174
          19   0.0358188   0.0342023 0.000424089
          20   0.0326452   0.0341245  0.00040979
           1   0.0309552   0.0309552           0
           2   0.0280464   0.0295008   0.0014544
           3   0.0276992   0.0289003  0.00103234
           4     0.03061   0.0293277 0.000845911
           5   0.0354532   0.0305528  0.00138932
           6    0.030896     0.03061  0.00113582
           7   0.0308764   0.0306481 0.000960694
           8   0.0317732   0.0307887 0.000843789
           9    0.029918    0.030692 0.000750414
          10   0.0350124    0.031124 0.000798223
          11   0.0265512   0.0307083 0.000833143
          12   0.0310644    0.030738  0.00076113
          13   0.0320632   0.0308399 0.000707521
          14   0.0296712   0.0307564 0.000660335
          15   0.0326404    0.030882 0.000627438
          16   0.0304016    0.030852 0.000587682
          17   0.0306944   0.0308427 0.000552109
          18     0.03015   0.0308042 0.000521954
          19    0.029076   0.0307133 0.000502028
          20   0.0272452   0.0305399 0.000506851
           1   0.0275256   0.0275256           0
           2   0.0294068   0.0284662   0.0009406
           3   0.0262064   0.0277129 0.000928612
           4    0.028986   0.0280312 0.000729694
           5   0.0260904    0.027643 0.000685668
           6    0.027216   0.0275719 0.000564351
           7   0.0272388   0.0275243 0.000479331
           8    0.028034    0.027588 0.000419974
           9   0.0275028   0.0275785 0.000370504
          10   0.0269252   0.0275132 0.000337767
          11      0.0251   0.0272938 0.000376128
          12   0.0276888   0.0273267  0.00034493
          13   0.0274968   0.0273398 0.000317559
          14   0.0264704   0.0272777  0.00030049
          15   0.0300904   0.0274652 0.000336773
          16   0.0291264   0.0275691  0.00033169
          17   0.0254452   0.0274441 0.000335683
          18   0.0282916   0.0274912 0.000319968
          19   0.0281332    0.027525 0.000304539
          20   0.0259776   0.0274476 0.000299092
           1    0.907475    0.907475           0
           2     0.85496    0.881218   0.0262572
           3    0.862116    0.874851   0.0164424
           4    0.858258    0.870702   0.0123443
           5    0.867163    0.869995  0.00958806
           6    0.873888    0.870643  0.00785546
           7    0.907306    0.875881  0.00845625
           8    0.833882    0.870631  0.00901067
           9    0.920061    0.876123  0.00965993
          10    0.911145    0.879625   0.0093229
          11    0.940558    0.885165   0.0100895
          12    0.903177    0.886666  0.00933189
          13    0.923074    0.889466  0.00902939
          14    0.925129    0.892014  0.00873909
          15    0.908091    0.893085  0.00820595
          16    0.888342    0.892789  0.00768169
          17    0.877722    0.891903  0.00726992
          18    0.888084    0.891691  0.00685743
          19     0.92272    0.893324  0.00668891
          20    0.819645     0.88964  0.00733749
           1    0.669252    0.669252           0
           2    0.705951    0.687602   0.0183492
           3    0.702504    0.692569   0.0117008
           4    0.658524    0.684058     0.01187
           5    0.630291    0.673304   0.0141483
           6    0.639344    0.667644   0.0128641
           7    0.681166    0.669576   0.0110424
           8    0.688648     0.67196   0.0098557
           9    0.692538    0.674246  0.00898761
          10    0.651764    0.671998  0.00834723
          11    0.702588    0.674779  0.00804618
          12    0.710297    0.677739  0.00791905
          13    0.667514    0.676952  0.00732681
          14     0.67456    0.676781  0.00678546
          15    0.672928    0.676525  0.00632214
          16    0.672138     0.67625  0.00592017
          17    0.691268    0.677134  0.00563076
          18    0.697876    0.678286  0.00543236
          19    0.706986    0.679797  0.00535592
          20    0.667624    0.679188  0.00511739
           1    0.459876    0.459876           0
           2     0.38813    0.424003   0.0358728
           3    0.433224    0.427077    0.020938
           4    0.463786    0.436254   0.0174191
           5    0.459678    0.440939    0.014283
           6     0.42673    0.438571      0.0119
           7    0.425666    0.436727   0.0102249
           8    0.407949     0.43313   0.0095578
           9     0.46982    0.437207  0.00936327
          10    0.424194    0.435905  0.00847526
          11    0.488526    0.440689  0.00903625
          12    0.433269    0.440071  0.00827207
          13    0.439571    0.440032  0.00760929
          14    0.447871    0.440592  0.00706705
          15    0.456733    0.441668  0.00666649
          16    0.440514    0.441596  0.00623635
          17    0.476419    0.443645  0.00620584
          18    0.428636    0.442811  0.00591004
          19    0.454378     0.44342  0.00562339
          20     0.43482     0.44299  0.00535212
           1    0.287409    0.287409           0
           2    0.267041    0.277225    0.010184
           3    0.311955    0.288802   0.0129844
           4    0.289315     0.28893  0.00918223
           5     0.27241    0.285626  0.00784251
           6    0.271546    0.283279  0.00681981
           7    0.291143    0.284403  0.00587224
           8    0.277974    0.283599   0.0051486
           9    0.304757     0.28595  0.00511311
          10    0.291323    0.286487  0.00460476
          11    0.330778    0.290514  0.00579318
          12    0.275227     0.28924   0.0054397
          13    0.308406    0.290714  0.00521647
          14    0.305412    0.291764  0.00494231
          15    0.245873    0.288705  0.00552536
          16      0.2937    0.289017  0.00517792
          17    0.294004     0.28931  0.00487265
          18    0.323648    0.291218   0.0049743
          19    0.302807    0.291828  0.00474459
          20     0.30521    0.292497  0.00455058
           1    0.210365    0.210365           0
           2    0.182754    0.196559   0.0138056
           3     0.19816    0.197093   0.0079885
           4    0.209474    0.200188  0.00644121
           5     0.19323    0.198796  0.00517977
           6    0.194756    0.198123  0.00428255
           7    0.205107    0.199121  0.00375442
           8      0.2034    0.199656  0.00329512
           9    0.210012    0.200806  0.00312558
          10    0.212527    0.201978  0.00303137
          11     0.21948    0.203569  0.00317014
          12    0.183661     0.20191  0.00333574
          13    0.193032    0.201227  0.00314352
          14    0.188366    0.200309  0.00305188
          15    0.185311    0.199309  0.00301194
          16    0.186387    0.198501  0.00293088
          17    0.197929    0.198468  0.00275329
          18    0.197307    0.198403  0.00259663
          19    0.185801     0.19774  0.00254415
          20    0.199718    0.197839  0.00241562
           1    0.151073    0.151073           0
           2    0.145256    0.148165   0.0029084
           3    0.158893    0.151741  0.00395062
           4    0.158709    0.153483  0.00329215
           5    0.153632    0.153513  0.00255026
           6    0.141417    0.151497  0.00289828
           7    0.134323    0.149043  0.00346688
           8    0.147779    0.148885  0.00300656
           9    0.148912    0.148888  0.00265154
          10    0.140422    0.148041   0.0025182
          11    0.148402    0.148074  0.00227804
          12    0.157178    0.148833  0.00221362
          13    0.147478    0.148729  0.00203889
          14    0.137165    0.147903  0.00206046
          15    0.141812    0.147497  0.00196069
          16    0.129688    0.146384  0.00214537
          17    0.152163    0.146724   0.0020437
          18    0.144795    0.146616   0.0019298
          19    0.141258    0.146334  0.00184706
          20    0.148923    0.146464  0.00175705
           1    0.105802    0.105802           0
           2    0.109629    0.107715   0.0019134
           3    0.116977    0.110803  0.00327883
           4     0.11948    0.112972  0.00317521
           5    0.103431    0.111064  0.00311292
           6    0.109158    0.110746  0.00256147
           7     0.10282    0.109614  0.00244305
           8    0.099816    0.108389  0.00244466
           9    0.119794    0.109656  0.00250079
          10    0.111462    0.109837  0.00224405
          11     0.10755    0.109629  0.00204044
          12    0.106541    0.109372  0.00188035
          13    0.117194    0.109973  0.00183135
          14    0.113228    0.110206  0.00171137
          15     0.11518    0.110537  0.00162734
          16    0.098572     0.10979  0.00169602
          17    0.108088     0.10969  0.00159627
          18    0.114416    0.109952  0.00152771
          19    0.109642    0.109936  0.00144517
          20    0.108938    0.109886  0.00137191
           1    0.083098    0.083098           0
           2   0.0789608   0.0810294   0.0020686
           3   0.0858372    0.082632  0.00199867
           4   0.0863328   0.0835572  0.00168918
           5   0.0868716   0.0842201  0.00146677
           6   0.0895004   0.0851001  0.00148619
           7    0.083964   0.0849378  0.00126651
           8   0.0902396   0.0856005  0.00128149
           9   0.0759624   0.0845296  0.00155696
          10    0.085124   0.0845891  0.00139386
          11   0.0867728   0.0847876  0.00127632
          12     0.07751   0.0841811  0.00131351
          13    0.086384   0.0843506  0.00122008
          14   0.0756116   0.0837264  0.00129057
          15     0.08623   0.0838933  0.00121299
          16   0.0849308   0.0839581   0.0011365
          17   0.0987828   0.0848302  0.00137845
          18   0.0901732    0.085127  0.00133309
          19   0.0925876   0.0855197   0.0013207
          20     0.09276   0.0858817  0.00130417
           1   0.0692128   0.0692128           0
           2   0.0765672     0.07289   0.0036772
           3    0.073064    0.072948  0.00212382
           4    0.066996     0.07146  0.00211411
           5   0.0701272   0.0711934  0.00165914
           6   0.0781136   0.0723468  0.00177915
           7   0.0620084   0.0708699  0.00210767
           8   0.0683872   0.0705596  0.00185149
           9    0.059874   0.0693723  0.00201888
          10   0.0696632   0.0694014  0.00180597
          11   0.0716724   0.0696078  0.00164656
          12   0.0732224    0.069909  0.00153298
          13   0.0744064    0.070255  0.00145195
          14   0.0644556   0.0698407  0.00140663
          15   0.0668016   0.0696381  0.00132508
          16   0.0740476   0.0699137  0.00126977
          17   0.0791224   0.0704554  0.00130998
          18   0.0793052   0.0709471  0.00132932
          19    0.077216    0.071277  0.00129998
          20   0.0682164    0.071124  0.00124273
           1   0.0608432   0.0608432           0
           2     0.05867   0.0597566   0.0010866
           3   0.0641132   0.0612088  0.00158191
           4   0.0616868   0.0613283  0.00112495
           5   0.0572908   0.0605208  0.00118801
           6   0.0604472   0.0605085 0.000970081
           7   0.0599864   0.0604339 0.000823254
           8   0.0537668   0.0596005  0.00109675
           9    0.053156   0.0588845  0.00120345
          10   0.0596768   0.0589637  0.00107931
          11   0.0609708   0.0591462 0.000993179
          12   0.0557476    0.058863  0.00094985
          13   0.0591748    0.058887 0.000874064
          14   0.0573764   0.0587791 0.000816387
          15   0.0588364   0.0587829 0.000760025
          16   0.0617608    0.058969 0.000734897
          17   0.0667092   0.0594243 0.000826946
          18   0.0599632   0.0594542 0.000780226
          19   0.0597036   0.0594674 0.000738137
          20   0.0582272   0.0594054 0.000702998
           1   0.0477696   0.0477696           0
           2   0.0522484    0.050009   0.0022394
           3    0.054648   0.0515553  0.00201563
           4   0.0524684   0.0517836  0.00144343
           5   0.0482184   0.0510706  0.00132609
           6   0.0498004   0.0508589  0.00110325
           7   0.0448204   0.0499962  0.00127025
           8   0.0439172   0.0492363    0.001337
           9    0.047768   0.0490732  0.00119036
          10    0.055094   0.0496753  0.00122314
          11   0.0554096   0.0501966  0.00122303
          12   0.0540236   0.0505155  0.00116113
          13   0.0493316   0.0504244  0.00107196
          14   0.0475096   0.0502162  0.00101404
          15   0.0465944   0.0499748 0.000974413
          16   0.0492944   0.0499323 0.000912471
          17    0.051724   0.0500376 0.000863573
          18   0.0476736   0.0499063 0.000824709
          19   0.0468376   0.0497448 0.000796641
          20   0.0421948   0.0493673 0.000844796
           1    0.044816    0.044816           0
           2   0.0401356   0.0424758   0.0023402
           3   0.0438348   0.0429288  0.00142503
           4    0.040652   0.0423596   0.0011573
           5     0.04813   0.0435137  0.00146134
           6   0.0397724   0.0428901  0.00134629
           7   0.0408496   0.0425986  0.00117457
           8    0.041488   0.0424598  0.00102663
           9   0.0466884   0.0429296  0.00102006
          10   0.0353172   0.0421684  0.00118824
          11   0.0400868   0.0419792  0.00109133
          12   0.0452268   0.0422498  0.00103235
          13    0.043466   0.0423434 0.000954222
          14   0.0384336   0.0420641 0.000926527
          15   0.0443988   0.0422197 0.000876481
          16   0.0412144   0.0421569 0.000822277
          17   0.0462192   0.0423959 0.000808514
          18   0.0424848   0.0424008  0.00076229
          19   0.0445804   0.0425155 0.000730123
          20    0.049456   0.0428625 0.000774724
           1    0.041436    0.041436           0
           2   0.0359592   0.0386976   0.0027384
           3   0.0370984   0.0381645  0.00166846
           4   0.0379028   0.0380991   0.0011816
           5   0.0410832   0.0386959  0.00109265
           6   0.0443568   0.0396394  0.00129849
           7    0.036758   0.0392278  0.00117209
           8   0.0348112   0.0386757  0.00115547
           9   0.0344624   0.0382076  0.00112142
          10   0.0411044   0.0384972  0.00104402
          11    0.035702   0.0382431 0.000977947
          12   0.0380212   0.0382246 0.000892931
          13    0.038982   0.0382829  0.00082344
          14   0.0367844   0.0381759 0.000769835
          15   0.0397804   0.0382828 0.000724616
          16   0.0421712   0.0385259 0.000720066
          17   0.0359896   0.0383767 0.000692643
          18   0.0349848   0.0381882 0.000679674
          19   0.0383716   0.0381979 0.000642979
          20   0.0412028   0.0383481 0.000628215
           1    0.034272    0.034272           0
           2   0.0315664   0.0329192   0.0013528
           3   0.0328704   0.0329029 0.000781209
           4   0.0358976   0.0336516 0.000930401
           5   0.0359384    0.034109  0.00085356
           6   0.0379252    0.034745 0.000943534
           7   0.0356844   0.0348792 0.000808646
           8   0.0320672   0.0345277 0.000783571
           9   0.0295484   0.0339744 0.000885231
          10    0.030334   0.0336104 0.000871456
          11   0.0266132   0.0329743  0.00101291
          12    0.034944   0.0331384 0.000939114
          13   0.0358348   0.0333458  0.00088841
          14   0.0294932   0.0330707 0.000867323
          15   0.0354232   0.0332275 0.000822524
          16   0.0317852   0.0331373 0.000774664
          17    0.029234   0.0329077 0.000763036
          18   0.0359096   0.0330745 0.000738474
          19   0.0366004   0.0332601 0.000722757
          20   0.0325412   0.0332241 0.000686609
           1   0.0307044   0.0307044           0
           2   0.0306816    0.030693    1.14e-05
           3   0.0317824   0.0310561 0.000363193
           4   0.0314384   0.0311517 0.000274021
           5   0.0308544   0.0310922 0.000220427
           6    0.026916   0.0303962 0.000718932
           7   0.0282304   0.0300868 0.000681848
           8   0.0312148   0.0302278 0.000607098
           9    0.029628   0.0301612 0.000539542
          10    0.028758   0.0300208 0.000502567
          11   0.0346504   0.0304417 0.000619501
          12    0.032398   0.0306047 0.000588553
          13   0.0252628   0.0301938 0.000679674
          14   0.0273008   0.0299872 0.000662318
          15   0.0290736   0.0299263 0.000619585
          16    0.028656   0.0298469 0.000584981
          17    0.029164   0.0298067  0.00055096
          18   0.0307868   0.0298612 0.000522296
          19   0.0284328    0.029786  0.00049973
          20   0.0309944   0.0298464  0.00047792
           1   0.0222928   0.0222928           0
           2   0.0286168   0.0254548    0.003162
           3   0.0265096   0.0258064  0.00185913
           4   0.0272416   0.0261652  0.00136269
           5   0.0288612   0.0267044  0.00118528
           6     0.02489    0.026402  0.00101392
           7   0.0273036   0.0265308 0.000866547
           8   0.0278248   0.0266926 0.000767685
           9   0.0275516    0.026788  0.00068373
          10    0.026788    0.026788 0.000611547
          11   0.0271588   0.0268217 0.000554191
          12   0.0276184   0.0268881 0.000510242
          13   0.0257224   0.0267984 0.000477844
          14   0.0266668    0.026789 0.000442497
          15   0.0274552   0.0268334 0.000414329
          16   0.0306804   0.0270739 0.000456091
          17   0.0301164   0.0272528 0.000464303
          18   0.0271536   0.0272473 0.000437784
          19   0.0262192   0.0271932 0.000417623
          20   0.0238416   0.0270256 0.000430176
