           1   -0.972512   -0.972512           0
           2   -0.974445   -0.973478   0.0009664
           3   -0.974958   -0.973972 0.000744773
           4   -0.974514   -0.974107 0.000543828
           5   -0.973533   -0.973992 0.000436642
           6   -0.973367   -0.973888 0.000371436
           7    -0.97442   -0.973964  0.00032298
           8   -0.973522   -0.973909 0.000285129
           9    -0.97541   -0.974076 0.000301771
          10   -0.974864   -0.974155 0.000281187
          11   -0.976352   -0.974354 0.000323415
          12   -0.973072   -0.974247  0.00031398
          13   -0.976904   -0.974452 0.000353801
          14   -0.976983   -0.974633 0.000374148
          15   -0.974728   -0.974639 0.000348371
          16   -0.973193   -0.974549 0.000338174
          17    -0.97559    -0.97461 0.000323516
          18   -0.974297   -0.974592  0.00030551
          19   -0.973858   -0.974554 0.000291555
          20   -0.974313   -0.974542 0.000276855
           1   -0.933261   -0.933261           0
           2   -0.935482   -0.934371   0.0011104
           3   -0.933152   -0.933965  0.00075905
           4   -0.935979   -0.934468 0.000735997
           5    -0.93453   -0.934481 0.000570236
           6   -0.934354    -0.93446 0.000466078
           7   -0.933741   -0.934357 0.000407072
           8   -0.936161   -0.934582 0.000418479
           9   -0.933543   -0.934467 0.000386705
          10   -0.933899    -0.93441 0.000350508
          11   -0.937866   -0.934724 0.000446365
          12   -0.936584   -0.934879 0.000435948
          13   -0.937392   -0.935073 0.000445163
          14   -0.935487   -0.935102 0.000413203
          15    -0.93665   -0.935205 0.000398263
          16   -0.937502   -0.935349 0.000399246
          17   -0.936584   -0.935422 0.000381998
          18   -0.935578    -0.93543 0.000360256
          19   -0.934817   -0.935398 0.000342294
          20   -0.936017   -0.935429 0.000326199
           1   -0.891478   -0.891478           0
           2   -0.893487   -0.892482   0.0010048
           3   -0.891018   -0.891994 0.000758252
           4   -0.892821   -0.892201 0.000574616
           5    -0.89245   -0.892251 0.000447886
           6   -0.893234   -0.892415 0.000400711
           7   -0.892278   -0.892395 0.000339221
           8   -0.892058   -0.892353 0.000296773
           9   -0.893012   -0.892426 0.000271779
          10   -0.891753   -0.892359 0.000252242
          11   -0.892097   -0.892335 0.000229402
          12   -0.891752   -0.892286 0.000214977
          13   -0.892781   -0.892324 0.000201373
          14   -0.891669   -0.892278 0.000192228
          15   -0.893621   -0.892367 0.000200107
          16   -0.891737   -0.892328 0.000191284
          17   -0.894676   -0.892466 0.000226638
          18   -0.890923    -0.89238 0.000230224
          19    -0.89141   -0.892329 0.000223673
          20    -0.89338   -0.892382 0.000218602
           1   -0.849567   -0.849567           0
           2   -0.848986   -0.849277   0.0002904
           3   -0.848125   -0.848893 0.000419007
           4   -0.849707   -0.849096 0.000359495
           5   -0.846535   -0.848584 0.000583037
           6   -0.848326   -0.848541 0.000477982
           7   -0.847362   -0.848373 0.000437707
           8   -0.848882   -0.848436 0.000384383
           9    -0.84601   -0.848167 0.000433157
          10   -0.849082   -0.848258   0.0003981
          11   -0.848186   -0.848252 0.000360155
          12   -0.848258   -0.848252 0.000328775
          13   -0.849326   -0.848335 0.000313496
          14   -0.847966   -0.848309 0.000291437
          15   -0.847676   -0.848266  0.00027457
          16   -0.849014   -0.848313 0.000261057
          17   -0.851713   -0.848513 0.000316427
          18   -0.847173   -0.848439 0.000307482
          19   -0.847519    -0.84839 0.000294847
          20   -0.850424   -0.848492 0.000297627
           1   -0.804456   -0.804456           0
           2   -0.805031   -0.804744   0.0002876
           3   -0.805019   -0.804835 0.000189765
           4   -0.804607   -0.804778 0.000145815
           5   -0.804114   -0.804645 0.000174458
           6   -0.804294   -0.804587 0.000153992
           7   -0.803247   -0.804396 0.000231449
           8   -0.804757   -0.804441 0.000205464
           9   -0.803274   -0.804311 0.000222824
          10   -0.805342   -0.804414 0.000224406
          11   -0.805025    -0.80447 0.000210437
          12   -0.804026   -0.804433 0.000195621
          13   -0.805434    -0.80451 0.000195748
          14   -0.803959    -0.80447 0.000185445
          15   -0.803786   -0.804425 0.000178575
          16   -0.804881   -0.804453 0.000169456
          17   -0.806954     -0.8046 0.000216722
          18   -0.805666    -0.80466 0.000212725
          19   -0.804718   -0.804663 0.000201241
          20   -0.804964   -0.804678 0.000191508
           1   -0.762547   -0.762547           0
           2    -0.76129   -0.761919   0.0006284
           3   -0.762492    -0.76211 0.000410043
           4   -0.762071     -0.7621 0.000290105
           5   -0.762154   -0.762111 0.000224976
           6   -0.761729   -0.762047 0.000194426
           7   -0.761582   -0.761981 0.000177278
           8   -0.761583   -0.761931 0.000161372
           9   -0.761612   -0.761896 0.000146666
          10   -0.761805   -0.761887 0.000131497
          11   -0.761262    -0.76183 0.000131816
          12   -0.761512   -0.761803  0.00012321
          13   -0.760903   -0.761734 0.000132811
          14   -0.761493   -0.761717  0.00012416
          15   -0.762528   -0.761771 0.000127613
          16   -0.760961    -0.76172 0.000129664
          17   -0.762369   -0.761758 0.000127633
          18   -0.762316   -0.761789 0.000124257
          19   -0.760834   -0.761739 0.000127848
          20   -0.761933   -0.761749 0.000121673
           1    -0.72144    -0.72144           0
           2   -0.719865   -0.720652   0.0007876
           3   -0.721358   -0.720887 0.000511886
           4   -0.720678   -0.720835 0.000365712
           5   -0.720624   -0.720793 0.000286412
           6   -0.720398   -0.720727 0.000242924
           7   -0.720492   -0.720694  0.00020804
           8    -0.72052   -0.720672  0.00018147
           9   -0.719688   -0.720563 0.000193816
          10   -0.720399   -0.720546 0.000174122
          11   -0.720676   -0.720558 0.000157941
          12   -0.720378   -0.720543 0.000144961
          13   -0.720278   -0.720523 0.000134899
          14   -0.720426   -0.720516 0.000125084
          15    -0.71986   -0.720472  0.00012438
          16   -0.720622   -0.720481 0.000116723
          17   -0.722002   -0.720571 0.000141488
          18   -0.721378   -0.720616 0.000140741
          19   -0.720703    -0.72062 0.000133207
          20   -0.720494   -0.720614  0.00012653
           1    -0.68279    -0.68279           0
           2   -0.682648   -0.682719    7.08e-05
           3   -0.683228   -0.682889 0.000174586
           4   -0.682862   -0.682882 0.000123634
           5   -0.683117   -0.682929 0.000106678
           6    -0.68261   -0.682876 0.000101995
           7   -0.682037   -0.682756 0.000147628
           8   -0.681322   -0.682577 0.000220121
           9   -0.681557   -0.682463 0.000224784
          10   -0.681986   -0.682416 0.000206652
          11   -0.682284   -0.682404 0.000187306
          12   -0.682371   -0.682401 0.000171007
          13   -0.681921   -0.682364 0.000161582
          14   -0.681788   -0.682323  0.00015515
          15    -0.68143   -0.682263 0.000156231
          16   -0.681444   -0.682212 0.000154853
          17   -0.682518    -0.68223 0.000146565
          18   -0.683526   -0.682302 0.000155824
          19   -0.681479   -0.682259 0.000153626
          20   -0.682015   -0.682247  0.00014625
           1   -0.646423   -0.646423           0
           2    -0.64648   -0.646452    2.84e-05
           3   -0.646505   -0.646469 2.41521e-05
           4   -0.646138   -0.646387 8.44776e-05
           5   -0.647247   -0.646559 0.000184139
           6   -0.646719   -0.646585 0.000152709
           7   -0.646986   -0.646643 0.000141201
           8   -0.646093   -0.646574 0.000140282
           9   -0.646027   -0.646513  0.00013783
          10   -0.647138   -0.646576 0.000138224
          11   -0.646379   -0.646558 0.000126299
          12   -0.645828   -0.646497 0.000130355
          13   -0.646028   -0.646461  0.00012522
          14   -0.646794   -0.646485 0.000118341
          15   -0.645939   -0.646448 0.000116017
          16   -0.644724   -0.646341 0.000152946
          17   -0.647293   -0.646397 0.000154201
          18   -0.647565   -0.646462  0.00015921
          19   -0.646065   -0.646441 0.000152038
          20   -0.646156   -0.646426 0.000144936
           1    -0.61311    -0.61311           0
           2   -0.612426   -0.612768   0.0003416
           3   -0.612601   -0.612712 0.000204946
           4   -0.613074   -0.612803 0.000170874
           5   -0.614322   -0.613107 0.000331344
           6   -0.613562   -0.613182  0.00028097
           7   -0.613693   -0.613255 0.000248405
           8   -0.613356   -0.613268 0.000215493
           9   -0.612668   -0.613201 0.000201397
          10   -0.613485    -0.61323 0.000182353
          11   -0.613999     -0.6133 0.000179169
          12    -0.61273   -0.613252 0.000170297
          13   -0.612954   -0.613229 0.000158325
          14   -0.613901   -0.613277 0.000154231
          15   -0.613402   -0.613285 0.000143824
          16   -0.611226   -0.613157 0.000186176
          17   -0.613969   -0.613205 0.000181288
          18   -0.613878   -0.613242 0.000174962
          19   -0.613078   -0.613233 0.000165721
          20   -0.613138   -0.613229  0.00015729
           1   -0.583232   -0.583232           0
           2    -0.58284   -0.583036    0.000196
           3    -0.58233   -0.582801 0.000261006
           4   -0.582209   -0.582653 0.000236572
           5   -0.583242   -0.582771  0.00021791
           6   -0.582525    -0.58273 0.000182583
           7   -0.582365   -0.582678 0.000162879
           8   -0.583494    -0.58278 0.000174072
           9   -0.582837   -0.582786 0.000153649
          10    -0.58252   -0.582759 0.000139978
          11   -0.583763   -0.582851 0.000156075
          12    -0.58193   -0.582774 0.000161802
          13     -0.5825   -0.582753 0.000150321
          14   -0.583771   -0.582826 0.000157032
          15   -0.582217   -0.582785 0.000151719
          16   -0.582041   -0.582738 0.000149348
          17   -0.582964   -0.582752 0.000140913
          18   -0.583188   -0.582776 0.000135047
          19   -0.582716   -0.582773 0.000127781
          20   -0.582552   -0.582762 0.000121725
           1   -0.554571   -0.554571           0
           2   -0.554023   -0.554297    0.000274
           3   -0.554792   -0.554462 0.000228535
           4   -0.554567   -0.554488  0.00016372
           5   -0.554898    -0.55457 0.000151018
           6   -0.553455   -0.554385 0.000223049
           7    -0.55379     -0.5543 0.000206737
           8   -0.554895   -0.554374 0.000193899
           9   -0.554916   -0.554434 0.000181294
          10   -0.555169   -0.554508 0.000178013
          11   -0.555717   -0.554618 0.000194956
          12   -0.554164    -0.55458 0.000181941
          13   -0.554306   -0.554559 0.000168686
          14   -0.555263   -0.554609 0.000164078
          15    -0.55381   -0.554556 0.000161781
          16   -0.554981   -0.554582 0.000153645
          17   -0.554891   -0.554601 0.000145464
          18   -0.555094   -0.554628 0.000139862
          19   -0.554772   -0.554636 0.000132514
          20   -0.554793   -0.554643 0.000125959
           1   -0.528529   -0.528529           0
           2    -0.52745    -0.52799   0.0005392
           3   -0.527574   -0.527851 0.000340686
           4   -0.529687    -0.52831 0.000518377
           5   -0.528364   -0.528321 0.000401677
           6   -0.527234    -0.52814 0.000374643
           7   -0.528837   -0.528239 0.000331916
           8   -0.528865   -0.528318 0.000297887
           9   -0.528602   -0.528349 0.000264611
          10   -0.528644   -0.528379 0.000238504
          11   -0.529702   -0.528499 0.000246991
          12   -0.528172   -0.528472 0.000227111
          13   -0.528674   -0.528487 0.000209493
          14   -0.528541   -0.528491  0.00019399
          15    -0.52833    -0.52848 0.000180916
          16   -0.528602   -0.528488 0.000169401
          17   -0.528815   -0.528507 0.000160284
          18    -0.52965   -0.528571 0.000163921
          19   -0.528451   -0.528564 0.000155182
          20   -0.528766   -0.528574 0.000147561
           1   -0.504514   -0.504514           0
           2    -0.50444   -0.504477    3.68e-05
           3   -0.504504   -0.504486 2.31002e-05
           4    -0.50517   -0.504657 0.000171712
           5    -0.50413   -0.504551 0.000169731
           6   -0.504014   -0.504462 0.000165041
           7    -0.50489   -0.504523  0.00015229
           8   -0.505478   -0.504642 0.000177935
           9   -0.504784   -0.504658 0.000157712
          10   -0.504638   -0.504656 0.000141076
          11   -0.505702   -0.504751 0.000159164
          12   -0.504814   -0.504756 0.000145389
          13   -0.504284    -0.50472 0.000138586
          14   -0.505101   -0.504747 0.000131157
          15   -0.504708   -0.504745 0.000122129
          16   -0.505795    -0.50481 0.000131768
          17   -0.504718   -0.504805 0.000123894
          18   -0.504434   -0.504784 0.000118607
          19   -0.504866   -0.504789 0.000112274
          20    -0.50481    -0.50479 0.000106518
           1   -0.482829   -0.482829           0
           2   -0.482222   -0.482526   0.0003032
           3   -0.482758   -0.482603 0.000191482
           4   -0.482804   -0.482653 0.000144404
           5   -0.482758   -0.482674 0.000113809
           6   -0.481654   -0.482504 0.000193857
           7   -0.482888   -0.482559 0.000172767
           8   -0.482501   -0.482552 0.000149797
           9   -0.483362   -0.482642  0.00015984
          10    -0.48201   -0.482579 0.000156319
          11    -0.48327   -0.482641 0.000154753
          12   -0.482592   -0.482637 0.000141329
          13   -0.482614   -0.482636 0.000130017
          14   -0.482964   -0.482659 0.000122638
          15   -0.482893   -0.482675 0.000115229
          16   -0.482775   -0.482681  0.00010797
          17   -0.482775   -0.482686 0.000101572
          18    -0.48278   -0.482692 9.59041e-05
          19   -0.482758   -0.482695 9.07843e-05
          20   -0.482417   -0.482681 8.72425e-05
           1   -0.461893   -0.461893           0
           2   -0.462591   -0.462242   0.0003492
           3    -0.46244   -0.462308 0.000212139
           4   -0.462614   -0.462385 0.000168431
           5   -0.462075   -0.462323 0.000144397
           6    -0.46145   -0.462177 0.000187183
           7   -0.462387   -0.462207 0.000161015
           8   -0.462216   -0.462208 0.000139447
           9   -0.462511   -0.462242   0.0001275
          10   -0.461683   -0.462186 0.000126996
          11   -0.462837   -0.462245 0.000129206
          12    -0.46129   -0.462166 0.000142319
          13   -0.461311     -0.4621 0.000146489
          14   -0.462659    -0.46214 0.000141383
          15   -0.462297    -0.46215 0.000132035
          16   -0.462983   -0.462202 0.000134029
          17   -0.462377   -0.462213 0.000126315
          18   -0.462081   -0.462205 0.000119316
          19   -0.462329   -0.462212 0.000113049
          20   -0.461714   -0.462187 0.000110094
           1   -0.973194   -0.973194           0
           2   -0.973588   -0.973391   0.0001968
           3   -0.976683   -0.974489   0.0011032
           4    -0.97273   -0.974049 0.000895385
           5   -0.975254    -0.97429 0.000734267
           6   -0.973478   -0.974155   0.0006146
           7   -0.975874     -0.9744 0.000574544
           8   -0.979213   -0.975002  0.00078067
           9   -0.972339   -0.974706 0.000749363
          10   -0.974934   -0.974729 0.000670639
          11   -0.975216   -0.974773  0.00060823
          12   -0.976139   -0.974887 0.000566785
          13   -0.975412   -0.974927 0.000522928
          14   -0.975442   -0.974964 0.000485533
          15   -0.970228   -0.974648 0.000551366
          16   -0.978378   -0.974882 0.000565975
          17   -0.978461   -0.975092 0.000571815
          18   -0.977352   -0.975218 0.000553539
          19   -0.974891     -0.9752 0.000523877
          20   -0.975053   -0.975193 0.000497048
           1   -0.935855   -0.935855           0
           2   -0.934776   -0.935316   0.0005396
           3   -0.932711   -0.934447  0.00092234
           4   -0.934081   -0.934356 0.000658603
           5   -0.935894   -0.934664 0.000595774
           6   -0.936311   -0.934938 0.000558609
           7   -0.932425   -0.934579  0.00059313
           8   -0.937022   -0.934884 0.000597553
           9   -0.933248   -0.934703 0.000557476
          10   -0.937323   -0.934965 0.000563294
          11   -0.936094   -0.935067 0.000519753
          12   -0.938747   -0.935374 0.000564942
          13   -0.935399   -0.935376 0.000519675
          14    -0.93941   -0.935664   0.0005608
          15   -0.935237   -0.935636 0.000522853
          16   -0.936795   -0.935708 0.000494425
          17   -0.937606    -0.93582 0.000477669
          18   -0.937264     -0.9359 0.000457443
          19   -0.937779   -0.935999 0.000443858
          20   -0.934941   -0.935946 0.000424391
           1   -0.892522   -0.892522           0
           2   -0.892363   -0.892442    7.92e-05
           3   -0.892466    -0.89245 4.63755e-05
           4   -0.892954   -0.892576 0.000130068
           5   -0.890247    -0.89211 0.000476532
           6   -0.892573   -0.892187 0.000396651
           7     -0.8916   -0.892103 0.000345572
           8   -0.892393    -0.89214 0.000301452
           9   -0.890969    -0.89201 0.000295977
          10   -0.893169   -0.892125 0.000289001
          11   -0.893065   -0.892211 0.000275006
          12   -0.891047   -0.892114 0.000269122
          13   -0.892097   -0.892113  0.00024756
          14   -0.893119   -0.892184  0.00024021
          15   -0.888202   -0.891919 0.000347146
          16    -0.88987   -0.891791 0.000349073
          17   -0.894819   -0.891969 0.000373162
          18   -0.890705   -0.891899 0.000358762
          19   -0.892308    -0.89192 0.000340038
          20   -0.891521     -0.8919 0.000323206
           1   -0.848906   -0.848906           0
           2   -0.847382   -0.848144    0.000762
           3   -0.848997   -0.848429 0.000523717
           4    -0.84897   -0.848564 0.000394324
           5    -0.84815   -0.848481 0.000316487
           6   -0.848356    -0.84846  0.00025925
           7   -0.847092   -0.848265 0.000293624
           8   -0.849021   -0.848359 0.000271277
           9    -0.84826   -0.848348 0.000239498
          10   -0.848577   -0.848371 0.000215429
          11   -0.849453   -0.848469 0.000218269
          12   -0.848814   -0.848498 0.000201314
          13   -0.848794   -0.848521 0.000186579
          14   -0.848597   -0.848526 0.000172823
          15   -0.847417   -0.848452 0.000177081
          16    -0.84601     -0.8483 0.000225273
          17   -0.848596   -0.848317 0.000212324
          18   -0.848169   -0.848309  0.00020035
          19   -0.848798   -0.848335  0.00019125
          20   -0.850406   -0.848438 0.000208904
           1    -0.80433    -0.80433           0
           2   -0.804433   -0.804382    5.12e-05
           3   -0.804879   -0.804547  0.00016848
           4   -0.803548   -0.804298 0.000276814
           5   -0.804523   -0.804343 0.000219115
           6   -0.803723   -0.804239 0.000206565
           7   -0.805094   -0.804362 0.000213059
           8   -0.804915   -0.804431 0.000197064
           9    -0.80483   -0.804475 0.000179354
          10    -0.80625   -0.804653 0.000239212
          11   -0.804005   -0.804594 0.000224246
          12   -0.804856   -0.804616 0.000205871
          13   -0.803717   -0.804546 0.000201598
          14   -0.805287   -0.804599    0.000194
          15   -0.803528   -0.804528 0.000194213
          16   -0.806185   -0.804631 0.000209112
          17    -0.80624   -0.804726 0.000218029
          18   -0.805234   -0.804754  0.00020749
          19   -0.804513   -0.804742 0.000196677
          20   -0.805836   -0.804796 0.000194443
           1   -0.761462   -0.761462           0
           2    -0.76183   -0.761646   0.0001844
           3    -0.76187   -0.761721 0.000130113
           4   -0.762033   -0.761799 0.000120618
           5   -0.761539   -0.761747 0.000106887
           6   -0.761466     -0.7617 9.90674e-05
           7   -0.761435   -0.761662 9.18763e-05
           8    -0.76185   -0.761686 8.29731e-05
           9   -0.761406   -0.761655  7.9484e-05
          10   -0.761762   -0.761665 7.19043e-05
          11   -0.761775   -0.761675 6.58009e-05
          12   -0.761122   -0.761629 7.57502e-05
          13   -0.761666   -0.761632 6.97361e-05
          14   -0.762988   -0.761729 0.000116399
          15   -0.761316   -0.761701 0.000111804
          16   -0.762072   -0.761725 0.000107117
          17   -0.763381   -0.761822 0.000140058
          18   -0.761327   -0.761794 0.000134878
          19    -0.76088   -0.761746 0.000136359
          20   -0.761786   -0.761748 0.000129377
           1   -0.720276   -0.720276           0
           2   -0.718651   -0.719464   0.0008124
           3   -0.721147   -0.720025 0.000731398
           4    -0.72055   -0.720156 0.000533559
           5   -0.720918   -0.720308 0.000440468
           6    -0.72023   -0.720295  0.00035988
           7    -0.72105   -0.720403 0.000322683
           8    -0.72101   -0.720479 0.000289583
           9   -0.720831   -0.720518 0.000258371
          10   -0.721752   -0.720641 0.000261975
          11   -0.721293   -0.720701 0.000244252
          12   -0.719328   -0.720586   0.0002506
          13   -0.719955   -0.720538 0.000235574
          14   -0.721818   -0.720629 0.000236485
          15   -0.720059   -0.720591  0.00022341
          16   -0.720468   -0.720583 0.000209123
          17   -0.722467   -0.720694 0.000225535
          18   -0.720434    -0.72068 0.000213126
          19   -0.719914    -0.72064 0.000205582
          20    -0.72131   -0.720673 0.000197896
           1   -0.682042   -0.682042           0
           2    -0.68192   -0.681981    6.12e-05
           3   -0.681598   -0.681854 0.000132402
           4   -0.682211   -0.681943 0.000129451
           5   -0.682885   -0.682131 0.000213387
           6   -0.681003   -0.681943  0.00025634
           7   -0.683386   -0.682149 0.000299056
           8   -0.682249   -0.682162 0.000259288
           9   -0.682244   -0.682171 0.000228852
          10   -0.682849   -0.682239 0.000215621
          11   -0.681963   -0.682214 0.000196639
          12   -0.681715   -0.682172 0.000184251
          13   -0.680579    -0.68205 0.000209144
          14   -0.681732   -0.682027 0.000194955
          15   -0.681148   -0.681968 0.000190718
          16    -0.68159   -0.681945 0.000179958
          17   -0.683475   -0.682035 0.000191519
          18   -0.681829   -0.682023 0.000180928
          19   -0.682914    -0.68207 0.000177451
          20   -0.682766   -0.682105 0.000171897
           1   -0.646389   -0.646389           0
           2   -0.646955   -0.646672   0.0002832
           3   -0.646701   -0.646682 0.000163787
           4   -0.646311   -0.646589 0.000148283
           5   -0.648084   -0.646888 0.000320303
           6   -0.647122   -0.646927 0.000264408
           7   -0.646518   -0.646869 0.000230961
           8   -0.646946   -0.646878  0.00020025
           9   -0.645803   -0.646759 0.000213204
          10   -0.647362   -0.646819 0.000199997
          11   -0.646816   -0.646819 0.000180904
          12   -0.646032   -0.646753 0.000177681
          13   -0.645858   -0.646684 0.000177345
          14   -0.646513   -0.646672 0.000164646
          15   -0.645923   -0.646622 0.000161204
          16     -0.6458   -0.646571 0.000159308
          17   -0.646226    -0.64655 0.000151015
          18   -0.647343   -0.646595 0.000149034
          19   -0.646057   -0.646566 0.000143785
          20   -0.646639    -0.64657 0.000136455
           1   -0.613105   -0.613105           0
           2   -0.613675    -0.61339   0.0002852
           3   -0.612174   -0.612985 0.000437379
           4    -0.61239   -0.612836 0.000343121
           5   -0.613969   -0.613063 0.000349214
           6    -0.61276   -0.613012 0.000289562
           7   -0.613563   -0.613091 0.000257069
           8   -0.613958   -0.613199 0.000247629
           9   -0.612442   -0.613115 0.000234026
          10   -0.613756   -0.613179 0.000218905
          11   -0.614475   -0.613297 0.000230401
          12   -0.611699   -0.613164 0.000248937
          13   -0.612188   -0.613089 0.000240982
          14   -0.613368   -0.613109 0.000223995
          15    -0.61207    -0.61304 0.000219737
          16   -0.612928   -0.613033 0.000205663
          17   -0.613418   -0.613055  0.00019451
          18   -0.613646   -0.613088 0.000186295
          19   -0.613178   -0.613093 0.000176282
          20   -0.613468   -0.613112 0.000168285
           1   -0.583051   -0.583051           0
           2   -0.582357   -0.582704   0.0003472
           3   -0.583115   -0.582841 0.000242837
           4   -0.582638    -0.58279 0.000179031
           5   -0.583468   -0.582926 0.000193899
           6   -0.582398   -0.582838 0.000181157
           7   -0.582754   -0.582826  0.00015357
           8   -0.583799   -0.582948 0.000180245
           9   -0.582236   -0.582869 0.000177539
          10    -0.58295   -0.582877 0.000159007
          11   -0.583471   -0.582931 0.000153645
          12   -0.581358     -0.5828 0.000191941
          13    -0.58201   -0.582739 0.000186709
          14   -0.581875   -0.582677 0.000183541
          15   -0.581798   -0.582619 0.000180652
          16     -0.5834   -0.582667 0.000175899
          17   -0.582873    -0.58268 0.000165669
          18    -0.58249   -0.582669 0.000156547
          19   -0.583085   -0.582691 0.000149687
          20   -0.582998   -0.582706 0.000142835
           1   -0.555302   -0.555302           0
           2   -0.554958    -0.55513   0.0001724
           3   -0.554692   -0.554984 0.000176701
           4    -0.55475   -0.554925 0.000138006
           5   -0.555806   -0.555102 0.000206092
           6   -0.553644   -0.554859 0.000295521
           7    -0.55421   -0.554766 0.000266417
           8   -0.555034     -0.5548 0.000233151
           9   -0.553575   -0.554663 0.000246546
          10   -0.554682   -0.554665 0.000220525
          11    -0.55537   -0.554729 0.000209519
          12   -0.553806   -0.554652 0.000206175
          13   -0.553289   -0.554548 0.000216727
          14   -0.554061   -0.554513  0.00020364
          15   -0.554157   -0.554489 0.000191058
          16    -0.55438   -0.554482 0.000178848
          17   -0.555038   -0.554515 0.000171155
          18   -0.554632   -0.554521 0.000161497
          19   -0.554173   -0.554503 0.000153859
          20   -0.555055   -0.554531 0.000148551
           1   -0.528639   -0.528639           0
           2   -0.529371   -0.529005    0.000366
           3   -0.528434   -0.528815 0.000284347
           4   -0.528714    -0.52879 0.000202629
           5   -0.530197   -0.529071 0.000322213
           6   -0.527146    -0.52875 0.000414881
           7   -0.527986   -0.528641 0.000367233
           8   -0.528281   -0.528596 0.000321209
           9   -0.527887   -0.528517 0.000294029
          10   -0.528623   -0.528528   0.0002632
          11   -0.529214    -0.52859 0.000246097
          12   -0.528206   -0.528558 0.000226931
          13   -0.527826   -0.528502  0.00021622
          14   -0.528513   -0.528503 0.000200183
          15   -0.528142   -0.528479 0.000187908
          16   -0.528638   -0.528489 0.000176053
          17   -0.529019    -0.52852 0.000168293
          18   -0.528517    -0.52852 0.000158668
          19   -0.528674   -0.528528 0.000150306
          20   -0.529131   -0.528558  0.00014575
           1   -0.505293   -0.505293           0
           2   -0.504606   -0.504949   0.0003436
           3   -0.504598   -0.504832 0.000230276
           4   -0.505137   -0.504908 0.000179749
           5   -0.505348   -0.504996 0.000164669
           6   -0.504142   -0.504854 0.000195786
           7   -0.504617    -0.50482 0.000168903
           8   -0.504661     -0.5048 0.000147624
           9   -0.504948   -0.504817 0.000131224
          10   -0.504611   -0.504796 0.000119154
          11   -0.505119   -0.504825  0.00011171
          12   -0.504686   -0.504814 0.000102641
          13   -0.504021   -0.504753 0.000112407
          14   -0.504516   -0.504736 0.000105434
          15    -0.50463   -0.504729 9.84095e-05
          16   -0.504839   -0.504736 9.23119e-05
          17   -0.504482   -0.504721 8.79907e-05
          18   -0.504619   -0.504715 8.31501e-05
          19   -0.504681   -0.504713 7.86728e-05
          20   -0.504659   -0.504711 7.46846e-05
           1   -0.483122   -0.483122           0
           2   -0.482683   -0.482903   0.0002196
           3    -0.48281   -0.482872 0.000130537
           4    -0.48319   -0.482951 0.000121799
           5   -0.483238   -0.483009 0.000110455
           6   -0.481851   -0.482816 0.000212947
           7    -0.48296   -0.482836 0.000181149
           8   -0.482991   -0.482856  0.00015807
           9   -0.482166   -0.482779 0.000159058
          10    -0.48195   -0.482696 0.000164643
          11   -0.482663   -0.482693 0.000148955
          12   -0.482062   -0.482641 0.000145809
          13   -0.481528   -0.482555 0.000159104
          14   -0.481715   -0.482495 0.000159048
          15   -0.481906   -0.482456 0.000153178
          16   -0.482324   -0.482448 0.000143521
          17   -0.481874   -0.482414 0.000138966
          18    -0.48217     -0.4824 0.000131719
          19   -0.482069   -0.482383  0.00012581
          20    -0.48247   -0.482387 0.000119432
           1    -0.46239    -0.46239           0
           2   -0.462608   -0.462499   0.0001088
           3     -0.4626   -0.462533 7.12374e-05
           4   -0.462315   -0.462478   7.414e-05
           5   -0.462181   -0.462419 8.27084e-05
           6   -0.461582   -0.462279 0.000155028
           7   -0.462471   -0.462307 0.000133859
           8   -0.462827   -0.462372 0.000132933
           9   -0.462037   -0.462335 0.000123003
          10   -0.461978   -0.462299 0.000115639
          11    -0.46282   -0.462346 0.000114825
          12    -0.46089   -0.462225 0.000160386
          13   -0.461355   -0.462158 0.000161994
          14    -0.46149    -0.46211 0.000157377
          15   -0.461354    -0.46206 0.000154952
          16   -0.462332   -0.462077 0.000145939
          17   -0.462347   -0.462093 0.000138005
          18   -0.461465   -0.462058 0.000134709
          19   -0.462268   -0.462069 0.000127901
          20   -0.461816   -0.462056 0.000121995           