           1     77.7412     77.7412           0
           2     79.1011     78.4212    0.679912
           3     79.8533     78.8985    0.618046
           4     79.3846       79.02    0.453603
           5     78.8425     78.9845     0.35315
           6     78.4489     78.8953    0.301848
           7     79.1027     78.9249    0.256824
           8     78.5463     78.8776    0.227396
           9     80.1301     79.0167    0.244106
          10     79.7785     79.0929    0.231243
          11     81.4721     79.3092    0.300884
          12     78.2707     79.2227    0.287979
          13     81.3778     79.3884    0.312502
          14     81.8248     79.5625    0.337626
          15     79.7117     79.5724     0.31447
          16     77.9061     79.4683    0.312052
          17     80.4958     79.5287    0.299288
          18     79.3141     79.5168    0.282424
          19     78.7989      79.479    0.269805
          20     78.9238     79.4512     0.25746
           1      43.019      43.019           0
           2     44.7688     43.8939    0.874901
           3     43.2916     43.6931    0.543559
           4      44.682     43.9403    0.456997
           5     44.0866     43.9696    0.355195
           6     43.0594     43.8179    0.327295
           7     43.1419     43.7213     0.29299
           8     45.2327     43.9102    0.316343
           9     43.2344     43.8351    0.288917
          10     43.5718     43.8088    0.259753
          11      46.497     44.0532    0.339007
          12     45.3442     44.1608    0.327637
          13     46.1014     44.3101    0.336324
          14     43.8391     44.2764    0.313187
          15     46.2485     44.4079    0.319834
          16     45.7293     44.4905    0.310367
          17     44.6582     44.5003    0.291706
          18     44.7715     44.5154    0.275436
          19     44.0725     44.4921    0.261577
          20     44.5172     44.4934    0.248157
           1     23.6769     23.6769           0
           2     25.2056     24.4413    0.764369
           3     23.9659     24.2828    0.468897
           4     25.1871     24.5089    0.401302
           5     24.9823     24.6035    0.324946
           6      25.156     24.6956    0.280841
           7        25.1     24.7534    0.244282
           8     24.4608     24.7168    0.214692
           9     24.9599     24.7438    0.191257
          10     24.7562     24.7451     0.17107
          11     24.4363      24.717    0.157265
          12     24.3488     24.6863    0.146805
          13     25.0678     24.7157    0.138192
          14     24.1474     24.6751    0.134225
          15     25.5886      24.736    0.139009
          16     24.6662     24.7316    0.130104
          17     25.3628     24.7687    0.127727
          18     23.8588     24.7182    0.130603
          19     24.4112      24.702     0.12459
          20     24.9315     24.7135    0.118752
           1     15.5496     15.5496           0
           2     15.4076     15.4786    0.071034
           3     15.0169     15.3247    0.159265
           4      15.658      15.408    0.140087
           5     14.1402     15.1545    0.275804
           6     15.2237      15.166    0.225488
           7     15.0952     15.1559    0.190841
           8     15.0194     15.1388    0.166152
           9     14.9052     15.1129    0.148813
          10       15.46     15.1476    0.137554
          11     15.1013     15.1434    0.124493
          12     14.9454     15.1269    0.114838
          13     15.3511     15.1441    0.107035
          14     15.0161      15.135   0.0995161
          15     15.1125     15.1335   0.0926565
          16     15.3479     15.1469   0.0877021
          17     16.2172     15.2098    0.103685
          18     14.6462     15.1785    0.102649
          19     15.0695     15.1728    0.097265
          20      15.866     15.2074   0.0985689
           1     10.3402     10.3402           0
           2     10.3656     10.3529   0.0127084
           3     10.3377     10.3478  0.00892167
           4     10.5141     10.3894   0.0420301
           5      9.9392     10.2994   0.0957431
           6     10.2283     10.2875   0.0790646
           7     10.1055     10.2615   0.0717004
           8     10.3055      10.267   0.0623368
           9     10.1593      10.255   0.0562635
          10     10.3833     10.2679   0.0519318
          11     10.1669     10.2587   0.0478627
          12     10.2965     10.2618   0.0438061
          13       10.61     10.2886   0.0483838
          14      9.9979     10.2679   0.0493741
          15     10.2604     10.2674   0.0459675
          16     10.2396     10.2656   0.0430335
          17     10.6708     10.2895   0.0469271
          18     10.5048     10.3014   0.0458316
          19      10.193     10.2957   0.0437266
          20     10.2344     10.2927   0.0415958
           1     7.53724     7.53724           0
           2     7.41358     7.47541     0.06183
           3     7.47799     7.47627   0.0357079
           4     7.47658     7.47635   0.0252494
           5     7.28284     7.43765   0.0433633
           6     7.55709     7.45755   0.0406188
           7     7.47916     7.46064   0.0344677
           8     7.25863     7.43539   0.0390976
           9     7.37077     7.42821   0.0352205
          10     7.31288     7.41668    0.033547
          11       7.458     7.42043   0.0305761
          12     7.36148     7.41552   0.0283411
          13      7.2981     7.40649   0.0275904
          14     7.46181     7.41044   0.0258475
          15     7.50585      7.4168   0.0248892
          16     7.38952      7.4151   0.0233441
          17     7.44656     7.41695   0.0220059
          18     7.40902     7.41651    0.020752
          19     7.30228     7.41049   0.0205294
          20     7.39522     7.40973   0.0194909
           1     5.60358     5.60358           0
           2     5.61278     5.60818  0.00459782
           3     5.58506     5.60047  0.00815172
           4     5.63879     5.61005   0.0111808
           5     5.51627     5.59129   0.0206599
           6     5.66078     5.60288   0.0204619
           7      5.6136     5.60441   0.0173612
           8     5.49866     5.59119     0.02002
           9     5.59112     5.59118    0.017656
          10      5.5886     5.59092   0.0157941
          11     5.58795     5.59065   0.0142888
          12     5.68949     5.59889   0.0154268
          13     5.54646     5.59486   0.0147525
          14      5.6402      5.5981    0.014037
          15     5.64805     5.60143   0.0134855
          16     5.59099     5.60077   0.0126314
          17     5.59167     5.60024   0.0118772
          18     5.61578      5.6011   0.0112312
          19     5.62708     5.60247   0.0107112
          20     5.59479     5.60208   0.0101688
           1     4.36343     4.36343           0
           2     4.47779     4.42061   0.0571813
           3     4.46511     4.43544   0.0361929
           4     4.40837     4.42867   0.0264718
           5     4.44393     4.43173   0.0207309
           6     4.44087     4.43325   0.0169951
           7     4.41712     4.43094   0.0145473
           8     4.29434     4.41387   0.0212202
           9     4.37033     4.40903   0.0193296
          10     4.49736     4.41786   0.0194148
          11     4.39666     4.41594   0.0176668
          12     4.51567     4.42425    0.018143
          13      4.4774     4.42834   0.0171827
          14     4.46107     4.43067   0.0160791
          15     4.37455     4.42693   0.0154293
          16     4.38074     4.42405   0.0147187
          17     4.37503     4.42116   0.0141233
          18     4.46944     4.42385    0.013583
          19     4.34818     4.41986   0.0134512
          20     4.35155     4.41645   0.0132101
           1     3.50615     3.50615           0
           2     3.60823     3.55719   0.0510415
           3     3.54686     3.55375   0.0296695
           4     3.51488     3.54403   0.0231208
           5     3.58058     3.55134   0.0193436
           6     3.63191     3.56477   0.0207315
           7     3.55621     3.56355   0.0175639
           8     3.59581     3.56758   0.0157364
           9     3.57765      3.5687   0.0139232
          10     3.57941     3.56977   0.0124993
          11     3.54352     3.56738   0.0115551
          12     3.62443     3.57214   0.0115702
          13      3.5863     3.57323   0.0106986
          14      3.5245     3.56975   0.0104986
          15     3.55983     3.56908  0.00979598
          16     3.57991     3.56976  0.00918826
          17     3.62494     3.57301  0.00922106
          18     3.57237     3.57297  0.00869377
          19     3.63799     3.57639  0.00890715
          20     3.53884     3.57452  0.00865614
           1     2.92632     2.92632           0
           2     2.94245     2.93438  0.00806171
           3     2.91207     2.92695  0.00877402
           4     2.92485     2.92642  0.00622619
           5      3.0217     2.94548   0.0196565
           6     2.97621      2.9506   0.0168468
           7     2.97786     2.95449   0.0147611
           8     2.95493     2.95455   0.0127836
           9     2.99474     2.95901   0.0121265
          10     3.01847     2.96496   0.0123689
          11     2.98559     2.96684   0.0113442
          12     2.95962     2.96623   0.0103733
          13     2.98019     2.96731   0.0096022
          14     2.99756     2.96947  0.00914876
          15     3.01238     2.97233  0.00898455
          16     2.95803     2.97144  0.00845168
          17     2.99358     2.97274   0.0080451
          18     2.99737     2.97411  0.00770742
          19     2.95781     2.97325  0.00734078
          20     2.99417     2.97429  0.00704218
           1     2.51263     2.51263           0
           2     2.54373     2.52818   0.0155501
           3      2.5074     2.52126   0.0113402
           4     2.55109     2.52872    0.010952
           5     2.51968     2.52691  0.00867388
           6     2.53978     2.52905  0.00740005
           7     2.50565     2.52571  0.00709186
           8     2.58909     2.53363   0.0100243
           9     2.54419     2.53481  0.00891815
          10     2.54573      2.5359  0.00805106
          11     2.54593     2.53681  0.00733933
          12     2.50125     2.53385  0.00732588
          13     2.54303     2.53455  0.00677577
          14     2.50887     2.53272  0.00653596
          15     2.51046     2.53123  0.00626305
          16     2.51858     2.53044  0.00591167
          17     2.51713     2.52966  0.00560802
          18     2.53032      2.5297  0.00528742
          19     2.52776      2.5296  0.00500244
          20     2.54633     2.53043  0.00481892
           1     2.19327     2.19327           0
           2     2.17892     2.18609   0.0071745
           3     2.18424     2.18548  0.00418812
           4     2.14931     2.17644  0.00951402
           5     2.19739     2.18063  0.00847782
           6      2.1771     2.18004  0.00694699
           7     2.15699     2.17675  0.00673156
           8     2.17482     2.17651  0.00583466
           9     2.16429     2.17515  0.00532162
          10     2.18187     2.17582  0.00480699
          11     2.16706     2.17502  0.00442049
          12     2.17171     2.17475   0.0040448
          13     2.15904     2.17354  0.00391205
          14     2.22489     2.17721   0.0051549
          15     2.16558     2.17643  0.00486111
          16     2.20376     2.17814  0.00485728
          17     2.20551     2.17975  0.00483839
          18     2.17286     2.17937  0.00457772
          19      2.1793     2.17936  0.00433009
          20     2.16138     2.17846  0.00420514
           1      1.8969      1.8969           0
           2     1.87196     1.88443   0.0124736
           3     1.90915     1.89267   0.0109436
           4     1.91396     1.89799  0.00939191
           5     1.91622     1.90164  0.00813727
           6     1.90677     1.90249  0.00669889
           7     1.89959     1.90208  0.00567671
           8      1.8881     1.90033   0.0052173
           9     1.89258     1.89947  0.00468112
          10     1.89557     1.89908  0.00420501
          11     1.92007     1.90099   0.0042555
          12     1.90386     1.90123   0.0038921
          13     1.91292     1.90213  0.00369152
          14     1.90543     1.90236  0.00342579
          15     1.90261     1.90238  0.00318928
          16      1.9275     1.90395  0.00337109
          17     1.93772     1.90594  0.00373819
          18     1.90679     1.90598  0.00352472
          19     1.90123     1.90573  0.00334343
          20     1.90246     1.90557  0.00317608
           1     1.69949     1.69949           0
           2     1.65802     1.67875   0.0207391
           3     1.68817     1.68189   0.0123784
           4     1.68822     1.68347  0.00889438
           5     1.69131     1.68504  0.00706554
           6     1.69362     1.68647  0.00594359
           7     1.70085     1.68853  0.00542699
           8     1.71017     1.69123  0.00542291
           9     1.68344     1.69036  0.00486035
          10      1.7134     1.69267  0.00491972
          11     1.69467     1.69285  0.00445377
          12     1.69311     1.69287  0.00406578
          13      1.6975     1.69323  0.00375687
          14     1.67186      1.6917  0.00379828
          15     1.70003     1.69226  0.00357934
          16     1.70197     1.69286  0.00340277
          17     1.69715     1.69312  0.00320625
          18     1.70052     1.69353  0.00305075
          19     1.69051     1.69337   0.0028901
          20     1.68841     1.69312  0.00275298
           1      1.5094      1.5094           0
           2     1.50471     1.50705  0.00234358
           3     1.52245     1.51218  0.00530771
           4     1.50001     1.50914  0.00483246
           5     1.49286     1.50588  0.00496097
           6     1.49508     1.50408  0.00443312
           7     1.48982     1.50205  0.00426498
           8     1.50209     1.50205  0.00369359
           9     1.52677      1.5048  0.00426053
          10     1.50112     1.50443  0.00382845
          11     1.51556     1.50544  0.00360768
          12     1.50717     1.50558  0.00329648
          13     1.51119     1.50602  0.00306277
          14     1.49867     1.50549  0.00288369
          15     1.51208     1.50593  0.00272027
          16     1.51996     1.50681   0.0026915
          17     1.51838     1.50749  0.00261831
          18     1.50631     1.50742  0.00246943
          19     1.53468     1.50886  0.00274114
          20     1.51637     1.50923  0.00262747
           1     1.35481     1.35481           0
           2     1.34762     1.35122    0.003591
           3     1.36943     1.35729  0.00641651
           4     1.36622     1.35952  0.00505656
           5     1.34929     1.35747  0.00441917
           6     1.35475     1.35702  0.00363668
           7     1.37156      1.3591  0.00370952
           8     1.35754      1.3589  0.00321846
           9     1.36463     1.35954  0.00290883
          10     1.35681     1.35927  0.00261595
          11     1.36621      1.3599  0.00244901
          12      1.3392     1.35817   0.0028235
          13     1.34325     1.35702  0.00283961
          14      1.3511      1.3566  0.00266285
          15     1.36685     1.35728  0.00257142
          16     1.36529     1.35778  0.00245685
          17     1.36299     1.35809  0.00232804
          18     1.35957     1.35817  0.00219644
          19      1.3563     1.35807  0.00207997
          20     1.35972     1.35816  0.00197495
           1     78.2716     78.2716           0
           2     78.8315     78.5516     0.27994
           3     81.9576     79.6869      1.1468
           4     77.6435     79.1761    0.958412
           5     79.8838     79.3176    0.755757
           6     78.8008     79.2315    0.623056
           7     79.9839      79.339    0.537437
           8     83.8792     79.9065    0.733972
           9     77.2428     79.6105    0.711757
          10     80.4275     79.6922    0.641836
          11      79.865     79.7079    0.580775
          12     81.3981     79.8488    0.548562
          13     80.3897     79.8904    0.506316
          14      80.113     79.9063    0.469028
          15     75.2074      79.593    0.537391
          16      83.607     79.8439    0.561806
          17     83.1947      80.041    0.563333
          18     82.4309     80.1738    0.547459
          19     80.0958     80.1697    0.517861
          20     80.1082     80.1666    0.491295
           1     45.8449     45.8449           0
           2     43.2815     44.5632     1.28171
           3     43.0419     44.0561    0.897075
           4     42.8157      43.746    0.706069
           5     44.4799     43.8928    0.566271
           6     46.2222      44.281    0.603737
           7     41.5315     43.8882    0.643922
           8     46.7741      44.249    0.664154
           9     43.1702     44.1291    0.597868
          10     46.8031     44.3965    0.597877
          11     45.2373     44.4729    0.546175
          12     46.5157     44.6432    0.526847
          13     43.7602     44.5752    0.489365
          14     47.0276     44.7504    0.485748
          15      44.279      44.719    0.453297
          16     45.7035     44.7805    0.428462
          17     45.0998     44.7993    0.402908
          18     45.6056     44.8441    0.382497
          19     45.5786     44.8828    0.363865
          20     43.9563     44.8364    0.348287
           1     24.4642     24.4642           0
           2     25.2121     24.8382    0.373969
           3     24.7313     24.8026     0.21883
           4      24.748     24.7889    0.155335
           5     23.2218     24.4755    0.335728
           6     24.8197     24.5329     0.28006
           7     24.5955     24.5418    0.236863
           8     23.9037     24.4621    0.220094
           9     23.7831     24.3866    0.208249
          10     25.6179     24.5097    0.223283
          11     25.1306     24.5662    0.209706
          12     23.3745     24.4669    0.215659
          13     23.8361     24.4184    0.204225
          14     24.6211     24.4328    0.189629
          15     21.7432     24.2535    0.251626
          16     23.0779     24.1801    0.246577
          17     25.8486     24.2782    0.251555
          18     23.6844     24.2452    0.239452
          19     24.7851     24.2736    0.228274
          20     23.6179     24.2408    0.219028
           1     14.9798     14.9798           0
           2     14.8316     14.9057    0.074054
           3     15.7551     15.1888    0.286345
           4     15.1867     15.1883    0.202477
           5      15.176     15.1858    0.156857
           6     14.5778     15.0845    0.163318
           7     14.8456     15.0504    0.142187
           8     15.5335     15.1108    0.137149
           9     15.1719     15.1175    0.121145
          10     15.2668     15.1325    0.109378
          11     15.8139     15.1944    0.116729
          12     15.2925     15.2026    0.106871
          13     15.2251     15.2043   0.0983226
          14     14.8075      15.176   0.0953402
          15     14.7782     15.1495   0.0926337
          16     14.9173     15.1349   0.0878569
          17     14.9541     15.1243   0.0832099
          18     14.6721     15.0992   0.0823752
          19     15.3773     15.1138   0.0792818
          20     15.1589     15.1161   0.0752471
           1     10.1504     10.1504           0
           2     10.5564     10.3534    0.202973
           3     10.3858     10.3642    0.117683
           4     9.72597     10.2046    0.179948
           5     10.3115      10.226    0.141015
           6      10.397     10.2545    0.118613
           7     10.5283     10.2936    0.107608
           8     10.2486      10.288   0.0933607
           9     9.87002     10.2415   0.0945309
          10     10.3644     10.2538   0.0854386
          11     10.1828     10.2474   0.0775517
          12     10.5418     10.2719   0.0749262
          13     10.1197     10.2602   0.0699098
          14     10.1981     10.2558   0.0648755
          15      10.294     10.2583   0.0604495
          16     10.4912     10.2729   0.0583888
          17     10.2236       10.27   0.0549232
          18     10.2115     10.2667   0.0518839
          19     10.2684     10.2668   0.0490773
          20     10.3806     10.2725   0.0469051
           1     7.42212     7.42212           0
           2     7.54781     7.48497   0.0628428
           3     7.56097      7.5103   0.0442525
           4     7.38207     7.47824   0.0447971
           5     7.09262     7.40112   0.0845707
           6     7.50006     7.41761   0.0709933
           7     7.57264     7.43976   0.0639573
           8     7.39421     7.43406   0.0556806
           9      7.6201     7.45473   0.0532787
          10     7.47628     7.45689   0.0477026
          11      7.2865      7.4414   0.0458447
          12     7.46368     7.44326   0.0418914
          13     7.39837      7.4398   0.0386888
          14     7.48614     7.44311   0.0359715
          15     7.40689      7.4407   0.0335746
          16     7.34707     7.43485   0.0319466
          17     7.49945     7.43865   0.0302483
          18     7.32195     7.43216    0.029246
          19      7.3964     7.43028   0.0277279
          20     7.21731     7.41963   0.0283786
           1     5.66812     5.66812           0
           2     5.46419     5.56615    0.101967
           3     5.68503     5.60578   0.0709635
           4     5.62534     5.61067   0.0504166
           5     5.54379     5.59729   0.0412795
           6     5.52139     5.58464   0.0360008
           7     5.54067     5.57836    0.031068
           8     5.54473     5.57416    0.027232
           9     5.63064     5.58043   0.0248229
          10     5.64917     5.58731    0.023242
          11     5.62344     5.59059   0.0212782
          12     5.60694     5.59195   0.0194719
          13     5.58265     5.59124   0.0179259
          14     5.57328     5.58995   0.0166456
          15     5.60732     5.59111   0.0155394
          16     5.60121     5.59174   0.0145495
          17     5.70201     5.59823    0.015128
          18     5.63619     5.60034   0.0144179
          19     5.58863     5.59972   0.0136519
          20     5.43649     5.59156   0.0153085
           1     4.51461     4.51461           0
           2     4.41911     4.46686   0.0477513
           3     4.37637      4.4367   0.0408641
           4     4.44797     4.43952   0.0290324
           5      4.5435     4.46031     0.03063
           6     4.43249     4.45568   0.0254356
           7     4.45882     4.45613   0.0215017
           8     4.37211     4.44562   0.0213785
           9     4.43831     4.44481   0.0188716
          10     4.28663     4.42899   0.0231324
          11     4.35447     4.42222   0.0219935
          12     4.45408     4.42487    0.020252
          13     4.35213     4.41928   0.0194513
          14     4.41738     4.41914   0.0180089
          15     4.38498     4.41686   0.0169194
          16     4.43599     4.41806   0.0158717
          17      4.4762     4.42148   0.0152962
          18     4.34255     4.41709   0.0150734
          19     4.44708     4.41867   0.0143451
          20     4.35302     4.41539   0.0139992
           1     3.58561     3.58561           0
           2     3.50779      3.5467   0.0389065
           3     3.61703     3.57014   0.0324688
           4     3.58233     3.57319   0.0231602
           5      3.6196     3.58247   0.0201988
           6     3.64649     3.59314   0.0196423
           7     3.45374     3.57323   0.0259263
           8     3.60004     3.57658   0.0227016
           9     3.53125     3.57154   0.0206447
          10     3.66065     3.58045    0.020503
          11     3.53401     3.57623   0.0190201
          12     3.62814     3.58056   0.0178935
          13     3.60725     3.58261   0.0165873
          14     3.63522     3.58637     0.01581
          15      3.5736     3.58552   0.0147429
          16     3.61278     3.58722   0.0138956
          17     3.51056     3.58271   0.0138097
          18     3.64958     3.58643   0.0135395
          19     3.50554     3.58217   0.0134962
          20     3.61219     3.58367   0.0128913
           1     2.98285     2.98285           0
           2     2.99358     2.98822    0.005364
           3      2.9484     2.97495   0.0136283
           4     2.94271     2.96689   0.0125624
           5     2.99386     2.97228   0.0111262
           6     2.97786     2.97321  0.00913191
           7     2.96054      2.9714  0.00792728
           8     2.96129     2.97014   0.0069805
           9     2.95529     2.96849  0.00637341
          10     3.02227     2.97387  0.00783733
          11     2.91335     2.96837  0.00897323
          12      2.9354     2.96562  0.00863978
          13     2.95792     2.96503  0.00796947
          14     3.00445     2.96784   0.0078975
          15     2.93302     2.96552  0.00771007
          16     2.99355     2.96727  0.00742176
          17     2.96071     2.96689   0.0069822
          18     2.97563     2.96737  0.00660076
          19     3.04512     2.97146  0.00746511
          20     2.98212       2.972  0.00710204
           1     2.55893     2.55893           0
           2      2.5594     2.55917   0.0002304
           3     2.53981     2.55271  0.00645275
           4     2.53542     2.54839  0.00628513
           5     2.57456     2.55362  0.00714726
           6     2.51182     2.54666  0.00908855
           7     2.55969     2.54852  0.00790367
           8     2.57856     2.55227  0.00780706
           9     2.52323     2.54905  0.00760383
          10      2.5595     2.55009    0.006881
          11      2.5424     2.54939  0.00626325
          12      2.5186     2.54683  0.00626693
          13     2.52321     2.54501  0.00604422
          14     2.50064     2.54184  0.00643097
          15     2.55804     2.54292  0.00608347
          16     2.54145     2.54283  0.00569131
          17     2.48579     2.53947  0.00631181
          18     2.49775     2.53716  0.00638631
          19      2.5454     2.53759  0.00605642
          20     2.49164     2.53529  0.00618788
           1     2.16549     2.16549           0
           2     2.22247     2.19398     0.02849
           3     2.16332     2.18376   0.0193665
           4     2.15728     2.17714   0.0152103
           5     2.21473     2.18466   0.0139759
           6     2.19308     2.18606   0.0114973
           7     2.16716     2.18336   0.0100853
           8     2.14444      2.1785  0.00999752
           9      2.1286     2.17295   0.0104152
          10     2.18122     2.17378  0.00935221
          11     2.18343     2.17466   0.0085048
          12     2.18912     2.17586   0.0078568
          13     2.15165       2.174  0.00746324
          14     2.18941      2.1751  0.00699669
          15     2.16448     2.17439   0.0065519
          16     2.19456     2.17565  0.00625706
          17     2.18906     2.17644  0.00593014
          18     2.22049     2.17889    0.006103
          19     2.18607     2.17927  0.00578522
          20     2.19396        2.18   0.0055373
           1     1.90357     1.90357           0
           2     1.91698     1.91028  0.00670541
           3     1.90309     1.90788  0.00455263
           4     1.91556      1.9098  0.00374814
           5     1.91134     1.91011  0.00291966
           6      1.9064     1.90949  0.00246289
           7     1.91136     1.90976  0.00209864
           8     1.89095     1.90741  0.00297198
           9     1.88385     1.90479   0.0037039
          10     1.90266     1.90458  0.00331973
          11     1.88641     1.90293   0.0034272
          12     1.87887     1.90092  0.00371588
          13     1.90777     1.90145  0.00345845
          14     1.88829     1.90051    0.003337
          15     1.90607     1.90088   0.0031286
          16     1.90791     1.90132  0.00295939
          17      1.8692     1.89943  0.00336108
          18     1.91958     1.90055  0.00336072
          19      1.9519     1.90325  0.00417245
          20     1.90864     1.90352   0.0039675
           1     1.67947     1.67947           0
           2     1.67859     1.67903 0.000440444
           3     1.66244      1.6735  0.00553577
           4     1.64576     1.66656  0.00796362
           5      1.6848     1.67021  0.00716571
           6     1.71402     1.67751  0.00935693
           7     1.68332     1.67834  0.00795139
           8     1.68125     1.67871  0.00689571
           9     1.68501     1.67941  0.00612164
          10     1.69758     1.68122  0.00576927
          11     1.69282     1.68228  0.00532397
          12     1.66242     1.68062  0.00513416
          13     1.69811     1.68197   0.0049105
          14     1.66533     1.68078  0.00469899
          15     1.66975     1.68004  0.00443591
          16     1.68839     1.68057  0.00418208
          17     1.68215     1.68066  0.00392948
          18     1.72091     1.68289  0.00432728
          19     1.70681     1.68415   0.0042824
          20     1.68546     1.68422  0.00406316
           1     1.49417     1.49417           0
           2     1.53265     1.51341   0.0192417
           3     1.48691     1.50457   0.0141936
           4     1.51879     1.50813   0.0106467
           5     1.51533     1.50957  0.00837161
           6     1.49357      1.5069  0.00733689
           7     1.52773     1.50988  0.00687804
           8     1.51849     1.51095  0.00605311
           9     1.48882     1.50849  0.00587758
          10     1.50336     1.50798   0.0052821
          11      1.5045     1.50766  0.00478831
          12     1.50392     1.50735  0.00438226
          13     1.50241     1.50697  0.00404897
          14     1.47898     1.50497   0.0042486
          15     1.49758     1.50448  0.00398582
          16     1.51445      1.5051  0.00378011
          17     1.48009     1.50363  0.00384366
          18     1.50863     1.50391  0.00363447
          19     1.49285     1.50333   0.0034868
          20     1.50818     1.50357  0.00331676
           1     1.35022     1.35022           0
           2     1.38703     1.36863   0.0184026
           3     1.38159     1.37295   0.0114695
           4     1.38766     1.37662   0.0089051
           5     1.36512     1.37432  0.00727133
           6     1.35931     1.37182  0.00644295
           7     1.36937     1.37147  0.00545657
           8     1.36941     1.37121  0.00473254
           9     1.33585     1.36728  0.00573218
          10     1.36043      1.3666  0.00517256
          11     1.37875      1.3677   0.0048075
          12     1.34724       1.366  0.00470816
          13     1.35371     1.36505  0.00443288
          14     1.36511     1.36506  0.00410405
          15     1.35599     1.36445  0.00386821
          16     1.36063     1.36421  0.00362624
          17     1.33784     1.36266  0.00374293
          18     1.35085     1.36201  0.00358936
          19     1.36609     1.36222  0.00340198
          20     1.36857     1.36254  0.00324296