           1    0.341938    0.341938           0
           2    0.329546    0.335742  0.00619581
           3    0.320792    0.330759  0.00613444
           4    0.324433    0.329177    0.004617
           5    0.337337    0.330809  0.00393111
           6    0.340328    0.332396  0.00358037
           7    0.332634     0.33243  0.00302615
           8    0.334019    0.332628  0.00262824
           9    0.316331    0.330817  0.00294136
          10    0.317208    0.329456  0.00296203
          11    0.311143    0.327792  0.00315438
          12    0.344781    0.329207  0.00320878
          13    0.306269    0.327443  0.00343887
          14    0.308241    0.326071  0.00346665
          15    0.329174    0.326278   0.0032339
          16    0.329862    0.326502  0.00303332
          17    0.317007    0.325944  0.00290353
          18    0.330602    0.326202  0.00274968
          19    0.329896    0.326397  0.00260819
          20    0.326133    0.326384  0.00247439
           1    0.431221    0.431221           0
           2    0.422782    0.427002  0.00421938
           3    0.429576     0.42786  0.00258275
           4    0.420892    0.426118  0.00252373
           5    0.428107    0.426516  0.00199495
           6    0.415723    0.424717  0.00242668
           7    0.422576    0.424411  0.00207359
           8    0.417673    0.423569   0.0019835
           9    0.418801    0.423039  0.00182775
          10    0.425631    0.423298   0.0016552
          11    0.433061    0.424186  0.00174048
          12    0.422584    0.424052  0.00159443
          13    0.429313    0.424457  0.00152147
          14    0.406874    0.423201  0.00188721
          15    0.435774    0.424039  0.00194662
          16    0.420156    0.423796    0.001837
          17     0.42045      0.4236  0.00173675
          18    0.419968    0.423398   0.0016498
          19    0.427278    0.423602  0.00157386
          20    0.423294    0.423587  0.00149317
           1    0.431945    0.431945           0
           2    0.435251    0.433598  0.00165259
           3     0.42348    0.430225  0.00350513
           4    0.440919    0.432899  0.00364553
           5    0.433972    0.433113  0.00283196
           6    0.426655    0.432037   0.0025505
           7    0.433243    0.432209  0.00216245
           8    0.434404    0.432484  0.00189271
           9    0.432029    0.432433  0.00166998
          10     0.42919    0.432109  0.00152847
          11    0.433525    0.432238  0.00138854
          12    0.424046    0.431555  0.00143968
          13    0.433931    0.431738  0.00133687
          14    0.428738    0.431523  0.00125611
          15    0.435939    0.431818  0.00120586
          16    0.434061    0.431958  0.00113666
          17    0.427811    0.431714  0.00109521
          18    0.428641    0.431543  0.00104659
          19    0.432677    0.431603 0.000991775
          20     0.43049    0.431547 0.000942525
           1    0.451174    0.451174           0
           2    0.446396    0.448785  0.00238907
           3    0.435773    0.444448  0.00455146
           4    0.446658       0.445  0.00326548
           5    0.437158    0.443432  0.00297621
           6    0.440014    0.442862  0.00249595
           7    0.430556    0.441104  0.00274598
           8    0.434231    0.440245  0.00252852
           9    0.445998    0.440884  0.00231977
          10     0.44567    0.441363  0.00212935
          11    0.437299    0.440994  0.00196118
          12    0.436537    0.440622  0.00182842
          13    0.438101    0.440428  0.00169305
          14    0.435258    0.440059  0.00161038
          15    0.439002    0.439988  0.00150083
          16    0.434242    0.439629  0.00144912
          17    0.442797    0.439816  0.00137391
          18    0.438171    0.439724  0.00129855
          19    0.438098    0.439639  0.00123128
          20    0.434781    0.439396  0.00119308
           1    0.443242    0.443242           0
           2    0.433124    0.438183  0.00505929
           3    0.436774    0.437713  0.00295852
           4    0.441665    0.438701  0.00231347
           5     0.43655    0.438271  0.00184295
           6    0.438976    0.438388  0.00150935
           7    0.439519     0.43855  0.00128582
           8    0.438244    0.438512  0.00111421
           9    0.442345    0.438938  0.00107097
          10    0.426216    0.437665  0.00159244
          11    0.435166    0.437438  0.00145822
          12    0.434334     0.43718  0.00135608
          13    0.443601    0.437674  0.00134165
          14    0.434296    0.437432  0.00126535
          15    0.433367    0.437161  0.00120874
          16    0.430134    0.436722  0.00121297
          17    0.441957     0.43703  0.00118028
          18    0.436142    0.436981  0.00111387
          19    0.435114    0.436882  0.00105819
          20    0.437045    0.436891  0.00100392
           1     0.42036     0.42036           0
           2    0.417994    0.419177  0.00118342
           3    0.421139    0.419831 0.000945834
           4    0.423776    0.420817  0.00119161
           5    0.419874    0.420628 0.000942118
           6    0.421876    0.420836 0.000796847
           7    0.417888    0.420415 0.000794351
           8    0.419001    0.420238 0.000710275
           9    0.420289    0.420244  0.00062643
          10    0.422026    0.420422 0.000587947
          11    0.423412    0.420694  0.00059723
          12    0.416628    0.420355 0.000641904
          13    0.427463    0.420902 0.000804741
          14    0.425021    0.421196 0.000801044
          15    0.422874    0.421308 0.000754074
          16    0.419413     0.42119 0.000715246
          17    0.420836    0.421169 0.000672178
          18    0.417393    0.420959 0.000667557
          19    0.425392    0.421192 0.000673179
          20    0.422072    0.421236 0.000640148
           1    0.395836    0.395836           0
           2    0.396207    0.396022 0.000185275
           3    0.396729    0.396257 0.000258976
           4    0.404286    0.398265  0.00201559
           5    0.396509    0.397914  0.00160027
           6    0.399708    0.398213   0.0013404
           7    0.393854     0.39759  0.00129266
           8    0.397492    0.397578  0.00111954
           9    0.396801    0.397491 0.000991103
          10    0.395513    0.397294 0.000908271
          11    0.400653    0.397599 0.000876482
          12    0.400602    0.397849 0.000838345
          13    0.402171    0.398182 0.000839758
          14    0.396295    0.398047 0.000789055
          15    0.400158    0.398188 0.000747928
          16     0.39562    0.398027 0.000717787
          17    0.394852     0.39784 0.000699637
          18    0.394521    0.397656 0.000684916
          19    0.398038    0.397676 0.000648178
          20    0.400715    0.397828 0.000633404
           1    0.367092    0.367092           0
           2    0.366081    0.366586 0.000505521
           3    0.369992    0.367722  0.00117194
           4    0.370185    0.368337  0.00103241
           5    0.373792    0.369428  0.00135259
           6    0.375157    0.370383  0.00145988
           7    0.368594    0.370127  0.00126002
           8    0.369928    0.370102  0.00109149
           9    0.366934     0.36975  0.00102498
          10    0.369219    0.369697 0.000918307
          11    0.367461    0.369494 0.000855152
          12    0.371694    0.369677 0.000801879
          13    0.374519     0.37005 0.000826303
          14    0.372811    0.370247  0.00079003
          15    0.369758    0.370214   0.0007362
          16    0.369699    0.370182 0.000689405
          17    0.368902    0.370107 0.000651945
          18    0.372928    0.370264 0.000634332
          19    0.371833    0.370346 0.000605677
          20    0.370817     0.37037 0.000575077
           1    0.344406    0.344406           0
           2    0.345051    0.344728 0.000322413
           3    0.343723    0.344393 0.000383238
           4    0.342368    0.343887 0.000574218
           5    0.349113    0.344932  0.00113591
           6    0.346124    0.345131 0.000948487
           7    0.344777     0.34508  0.00080321
           8     0.34855    0.345514 0.000819737
           9    0.342916    0.345225  0.00077845
          10    0.347179    0.345421 0.000723153
          11    0.343926    0.345285 0.000668071
          12    0.346099    0.345353 0.000613621
          13    0.347555    0.345522 0.000589315
          14     0.34272    0.345322 0.000581157
          15    0.344992      0.3453 0.000541475
          16    0.345205    0.345294 0.000506538
          17    0.341709    0.345083 0.000520449
          18    0.345441    0.345103 0.000491086
          19    0.347598    0.345234  0.00048273
          20    0.345816    0.345263 0.000458879
           1    0.313831    0.313831           0
           2     0.31812    0.315975  0.00214416
           3     0.31713     0.31636  0.00129636
           4    0.316252    0.316333  0.00091707
           5    0.319911    0.317049  0.00100823
           6    0.317956      0.3172 0.000837007
           7    0.316523    0.317103 0.000713975
           8    0.321655    0.317672 0.000840281
           9    0.315274    0.317406 0.000787497
          10    0.317092    0.317374 0.000705058
          11    0.317729    0.317407 0.000638562
          12    0.317258    0.317394 0.000583056
          13    0.319935     0.31759 0.000570834
          14    0.316501    0.317512 0.000534182
          15    0.316618    0.317452 0.000500856
          16    0.317551    0.317458 0.000468549
          17    0.318916    0.317544   0.0004484
          18    0.314625    0.317382 0.000452795
          19    0.317736    0.317401 0.000428707
          20    0.319731    0.317517 0.000423067
           1    0.291286    0.291286           0
           2    0.295932    0.293609  0.00232262
           3    0.293764    0.293661  0.00134196
           4    0.293546    0.293632 0.000949344
           5      0.2954    0.293986  0.00081598
           6    0.293405    0.293889 0.000673234
           7    0.291263    0.293514 0.000681473
           8    0.296746    0.293918 0.000715251
           9    0.293443    0.293865 0.000632992
          10    0.291845    0.293663 0.000601112
          11    0.292199     0.29353 0.000559771
          12    0.291577    0.293367 0.000536285
          13    0.295922    0.293564 0.000530998
          14    0.292029    0.293454 0.000503687
          15    0.292101    0.293364 0.000477502
          16    0.292744    0.293325 0.000448341
          17    0.292443    0.293273 0.000424326
          18     0.29119    0.293158  0.00041647
          19    0.292357    0.293115 0.000396191
          20    0.295079    0.293214 0.000388467
           1    0.270499    0.270499           0
           2    0.269682    0.270091 0.000408538
           3     0.27292    0.271034 0.000972183
           4    0.270146    0.270812 0.000722391
           5    0.270082    0.270666 0.000578311
           6    0.270603    0.270656 0.000472304
           7    0.269539    0.270496 0.000429836
           8    0.273111    0.270823 0.000495393
           9    0.273568    0.271128 0.000532809
          10    0.270657    0.271081 0.000478884
          11    0.270414     0.27102 0.000437385
          12    0.269972    0.270933 0.000408713
          13    0.274249    0.271188 0.000454339
          14    0.270654     0.27115  0.00042236
          15    0.270259     0.27109 0.000397655
          16    0.269778    0.271008  0.00038091
          17    0.268265    0.270847 0.000392506
          18    0.270237    0.270813 0.000371605
          19    0.270479    0.270796 0.000351943
          20    0.272925    0.270902 0.000350454
           1    0.247222    0.247222           0
           2    0.247671    0.247446  0.00022436
           3    0.250922    0.248605  0.00116561
           4     0.24773    0.248386 0.000852765
           5     0.24888    0.248485 0.000667903
           6    0.250937    0.248893 0.000681463
           7    0.250492    0.249122 0.000619577
           8    0.249234    0.249136 0.000536751
           9    0.248708    0.249088 0.000475747
          10    0.249686    0.249148 0.000429696
          11    0.248763    0.249113 0.000390245
          12    0.249196     0.24912 0.000356311
          13    0.251052    0.249269 0.000359875
          14    0.249625    0.249294 0.000334148
          15    0.248253    0.249225 0.000318717
          16    0.248079    0.249153 0.000306618
          17    0.249563    0.249177 0.000289026
          18     0.24733    0.249075 0.000291181
          19    0.249647    0.249105  0.00027707
          20    0.250283    0.249164 0.000269369
           1    0.229573    0.229573           0
           2    0.228815    0.229194 0.000379113
           3    0.229863    0.229417 0.000312433
           4    0.227853    0.229026 0.000449008
           5    0.230351    0.229291 0.000437276
           6    0.229594    0.229341 0.000360586
           7    0.230432    0.229497 0.000342264
           8     0.23035    0.229604 0.000314979
           9    0.228312     0.22946 0.000312652
          10    0.230129    0.229527 0.000287524
          11    0.231103     0.22967 0.000296925
          12        0.23    0.229698 0.000272446
          13    0.232936    0.229947 0.000353341
          14    0.230417    0.229981  0.00032885
          15    0.231156    0.230059 0.000316007
          16    0.226352    0.229827  0.00037558
          17    0.229588    0.229813 0.000353077
          18    0.229619    0.229802 0.000333059
          19    0.231702    0.229902 0.000330529
          20     0.22977    0.229896 0.000313637
           1    0.213222    0.213222           0
           2    0.212589    0.212905 0.000316516
           3    0.213495    0.213102  0.00026838
           4    0.212157    0.212866 0.000303102
           5    0.212571    0.212807 0.000242043
           6    0.212182    0.212703 0.000223419
           7     0.21285    0.212724 0.000189998
           8    0.212351    0.212677 0.000171016
           9    0.210907     0.21248 0.000247847
          10      0.2121    0.212442 0.000224927
          11    0.211266    0.212335  0.00022983
          12    0.213084    0.212398 0.000218876
          13    0.213263    0.212464 0.000212051
          14    0.213523     0.21254 0.000210384
          15     0.21255    0.212541 0.000195858
          16    0.210475    0.212411  0.00022414
          17    0.212455    0.212414 0.000210559
          18    0.212603    0.212425 0.000198795
          19    0.212619    0.212435  0.00018832
          20     0.21313     0.21247 0.000182002
           1    0.198407    0.198407           0
           2    0.197282    0.197845 0.000562573
           3    0.195765    0.197151   0.0007656
           4    0.196708    0.197041 0.000552583
           5    0.197145    0.197062 0.000428542
           6    0.196408    0.196953 0.000366479
           7    0.197001    0.196959 0.000309808
           8    0.195912    0.196829 0.000298532
           9    0.195894    0.196725 0.000283034
          10    0.196765    0.196729 0.000253185
          11    0.196489    0.196707 0.000230048
          12    0.196349    0.196677 0.000212113
          13    0.197141    0.196713 0.000198358
          14    0.196512    0.196698 0.000184205
          15    0.196516    0.196686 0.000171915
          16    0.195723    0.196626 0.000171716
          17    0.196311    0.196607 0.000162358
          18    0.196316    0.196591 0.000153927
          19    0.196829    0.196604 0.000146139
          20    0.196924     0.19662 0.000139563
           1     0.33802     0.33802           0
           2    0.339265    0.338643 0.000622645
           3    0.304757    0.327347   0.0113011
           4     0.33505    0.329273   0.0082198
           5    0.315496    0.326517  0.00693767
           6    0.335353     0.32799  0.00585287
           7    0.307187    0.325018   0.0057707
           8    0.284906    0.320004  0.00707923
           9    0.347661    0.323077  0.00695858
          10    0.328487    0.323618  0.00624741
          11    0.314168    0.322759  0.00571592
          12    0.313422    0.321981  0.00527559
          13    0.337441     0.32317  0.00499644
          14     0.32087    0.323006  0.00462872
          15    0.360134    0.325481  0.00496939
          16    0.293029    0.323453  0.00507168
          17    0.287654    0.321347  0.00520867
          18    0.300358    0.320181  0.00504732
          19    0.321372    0.320244   0.0047747
          20    0.318868    0.320175   0.0045302
           1    0.431956    0.431956           0
           2    0.418814    0.425385  0.00657103
           3    0.421106    0.423959   0.0040531
           4    0.423974    0.423962  0.00286598
           5    0.419774    0.423125  0.00237274
           6    0.436746    0.425395  0.00298442
           7    0.404292     0.42238  0.00393068
           8    0.437137    0.424225   0.0038717
           9    0.436228    0.425559  0.00366575
          10    0.442409    0.427244  0.00368641
          11    0.424605    0.427004   0.0033431
          12    0.406778    0.425318  0.00348634
          13    0.417705    0.424733  0.00326001
          14    0.410254    0.423698  0.00319045
          15    0.426636    0.423894   0.0029766
          16    0.421302    0.423732  0.00278906
          17    0.409266    0.422881  0.00275459
          18    0.413147     0.42234  0.00265276
          19    0.426728    0.422571  0.00251986
          20    0.418845    0.422385   0.0023978
           1    0.435671    0.435671           0
           2    0.443505    0.439588  0.00391703
           3    0.428748    0.435975   0.0042628
           4    0.428932    0.434214  0.00349082
           5    0.425282    0.432428   0.0032408
           6    0.435462    0.432933  0.00269399
           7    0.424212    0.431687  0.00259541
           8    0.422115    0.430491  0.00254637
           9    0.432732     0.43074  0.00225945
          10    0.434549    0.431121  0.00205651
          11    0.438537    0.431795  0.00197859
          12    0.427606    0.431446  0.00183963
          13      0.4338    0.431627  0.00170187
          14     0.42473    0.431134  0.00165085
          15    0.409489    0.429691  0.00210815
          16    0.417293    0.428916  0.00211877
          17    0.430397    0.429003  0.00199215
          18    0.421508    0.428587  0.00192382
          19    0.436186    0.428987  0.00186318
          20    0.419997    0.428538  0.00182382
           1    0.447428    0.447428           0
           2    0.444962    0.446195  0.00123281
           3    0.444576    0.445655 0.000893148
           4    0.437448    0.443604  0.00214676
           5    0.436736     0.44223  0.00215676
           6      0.4281    0.439875  0.00294061
           7    0.436896     0.43945  0.00252146
           8    0.439093    0.439405   0.0021841
           9    0.436635    0.439097  0.00195064
          10    0.443498    0.439537  0.00179935
          11    0.439579    0.439541  0.00162758
          12     0.43502    0.439164  0.00153279
          13    0.444753    0.439594  0.00147404
          14    0.428016    0.438767  0.00159572
          15    0.435897    0.438576   0.0014978
          16    0.438408    0.438565   0.0014011
          17    0.437772    0.438519  0.00131693
          18    0.433022    0.438213  0.00127862
          19    0.442158    0.438421  0.00122715
          20    0.434276    0.438214  0.00118248
           1    0.441959    0.441959           0
           2    0.433616    0.437788  0.00417189
           3    0.435745    0.437107    0.002503
           4    0.429011    0.435083  0.00268874
           5    0.438931    0.435852  0.00222032
           6     0.42751    0.434462   0.0022847
           7     0.43581    0.434655  0.00194051
           8    0.440306    0.435361  0.00182298
           9    0.432891    0.435087  0.00163098
          10    0.428206    0.434399   0.0016129
          11    0.437315    0.434664  0.00148282
          12    0.434416    0.434643  0.00135378
          13    0.437555    0.434867  0.00126528
          14     0.44102    0.435307  0.00125116
          15    0.443652    0.435863  0.00129083
          16    0.431377    0.435583  0.00123959
          17     0.43685    0.435657  0.00116677
          18    0.429605    0.435321  0.00115027
          19    0.437656    0.435444  0.00109497
          20    0.439703    0.435657  0.00106039
           1    0.427352    0.427352           0
           2    0.419116    0.423234  0.00411835
           3    0.415639    0.420703  0.00347307
           4    0.424008    0.421529  0.00259112
           5    0.413059    0.419835  0.00262636
           6     0.42212    0.420216  0.00217796
           7    0.423142    0.420634  0.00188758
           8    0.416037    0.420059  0.00173275
           9    0.426148    0.420736  0.00167118
          10    0.419483     0.42061  0.00149999
          11    0.415449    0.420141  0.00143564
          12    0.420142    0.420141  0.00131055
          13    0.421839    0.420272  0.00121259
          14    0.418514    0.420146  0.00112964
          15    0.419673    0.420115  0.00105211
          16    0.419069    0.420049 0.000986327
          17    0.417745    0.419914 0.000936353
          18      0.4182    0.419819 0.000887921
          19    0.417337    0.419688 0.000849982
          20    0.416362    0.419522 0.000823332
           1    0.393385    0.393385           0
           2    0.400554     0.39697  0.00358448
           3    0.396211    0.396717  0.00208488
           4     0.39646    0.396653  0.00147564
           5    0.391677    0.395657  0.00151552
           6    0.400204    0.396415  0.00145101
           7    0.397606    0.396585  0.00123807
           8    0.394002    0.396262  0.00111977
           9    0.398258    0.396484  0.00101212
          10    0.391114    0.395947  0.00105256
          11    0.394927    0.395854 0.000956578
          12    0.399193    0.396133 0.000916487
          13    0.396218    0.396139 0.000843071
          14    0.396161    0.396141 0.000780533
          15    0.401592    0.396504 0.000812445
          16    0.396489    0.396503 0.000759973
          17    0.397686    0.396573 0.000717251
          18    0.394729     0.39647 0.000683942
          19    0.396102    0.396451 0.000647235
          20     0.39802    0.396529  0.00061901
           1    0.371906    0.371906           0
           2    0.366259    0.369082   0.0028238
           3    0.368445     0.36887  0.00164413
           4    0.371964    0.369643  0.00139634
           5    0.368218    0.369358  0.00111855
           6    0.372254    0.369841  0.00103297
           7    0.370493    0.369934 0.000877978
           8    0.371782    0.370165 0.000794675
           9    0.374716    0.370671 0.000864236
          10    0.374227    0.371026 0.000850884
          11    0.367146    0.370674 0.000846636
          12    0.371165    0.370714 0.000773951
          13    0.370215    0.370676 0.000712968
          14    0.372823    0.370829 0.000677651
          15    0.371463    0.370872 0.000632272
          16    0.371366    0.370903 0.000592241
          17    0.371487    0.370937 0.000557377
          18    0.367835    0.370765 0.000553035
          19    0.372974    0.370881 0.000535887
          20    0.371221    0.370898 0.000508671
           1    0.344389    0.344389           0
           2    0.343873    0.344131 0.000257604
           3    0.344268    0.344177 0.000155559
           4    0.343592    0.344031 0.000182877
           5    0.341966    0.343618  0.00043649
           6    0.346273     0.34406 0.000568249
           7    0.342139    0.343786  0.00055316
           8    0.343097      0.3437 0.000486721
           9    0.345013    0.343846 0.000453359
          10    0.348511    0.344312 0.000618114
          11    0.341961    0.344098  0.00059857
          12    0.344554    0.344136 0.000547734
          13    0.346141    0.344291 0.000526913
          14    0.346208    0.344427 0.000506694
          15     0.34343    0.344361 0.000476374
          16    0.344044    0.344341 0.000446046
          17     0.34548    0.344408 0.000424305
          18    0.341528    0.344248 0.000430853
          19    0.345435    0.344311 0.000412305
          20    0.345943    0.344392 0.000399574
           1     0.31727     0.31727           0
           2    0.318214    0.317742 0.000472101
           3    0.314815    0.316766  0.00101296
           4    0.316231    0.316632 0.000728676
           5    0.317796    0.316865 0.000610549
           6    0.319935    0.317377 0.000714323
           7    0.316182    0.317206 0.000627361
           8     0.31821    0.317331  0.00055762
           9    0.317267    0.317324 0.000491827
          10    0.319308    0.317523 0.000482572
          11    0.314492    0.317247 0.000516206
          12    0.314748    0.317039 0.000515187
          13    0.316483    0.316996 0.000475827
          14    0.321015    0.317283 0.000525808
          15     0.31768     0.31731 0.000490214
          16    0.317754    0.317337 0.000459395
          17    0.316609    0.317295 0.000433649
          18    0.316332    0.317241 0.000412328
          19    0.316992    0.317228 0.000390244
          20    0.318408    0.317287 0.000374889
           1     0.29207     0.29207           0
           2    0.294818    0.293444  0.00137435
           3    0.296166    0.294351   0.0012052
           4    0.292523    0.293894 0.000967035
           5    0.294495    0.294014  0.00075863
           6    0.294334    0.294068 0.000621708
           7    0.295364    0.294253 0.000557133
           8    0.292813    0.294073 0.000514976
           9    0.294594    0.294131 0.000457843
          10    0.294352    0.294153 0.000410103
          11    0.293567      0.2941 0.000374756
          12    0.291559    0.293888  0.00040233
          13    0.298164    0.294217 0.000495128
          14    0.293614    0.294174  0.00046042
          15    0.291499    0.293995 0.000464245
          16    0.293712    0.293978 0.000434621
          17    0.291489    0.293831 0.000433698
          18    0.294176     0.29385 0.000409343
          19    0.294319    0.293875 0.000387986
          20     0.29306    0.293834 0.000370327
           1    0.268551    0.268551           0
           2    0.270916    0.269734   0.0011822
           3    0.272835    0.270767  0.00123869
           4    0.270649    0.270738 0.000876382
           5    0.270482    0.270687 0.000680775
           6    0.268746    0.270363 0.000643099
           7    0.271188    0.270481 0.000556135
           8    0.268326    0.270212  0.00055184
           9    0.269379    0.270119 0.000495394
          10    0.270588    0.270166 0.000445565
          11    0.270701    0.270215 0.000405958
          12    0.269531    0.270158 0.000374945
          13    0.272008      0.2703 0.000373112
          14    0.269826    0.270266 0.000347089
          15    0.270428    0.270277 0.000323303
          16    0.269233    0.270212 0.000309377
          17    0.269302    0.270158 0.000295497
          18    0.269812    0.270139 0.000279259
          19    0.268272    0.270041 0.000281839
          20     0.27052    0.270065 0.000268448
           1    0.246602    0.246602           0
           2    0.249996    0.248299  0.00169689
           3    0.249533    0.248711   0.0010625
           4    0.249461    0.248898 0.000774371
           5    0.248616    0.248842 0.000602472
           6    0.250735    0.249157  0.00058442
           7    0.248925    0.249124 0.000495039
           8    0.246829    0.248837  0.00051584
           9    0.250954    0.249072  0.00051214
          10    0.249712    0.249136 0.000462515
          11    0.247368    0.248976 0.000448172
          12    0.247973    0.248892 0.000417563
          13    0.252538    0.249173 0.000475578
          14    0.250165    0.249243 0.000445975
          15    0.250609    0.249335 0.000425044
          16    0.249513    0.249346 0.000397748
          17     0.24858    0.249301 0.000376323
          18    0.249171    0.249293 0.000354874
          19    0.247666    0.249208 0.000346434
          20    0.247544    0.249125 0.000339021
           1    0.228767    0.228767           0
           2    0.230305    0.229536 0.000769276
           3     0.22926    0.229444 0.000453578
           4    0.227806    0.229034  0.00052021
           5    0.229705    0.229169 0.000424708
           6     0.23016    0.229334 0.000384122
           7    0.230467    0.229496 0.000362745
           8    0.228952    0.229428 0.000321419
           9    0.229905    0.229481 0.000288388
          10    0.229386    0.229471 0.000258114
          11    0.229804    0.229502  0.00023543
          12     0.22992    0.229536 0.000217734
          13    0.233379    0.229832 0.000357057
          14    0.229788    0.229829 0.000330585
          15    0.230834    0.229896  0.00031497
          16    0.229108    0.229847 0.000298717
          17    0.229137    0.229805 0.000283685
          18    0.231583    0.229904 0.000285116
          19    0.229954    0.229906 0.000269705
          20    0.229421    0.229882 0.000257013
           1    0.211389    0.211389           0
           2    0.213183    0.212286 0.000896993
           3    0.212771    0.212448 0.000542521
           4    0.211928    0.212318 0.000405068
           5    0.210213    0.211897 0.000525115
           6    0.212425    0.211985  0.00043771
           7    0.212114    0.212003 0.000370391
           8    0.211307    0.211916 0.000332386
           9    0.211158    0.211832 0.000305004
          10    0.212769    0.211926 0.000288461
          11    0.212529    0.211981 0.000266621
          12    0.210198    0.211832 0.000285144
          13    0.214072    0.212004 0.000313808
          14    0.211035    0.211935 0.000298664
          15    0.213011    0.212007 0.000287146
          16    0.211774    0.211992 0.000268994
          17    0.212188    0.212004  0.00025294
          18    0.213154    0.212068 0.000246887
          19    0.211378    0.212031 0.000236334
          20    0.212645    0.212062 0.000226299
           1    0.195181    0.195181           0
           2    0.198016    0.196599   0.0014172
           3    0.197254    0.196817 0.000846879
           4    0.196806    0.196814  0.00059884
           5     0.19518    0.196487 0.000567472
           6    0.195379    0.196303  0.00049882
           7    0.197657    0.196496 0.000463854
           8    0.196451     0.19649 0.000401749
           9    0.196994    0.196546 0.000358695
          10    0.197118    0.196604 0.000325877
          11    0.197914    0.196723 0.000317925
          12    0.195445    0.196616 0.000309152
          13    0.199224    0.196817 0.000348025
          14    0.196365    0.196785 0.000323817
          15     0.19503    0.196668 0.000323357
          16    0.196591    0.196663  0.00030251
          17    0.195478    0.196593 0.000292587
          18    0.194621    0.196483 0.000296817
          19    0.196323    0.196475 0.000280889
          20    0.196468    0.196475 0.000266475