-0.207736   0.252427   -0.00197089
-0.115912   -0.0246274   0.283904
0.404355   -0.172587   -0.388342
-0.230774   0.418443   0.166947
0.428938   -0.420975   -0.33327
0.296176   -0.0782211   0.167735
0.171738   -0.145625   -0.460796
0.0447908   -0.180539   -0.0869409
-0.105588   0.323818   -0.405763
0.219689   -0.357144   -0.393101
0.344684   0.378079   -0.100321
-0.0559819   0.419452   -0.0155044
-0.489144   0.217848   -0.416473
0.334329   -0.309658   0.21041
-0.041685   -0.0972945   0.49244
-0.00964401   0.034081   -0.114464
0.345395   0.208494   -0.284546
-0.282974   0.495599   -0.051216
0.36252   -0.118073   0.389448
0.172681   0.047003   -0.283382
-0.00377911   0.392131   0.244343
-0.484447   -0.444259   -0.106184
0.00385537   -0.317748   -0.432775
0.160363   -0.300613   0.382567
-0.324876   -0.290797   -0.121891
0.36326   0.319639   0.112306
0.0578892   0.324705   0.441644
-0.16917   0.353387   0.381144
0.264673   -0.271585   -0.0434883
-0.0506308   -0.236754   0.322395
-0.370326   -0.248344   -0.324642
0.0947724   0.128872   0.297345
0.155933   0.380206   0.0509339
0.440062   0.4222   0.49555
-0.213517   -0.246085   -0.491045
-0.380668   0.0902273   0.0111327
-0.113742   -0.350468   -0.0400991
-0.221882   -0.382462   0.326831
0.228871   -0.0266406   -0.0501585
-0.232699   0.10342   -0.189639
-0.0862044   -0.407268   0.163735
-0.230586   -0.0889555   -0.332459
0.364957   -0.446576   0.0489537
0.448284   0.282008   0.31529
-0.310288   0.381595   -0.454096
0.226722   -0.181647   -0.245463
-0.109147   -0.196072   0.118887
0.109218   0.257088   -0.354717
0.293272   0.269708   -0.491504
0.117345   0.0830786   0.49995
-0.391295   0.447932   0.348365
0.142607   -0.0961249   0.332529
-0.00849507   0.202712   0.0777568
0.0512432   -0.0180185   0.118343
-0.491034   -0.285408   0.044609
-0.157842   -0.456174   -0.453548
0.466021   0.0753448   0.204491
-0.4793   0.047961   0.433763
-0.261484   0.168916   -0.396426
0.237087   0.487848   0.457146
-0.0613832   0.105695   -0.327749
0.307484   0.118411   0.344822
0.117734   0.4219   -0.166513
-0.0968342   0.142487   0.461942
0.351322   0.0505367   -0.434536
-0.452751   0.170541   -0.186627
-0.370827   0.255382   0.175929
-0.282919   0.324549   -0.231217
-0.163747   -0.301393   -0.27966
-0.393753   -0.0595497   -0.148598
0.00345111   -0.135763   -0.306434
-0.0378392   0.248801   -0.164978
0.281156   0.415595   -0.326546
-0.348884   0.213616   0.383256
0.214759   0.305589   0.284466
0.439029   -0.084986   -0.00417006
-0.434223   -0.350337   0.316313
0.396766   0.148096   -0.0275901
0.433453   -0.223945   -0.169686
0.0628847   -0.345631   -0.233824
-0.259592   -0.00867788   0.460088
-0.328115   -0.113026   0.0873533
0.178997   0.185222   -0.127114
-0.142126   0.186345   0.242829
0.00693944   -0.450878   0.378921
-0.448783   0.330149   -0.00939217
-0.43756   -0.192961   0.470937
0.368401   -0.335019   0.460711
-0.433089   0.498499   0.141218
0.380503   0.491908   0.298185
0.226918   0.128496   0.101209
0.0805973   -0.407928   -0.00840727
0.129454   -0.228736   0.170588
-0.331764   0.0235745   0.253497
0.292308   -0.42607   -0.182007
-0.325131   -0.453251   -0.275242
-0.281179   -0.172947   0.311576
-0.284882   -0.343968   0.110032
0.167794   -0.46579   0.209775
-0.16422   0.0308156   0.0648452
0.058564   0.473312   -0.378308
-0.438691   -0.0189297   -0.358883
-0.424008   -0.418636   -0.476893
0.498944   -0.154622   0.242495
-0.175024   -0.12875   -0.129604
-0.471896   0.390908   -0.284763
0.38834   -0.0134037   -0.209602
-0.0993563   0.471328   -0.235898
