1.25844
1.35049
1.46025
1.57336
1.67832
1.76794
1.83893
1.89054
1.92304
1.93717
1.93423
1.91669
1.88864
1.8555
1.8232
1.79632
1.77674
1.76376
1.75548
1.75083
1.7506
1.75646
1.76886
1.78546
1.80098
1.80883
1.80353
1.78285
1.74858
1.70555
1.65878
1.61156
1.56549
1.52213
1.48407
1.45535
1.44114
1.44608
1.47142
1.513
1.56221
1.60957
1.64845
1.67674
1.69624
1.71076
1.72385
1.73717
1.74987
1.75955
1.76361
1.76074
1.75167
1.73903
1.72575
1.71339
1.70188
1.69067
1.67971
1.66928
1.65931
1.64975
1.64185
1.6387
1.64334
1.65627
1.67459
1.69332
1.7084
1.71844
1.72462
1.72918
1.73332
1.73603
1.73391
1.72242
1.69814
1.66164
1.61886
1.57977
1.55424
1.54727
1.55675
1.5752
1.59333
1.60338
1.60104
1.58585
1.56102
1.53262
1.50874
1.4973
1.50333
1.52771
1.56736
1.61704
1.67106
1.72461
1.77433
1.81805
1.85393
1.87969
1.89262
1.89064
1.87396
1.84611
1.8135
1.78339
1.76139
1.74993
1.74805
1.75219
1.75733
1.75814
1.74996
1.72961
1.69555
1.64825
1.59042
1.52744
1.4675
1.42071
1.39689
1.40176
1.43456
1.48883
1.55553
1.62592
1.69265
1.74965
1.79209
1.81651
1.82116
1.80691
1.77723
1.73771
1.69475
1.6541
1.61929
1.59193
1.57307
1.56406
1.56635
1.58073
1.60677
1.6424
1.68309
1.72216
1.7528
1.77055
1.77472
1.76773
1.75349
1.73574
1.71711
1.69921
1.68309
1.66874
1.65331
1.63142
1.59983
1.56201
1.52792
1.50902
1.5129
1.54005
1.58418
1.63545
1.68472
1.72616
1.75749
1.77894
1.79109
1.79344
1.78454
1.76417
1.73485
1.70214
1.67305
1.65369
1.64725
1.65307
1.66764
1.68682
1.70743
1.72765
1.74644
1.76315
1.77745
1.78972
1.80064
1.81031
1.81745
1.81938
1.813
1.79613
1.7683
1.73117
1.68812
1.64335
1.60057
1.56183
1.52778
1.49906
1.47763
1.46716
1.47156
1.49244
1.5268
1.56732
1.60521
1.63325
1.64698
1.64534
1.63052
1.60786
1.58525
1.57115
1.57112
1.58506
1.60757
1.63206
1.65414
1.67198
1.68447
1.69051
1.69037
1.68665
1.68317
1.68346
1.6899
1.70321
1.72159
1.74029
1.753
1.75445
1.74305
1.72199
1.69816
1.6787
1.6673
1.66327
1.6636
1.66572
1.66852
1.67195
1.67641
1.68219
1.68887
1.69513
1.69874
1.69768
1.69083
1.67868
1.66416
1.65252
1.64855
1.65294
1.66167
1.66912
1.67178
1.67
1.66678
1.66488
1.66515
1.66685
1.66888
1.67017
1.66967
1.66621
1.65889
1.64758
1.63308
1.61709
1.60129
1.5868
1.57472
1.56693
1.56609
1.57471
1.59378
1.62227
1.65722
1.69447
1.72956
1.75851
1.77831
1.78689
1.78349
1.76913
1.74685
1.72104
1.69608
1.67547
1.66163
1.65571
1.65699
1.66321
1.6718
1.6811
1.69084
1.70141
1.71296
1.72502
1.73622
1.74453
1.74759
1.74355
1.73158
1.71241
1.688
1.66062
1.63236
1.60572
1.58487
1.57573
1.58429
1.6135
1.66098
1.7187
1.77504
1.81841
1.84025
1.83706
1.81029
1.76555
1.71129
1.65751
1.61423
1.58949
1.58724
1.606
1.63902
1.67664
1.70911
1.72956
1.73509
1.72674
1.70809
1.68355
1.65689
1.63068
1.60683
1.5872
1.57411
1.56972
1.57516
1.58982
1.61122
1.63571
1.65937
1.67857
1.69027
1.69192
1.68175
1.65982
1.62867
1.59243
1.55543
1.5219
1.49702
1.48673
1.49516
1.52185
1.56168
1.60701
1.65036
1.68604
1.71101
1.72506
1.72979
1.72724
1.71875
1.70501
1.68687
1.6663
1.64648
1.63034
1.61948
1.61385
1.61307
1.61817
1.63158
1.65547
1.68955
1.73065
1.77427
1.81635
1.85364
1.88258
1.89913
1.90102
1.88958
1.86841
1.84074
1.80837
1.77262
1.73551
1.69989
1.66901
1.64591
1.63277
1.63044
1.63824
1.65401
1.67416
1.69411
1.70916
1.71558
1.71156
1.69774
1.67683
1.6526
1.62896
1.60934
1.59599
1.58988
1.59069
1.59692
1.60644
1.61717
1.62734
1.63619
1.6441
1.65235
1.66248
1.67525
1.69009
1.70554
1.72019
1.73305
1.74313
1.74855
1.74641
1.73402
1.71137
1.68336
1.65944
1.64911
1.65678
1.67948
1.70893
1.73586
1.75308
1.75674
1.74622
1.72355
1.69296
1.66037
1.63179
1.61154
1.60091
1.59876
1.60271
1.60972
1.61566
1.61567
1.60586
1.58524
1.55717
1.52903
1.51057
1.51055
1.53372
1.57924
1.6412
1.71064
1.77802
1.83554
1.87804
1.90318
1.91063
1.90114
1.87626
1.8387
1.79339
1.74823
1.71305
1.69472
1.6918
1.69431
1.68965
1.66951
1.63345
1.58798
1.54248
1.50468
1.47895
1.46725
1.46974
1.48479
1.5093
1.53949
1.57208
1.60475
1.63605
1.66487
1.69
1.71014
1.72427
1.73221
1.73469
1.73351
1.73093
1.72865
1.72698
1.72428
1.71787
1.70564
1.68773
1.66785
1.65318
1.65213
1.66997
1.70578
1.75258
1.79998
1.8372
1.85579
1.85188
1.82666
1.78541
1.73593
1.68699
1.64661
1.62038
1.61013
1.61343
1.62465
1.63685
1.64375
1.64114
1.62756
1.60388
1.57268
1.53717
1.50056
1.46534
1.43307
1.40449
1.38007
1.36089
1.34956
1.3503
1.36842
1.40851
1.47242
1.55748
1.65605
1.75685
1.84768
1.91801
1.96107
1.9747
1.96128
1.92693
1.88012
1.8298
1.78372
1.74767
1.72524
1.71794
1.72487
1.74171
1.76068
1.77268
1.77037
1.7507
1.71562
1.67101
1.62501
1.58612
1.56155
1.55566
1.56856
1.59569
1.62959
1.66278
1.68986
1.70812
1.71739
1.71926
1.7166
1.71289
1.71183
1.71664
1.72876
1.74735
1.76939
1.79086
1.80785
1.8169
1.81557
1.80286
1.77967
1.74884
1.71457
1.6818
1.65517
1.63736
1.62826
1.62595
1.62824
1.63346
1.63988
1.64472
1.64444
1.63597
1.6183
1.59344
1.5667
1.54582
1.53877
1.5503
1.57923
1.61887
1.66014
1.69535
1.72
1.73249
1.73273
1.72138
1.69978
1.67042
1.63735
1.60593
1.58223
1.57198
1.57881
1.60196
1.63513
1.66841
1.69312
1.70606
1.70993
1.71036
1.71271
1.71936
1.72909
1.73781
1.74039
1.73251
1.7121
1.68037
1.64279
1.60812
1.58532
1.57937
1.5903
1.61429
1.64564
1.67826
1.70685
1.72783
1.74025
1.74598
1.74846
1.75072
1.7546
1.76069
1.76858
1.77738
1.7861
1.79375
1.79925
1.8019
1.80144
1.79778
1.7906
1.77901
1.76191
1.73839
1.70812
1.67215
1.63417
1.60048
1.57786
1.56981
1.57398
1.58366
1.59201
1.59524
1.59234
1.58328
1.56805
1.54671
1.52015
1.49051
1.46107
1.43597
1.41989
1.41737
1.43153
1.4624
1.50625
1.5564
1.60503
1.64537
1.67303
1.68638
1.68632
1.67567
1.65853
1.63968
1.62411
1.61646
1.62031
1.63777
1.66917
1.71256
1.76343
1.8151
1.86038
1.89366
1.91254
1.91781
1.91184
1.89607
1.87033
1.83407
1.78865
1.7384
1.68924
1.64614
1.61104
1.58266
1.5584
1.53687
1.5192
1.5086
1.50825
1.519
1.53849
1.56193
1.58362
1.59862
1.60465
1.60335
1.60024
1.60297
1.61791
1.64734
1.68862
1.73599
1.78327
1.82552
1.85996
1.88591
1.90406
1.91526
1.91949
1.91583
1.90273
1.87889
1.84439
1.80169
1.75537
1.71033
1.66942
1.63401
1.60613
1.5884
1.5817
1.58359
1.58921
1.59404
1.59601
1.59561
1.59455
1.59457
1.59715
1.60354
1.61426
1.62814
1.64279
1.65592
1.66665
1.67576
1.68504
1.69654
1.71194
1.73164
1.75417
1.77619
1.79312
1.80098
1.798
1.78503
1.76499
1.74154
1.71853
1.6995
1.6865
1.67933
1.67574
1.67276
1.66836
1.66182
1.65263
1.63985
1.62293
1.60307
1.58334
1.56729
1.55751
1.55479
1.5582
1.56601
1.5764
1.58763
1.59778
1.60513
1.60934
1.61271
1.6198
1.6346
1.65762
1.68529
1.71173
1.73121
1.74014
1.73795
1.72653
1.70889
1.68758
1.6636
1.63648
1.60585
1.57302
1.54196
1.51816
1.50565
1.50494
1.51448
1.53339
1.5621
1.60035
1.64536
1.69196
1.73374
1.76457
1.78016
1.77911
1.76314
1.73656
1.70524
1.67554
1.65285
1.64042
1.63861
1.64545
1.65823
1.67585
1.70028
1.73522
1.78105
1.83177
1.87795
1.91154
1.92801
1.92618
1.9074
1.87522
1.8349
1.79245
1.753
1.71939
1.69213
1.6702
1.65172
1.63444
1.61649
1.59701
1.57671
1.55765
1.54307
1.53669
1.54178
1.55986
1.58962
1.62666
1.66449
1.69634
1.71654
1.72157
1.71075
1.68669
1.65546
1.62496
1.60147
1.58674
1.57812
1.57187
1.56616
1.56171
1.56047
1.56442
1.57549
1.59415
1.61712
1.63786
1.65009
1.65062
1.63973
1.62017
1.59594
1.57126
1.55
1.53528
1.5297
1.53581
1.55625
1.5928
1.64424
1.70472
1.76463
1.81356
1.84364
1.85115
1.83635
1.80299
1.7572
1.70664
1.6594
1.62272
1.6013
1.59628
1.6062
1.62848
1.6602
1.69794
1.7373
1.77215
1.79497
1.79901
1.78135
1.74463
1.69669
1.64836
1.60986
1.58717
1.58067
1.58625
1.59822
1.61217
1.62666
1.64262
1.66157
1.68395
1.70924
1.73629
1.76268
1.78377
1.79356
1.78744
1.76514
1.73148
1.69474
1.66308
1.64141
1.62942
1.62267
1.61585
1.60689
1.59865
1.59665
1.60416
1.62009
1.6407
1.66226
1.68185
1.69741
1.70792
1.71387
1.71674
1.71803
1.71838
1.71754
1.71499
1.71036
1.70365
1.69537
1.68651
1.67847
1.67242
1.6689
1.66753
1.66744
1.66746
1.66659
1.66437
1.66108
1.65711
1.65201
1.64437
1.63292
1.61849
1.6044
1.59512
1.59332
1.59864
1.60876
1.62135
1.63508
1.64934
1.66343
1.67597
1.6851
1.68925
1.68796
1.68223
1.67464
1.66881
1.66882
1.6782
1.69849
1.72836
1.76314
1.7955
1.81746
1.8228
1.80888
1.77739
1.73353
1.68446
1.63719
1.59691
1.56639
1.5466
1.53782
1.54045
1.5548
1.57958
1.61136
1.64549
1.67832
1.70822
1.73488
1.75801
1.7763
1.78759
1.78988
1.78196
1.76381
1.73655
1.70254
1.66555
1.63055
1.60324
1.58877
1.58993
1.60599
1.63294
1.66559
1.69936
1.73072
1.75622
1.77223
1.77657
1.76988
1.75499
1.73511
1.71263
1.6899
1.66995
1.65593
1.64989
1.65185
1.66025
1.6723
1.68428
1.69162
1.68993
1.6762
1.64978
1.61246
1.5686
1.52522
1.49132
1.47532
1.4813
1.50671
1.54379
1.58351
1.61912
1.64781
1.67045
1.68966
1.70727
1.7226
1.73216
1.73159
1.71821
1.69239
1.65739
1.61769
1.57742
1.53987
1.50751
1.48273
1.46815
1.46625
1.47851
1.50454
1.54167
1.58537
1.63025
1.67102
1.70374
1.72711
1.7431
1.7564
1.7726
1.79534
1.82486
1.85795
1.88903
1.91145
1.91943
1.91027
1.88511
1.8484
1.80561
1.76136
1.71861
1.67971
1.64662
1.62078
1.6044
1.6024
1.61934
1.65259
1.69193
1.72618
1.74845
1.75645
1.75092
1.73463
1.71144
1.68564
1.66106
1.64068
1.62664
1.62051
1.62362
1.63617
1.65618
1.67933
1.69994
1.71338
1.71772
1.71432
1.70688
1.69932
1.69351
1.689
1.6843
1.67838
1.67035
1.659
1.64333
1.62334
1.60094
1.57938
1.56201
1.55094
1.54676
1.54916
1.55782
1.57213
1.59061
1.61102
1.63182
1.65341
1.67777
1.7057
1.73419
1.75704
1.76846
1.76629
1.75234
1.73058
1.70523
1.67984
1.6575
1.642
1.63847
1.64998
1.67384
1.70284
1.72956
1.74888
1.75857
1.75976
1.75639
1.7532
1.75329
1.75673
1.76104
1.76276
1.75902
1.74818
1.73005
1.70538
1.67584
1.64398
1.61335
1.58796
1.57095
1.56347
1.56436
1.57037
1.57723
1.58167
1.58307
1.58341
1.58548
1.59081
1.59917
1.61018
1.62477
1.64428
1.66821
1.69262
1.71148
1.72031
1.71904
1.71159
1.70366
1.70013
1.7037
1.71411
1.72872
1.74337
1.75429
1.75967
1.75999
1.75687
1.75162
1.74466
1.73594
1.72558
1.71431
1.70313
1.69317
1.68553
1.68148
1.68216
1.68786
1.69776
1.71033
1.72428
1.73894
1.75386
1.76687
1.77325
1.76717
1.74413
1.70284
1.64648
1.58267
1.52198
1.47492
1.44851
1.44468
1.46115
1.49381
1.5383
1.59002
1.64382
1.69453
1.73785
1.77093
1.79218
1.80075
1.7961
1.77781
1.7463
1.70396
1.65599
1.6095
1.57114
1.54537
1.53429
1.53781
1.55389
1.57836
1.60568
1.63059
1.6494
1.66073
1.66539
1.66551
1.66366
1.6616
1.66012
1.65958
1.66049
1.66346
1.6685
1.67482
1.68136
1.68763
1.69423
1.70278
1.7151
1.73275
1.75641
1.78517
1.8159
1.84324
1.86078
1.86267
1.84529
1.80893
1.75838
1.70264
1.65296
1.61907
1.60569
1.61111
1.62895
1.65124
1.67159
1.68599
1.69213
1.6891
1.67848
1.66548
1.65679
1.65598
1.66036
1.66323
1.65882
1.64558
1.62615
1.60517
1.58724
1.57597
1.57343
1.57993
1.59421
1.61397
1.63679
1.66043
1.68252
1.69989
1.70894
1.70659
1.69176
1.66583
1.63237
1.59659
1.56421
1.54002
1.52642
1.52273
1.52595
1.5327
1.54062
1.54841
1.55552
1.56165
1.56651
1.57033
1.57471
1.58296
1.59901
1.62472
1.65729
1.68888
1.70912
1.70963
1.68695
1.64399
1.58914
1.53461
1.49413
1.47971
1.49707
1.54307
1.60773
1.6788
1.7453
1.79885
1.8343
1.84912
1.84307
1.81805
1.77848
1.73126
1.6853
1.64885
1.62722
1.62139
1.62904
1.64644
1.66998
1.69615
1.72092
1.73984
1.74969
1.74974
1.74148
1.72731
1.70942
1.68995
1.67147
1.65681
1.64831
1.64784
1.6566
1.67331
1.69273
1.70736
1.71122
1.70256
1.68415
1.66121
1.63959
1.6243
1.61853
1.62326
1.63768
1.65972
1.68641
1.71382
1.73739
1.7533
1.75968
1.75781
1.75215
1.74854
1.75095
1.75912
1.76943
1.77776
1.7816
1.78046
1.77469
1.76368
1.74535
1.71779
1.68151
1.64009
1.59879
1.56222
1.53288
1.51098
1.49549
1.48531
1.47958
1.47735
1.47721
1.47774
1.47807
1.47841
1.48001
1.48452
1.4934
1.50782
1.52911
1.55924
1.6004
1.65327
1.71553
1.78138
1.84286
1.89237
1.92517
1.94024
1.93973
1.92777
1.90915
1.88853
1.86967
1.85421
1.8408
1.82571
1.80468
1.77496
1.73618
1.68989
1.63885
1.58644
1.53641
1.49252
1.45843
1.43712
1.43078
1.4401
1.46394
1.49922
1.54136
1.58524
1.62593
1.65926
1.68251
1.69501
1.69824
1.6951
1.68875
1.68163
1.6762
1.6758
1.68435
1.70358
1.73077
1.75965
1.78378
1.79831
1.80079
1.7908
1.76992
1.74112
1.70786
1.67325
1.63987
1.61087
1.59087
1.58435
1.59228
1.61034
1.63136
1.64871
1.65791
1.65726
1.64852
1.6365
1.62731
1.626
1.63501
1.65432
1.68259
1.71843
1.75997
1.80383
1.84419
1.87445
1.88974
1.88873
1.87356
1.84812
1.81643
1.78203
1.74818
1.71806
1.69435
1.67849
1.67071
1.67012
1.6753
1.68413
1.69322
1.69738
1.69077
1.67026
1.6378
1.59965
1.5624
1.52919
1.5002
1.47664
1.46388
1.4687
1.49136
1.5227
1.55097
1.56953
1.57816
1.57994
1.57868
1.57826
1.58253
1.59513
1.61837
1.65197
1.69271
1.73606
1.77807
1.81668
1.8503
1.87625
1.8907
1.89048
1.87463
1.84443
1.80272
1.75375
1.7033
1.65784
1.62335
1.60344
1.59846
1.60651
1.62556
1.65409
1.68984
1.7278
1.76102
1.78324
1.79129
1.78541
1.76826
1.74376
1.71608
1.68867
1.66348
1.64058
1.61885
1.59739
1.57693
1.56057
1.55322
1.55978
1.58298
1.62167
1.67091
1.72345
1.77178
1.80985
1.83429
1.84459
1.84272
1.83197
1.81591
1.79758
1.77906
1.76089
1.74145
1.71722
1.68454
1.64146
1.58893
1.53166
1.47864
1.4421
1.43344
1.45674
1.50501
1.5629
1.61421
1.64798
1.66014
1.65187
1.62704
1.59104
1.55103
1.51583
1.49381
1.48911
1.49934
1.5171
1.53401
1.54504
1.55148
1.56085
1.58274
1.62246
1.6774
1.73853
1.79483
1.83768
1.86357
1.87492
1.8779
1.87822
1.87814
1.87659
1.87105
1.85936
1.84034
1.81381
1.78056
1.74328
1.70714
1.6793
1.66606
1.6692
1.68508
1.7073
1.72935
1.74505
1.74831
1.73379
1.69844
1.64355
1.57611
1.50801
1.45268
1.42032
1.41541
1.43699
1.48056
1.53946
1.60598
1.67226
1.73105
1.77656
1.80551
1.818
1.81714
1.80773
1.79464
1.78174
1.7717
1.76606
1.76492
1.76651
1.76791
1.76597
1.75817
1.74307
1.72054
1.69166
1.65832
1.62327
1.59001
1.56229
1.54336
1.53489
1.53678
1.54714
1.56255
1.57914
1.59391
1.60583
1.6154
1.62287
1.62738
1.6278
1.62518
1.62434
1.6328
1.65724
1.69934
1.75453
1.81434
1.8702
1.91564
1.94632
1.95897
1.95092
1.92072
1.86937
1.80175
1.72692
1.65629
1.60002
1.56255
1.54089
1.52726
1.51386
1.49648
1.47525
1.4535
1.43603
1.42757
1.43199
1.45174
1.48742
1.5372
1.59696
1.66077
1.72192
1.77431
1.8134
1.83629
1.84154
1.82899
1.80004
1.75844
1.71121
1.66837
1.64012
1.63245
1.64474
1.67168
1.70641
1.7414
1.76891
1.78277
1.78082
1.76582
1.74293
1.7156
1.68423
1.64901
1.61327
1.58387
1.56942
1.5765
1.60607
1.65247
1.70612
1.75738
1.79889
1.82555
1.83352
1.81969
1.78269
1.72644
1.6638
1.61308
1.58499
1.57684
1.58175
1.5961
1.61771
1.64369
1.67051
1.69543
1.71721
1.73612
1.75306
1.76827
1.78049
1.78731
1.7863
1.7762
1.75708
1.72971
1.69533
1.65639
1.61715
1.58344
1.56128
1.55443
1.56283
1.58269
1.60836
1.63426
1.65619
1.67161
1.67945
1.67953
1.67207
1.65782
1.63871
1.61794
1.59906
1.5845
1.57492
1.56971
1.56784
1.56841
1.5705
1.57301
1.57456
1.57411
1.57115
1.5663
1.5614
1.55893
1.56152
1.57056
1.58573
1.60505
1.6259
1.64569
1.66211
1.67323
1.67775
1.67554
1.6676
1.65611
1.64395
1.63451
1.63073
1.63409
1.64364
1.65609
1.66712
1.67282
1.67078
1.66055
1.64372
1.62372
1.60459
1.5897
1.5815
1.58226
1.5947
1.62107
1.66053
1.70793
1.75605
1.79853
1.83093
1.85025
1.85456
1.84317
1.81737
1.78065
1.73848
1.69752
1.66423
1.64311
1.63544
1.63897
1.64922
1.66128
1.67109
1.67609
1.67477
1.66645
1.6514
1.63159
1.61116
1.59588
1.59083
1.59734
1.61157
1.6267
1.63658
1.63843
1.63329
1.62475
1.61711
1.61389
1.617
1.62711
1.64398
1.66638
1.69149
1.71481
1.73151
1.73861
1.73626
1.72747
1.71655
1.70684
1.69885
1.69024
1.67755
1.65914
1.63727
1.61817
1.60907
1.61352
1.62859
1.64617
1.65809
1.66059
1.65532
1.6471
1.64059
1.63864
1.64223
1.65113
1.66403
1.67866
1.69252
1.70374
1.711
1.71331
1.70998
1.70091
1.68721
1.67149
1.65751
1.64926
1.64924
1.65685
1.66848
1.67941
1.68634
1.68877
1.68897
1.69045
1.69597
1.70583
1.71793
1.72923
1.73729
1.74067
1.73936
1.73456
1.72748
1.71757
1.70285
1.68275
1.6601
1.64015
1.62776
1.62577
1.63491
1.65449
1.68254
1.71582
1.74967
1.77832
1.79596
1.79771
1.78084
1.74561
1.69568
1.63807
1.58194
1.53605
1.50637
1.49622
1.50714
1.53796
1.58389
1.63706
1.68838
1.72984
1.7559
1.76382
1.75307
1.72477
1.68188
1.63058
1.5815
1.54827
1.54184
1.56317
1.60223
1.64487
1.68039
1.70387
1.71538
1.71776
1.71503
1.71186
1.71294
1.72187
1.73994
1.76519
1.79315
1.81782
1.83288
1.83334
1.81702
1.78569
1.74485
1.70172
1.6625
1.63087
1.60787
1.59302
1.58512
1.58266
1.58377
1.58599
1.58626
1.58202
1.57228
1.55883
1.54616
1.53948
1.54256
1.55621
1.57784
1.60231
1.62369
1.63743
1.64187
1.63851
1.63119
1.62439
1.62166
1.62456
1.63277
1.64501
1.65986
1.67563
1.68995
1.70044
1.70578
1.70649
1.70423
1.70061
1.69671
1.69297
1.69014
1.68962
1.69244
1.69857
1.70664
1.71497
1.72212
1.7271
1.72888
1.72688
1.72153
1.71459
1.70874
1.70635
1.70801
1.71195
1.71553
1.71703
1.71711
1.71822
1.7229
1.73178
1.74266
1.75118
1.75259
1.74383
1.72464
1.69749
1.66702
1.63906
1.61895
1.60944
1.60999
1.61771
1.62906
1.64097
1.6513
1.65897
1.66386
1.66672
1.66898
1.67215
1.67723
1.6842
1.69204
1.69914
1.70399
1.7064
1.70851
1.71385
1.72462
1.73873
1.74976
1.75022
1.7354
1.70522
1.66386
1.61825
1.57588
1.54295
1.52319
1.5177
1.52524
1.54291
1.56699
1.59372
1.61998
1.64354
1.66309
1.67789
1.68722
1.69037
1.68741
1.67991
1.67087
1.6638
1.66177
1.66725
1.68157
1.70414
1.73228
1.76203
1.78918
1.80959
1.81968
1.81766
1.80444
1.78373
1.7604
1.73839
1.71932
1.70237
1.68604
1.66971
1.65442
1.64262
1.63701
1.63883
1.6469
1.65743
1.66533
1.66568
1.65535
1.63443
1.6063
1.5764
1.55034
1.53282
1.52784
1.53794
1.5622
1.59538
1.62955
1.65828
1.67997
1.6974
1.7137
1.72932
1.74279
1.75319
1.76143
1.76938
1.77817
1.78721
1.79409
1.79499
1.78554
1.76223
1.72393
1.67287
1.61511
1.55964
1.51663
1.49528
1.50072
1.53159
1.58024
1.63583
1.68844
1.73112
1.76017
1.77407
1.77329
1.76031
1.73953
1.71596
1.69335
1.67275
1.65258
1.63031
1.60508
1.57907
1.55699
1.54383
1.54217
1.5506
1.56434
1.5779
1.58733
1.59081
1.58885
1.58462
1.58358
1.5912
1.60988
1.63767
1.66993
1.70179
1.72977
1.75199
1.76774
1.77725
1.78169
1.78305
1.78292
1.78121
1.77552
1.76232
1.73913
1.70636
1.66775
1.62986
1.60071
1.58741
1.59308
1.61501
1.64646
1.67959
1.70751
1.72524
1.73022
1.72261
1.70515
1.6818
1.65581
1.62836
1.59877
1.56612
1.5317
1.50062
1.48129
1.48198
1.50618
1.55033
1.60595
1.6637
1.7161
1.75891
1.79086
1.81258
1.82519
1.82985
1.82794
1.8212
1.81094
1.79714
1.77839
1.7527
1.71912
1.67947
1.63868
1.60341
1.57929
1.56837
1.56843
1.57476
1.58251
1.58867
1.59196
1.59231
1.58999
1.58582
1.58148
1.58013
1.58553
1.60077
1.62642
1.65986
1.69627
1.73032
1.75707
1.77257
1.77425
1.76152
1.7361
1.70264
1.66962
1.64876
1.64889
1.66866
1.6979
1.72666
1.74932
1.76247
1.76283
1.7477
1.71733
1.67692
1.63622
1.60638
1.59593
1.60744
1.63685
1.67505
1.71091
1.73477
1.741
1.72909
1.70297
1.66948
1.63666
1.61215
1.60193
1.60878
1.63081
1.6619
1.69448
1.72255
1.74299
1.75517
1.75953
1.75668
1.74698
1.73057
1.70766
1.67889
1.6462
1.6139
1.58793
1.57373
1.57386
1.5873
1.61061
1.63879
1.66651
1.68912
1.70351
1.70861
1.7054
1.69689
1.68803
1.68448
1.6905
1.7067
1.72938
1.75232
1.76963
1.77765
1.77481
1.76063
1.73591
1.70392
1.67008
1.63941
1.61422
1.59457
1.57983
1.56981
1.56421
1.56203
1.56158
1.56096
1.55882
1.55526
1.55247
1.55475
1.56679
1.59074
1.62386
1.65932
1.68946
1.70932
1.71775
1.71677
1.71043
1.70352
1.7
1.7009
1.70332
1.70142
1.68999
1.66871
1.64359
1.62397
1.61699
1.62383
1.6401
1.65939
1.67605
1.68596
1.68714
1.68137
1.67464
1.67443
1.68475
1.70416
1.7282
1.7524
1.77402
1.7922
1.80747
1.82091
1.83275
1.84137
1.84323
1.83435
1.81192
1.77534
1.72733
1.67445
1.62606
1.59075
1.57209
1.56735
1.57054
1.5764
1.58208
1.58677
1.59121
1.59695
1.60595
1.61994
1.63985
1.66453
1.69004
1.71115
1.72421
1.7292
1.72941
1.72974
1.73424
1.74431
1.75854
1.77346
1.78434
1.786
1.77483
1.75006
1.71406
1.67129
1.62657
1.58405
1.54701
1.5183
1.50089
1.49736
1.50883
1.53361
1.56671
1.60099
1.62977
1.6494
1.66059
1.66698
1.67258
1.67934
1.68696
1.69486
1.70336
1.71346
1.72615
1.74143
1.75769
1.77196
1.78094
1.78244
1.77649
1.76535
1.75231
1.74059
1.73205
1.72672
1.72293
1.7184
1.71103
1.69931
1.68295
1.6635
1.64438
1.62996
1.62319
1.62406
1.62971
1.63635
1.6412
1.64339
1.64372
1.64352
1.64328
1.64148
1.63534
1.62271
1.60405
1.58242
1.56195
1.54622
1.538
1.53949
1.55212
1.57594
1.60895
1.64714
1.68471
1.71504
1.73221
1.7329
1.71767
1.69136
1.6616
1.6364
1.62165
1.61983
1.63044
1.65115
1.67877
1.70964
1.7397
1.76508
1.78305
1.79257
1.79415
1.78874
1.77666
1.75817
1.73557
1.71409
1.69974
1.69522
1.69819
1.70324
1.70529
1.70148
1.69172
1.67807
1.6642
1.65396
1.65003
1.65311
1.66205
1.67433
1.68696
1.69676
1.70118
1.69867
1.6892
1.67481
1.65939
1.6478
1.64395
1.649
1.66056
1.67354
1.68204
1.6816
1.67082
1.65239
1.63265
1.61846
1.61322
1.61614
1.62452
1.63625
1.65041
1.66676
1.68476
1.70303
1.71901
1.72914
1.7296
1.71806
1.69491
1.66383
1.63077
1.60193
1.58126
1.56957
1.56527
1.56606
1.57021
1.5769
1.5858
1.59649
1.60756
1.61631
1.61913
1.61256
1.59485
1.56755
1.53623
1.5093
1.49517
1.49877
1.52023
1.55566
1.59967
1.64736
1.69449
1.73724
1.77267
1.79979
1.82026
1.83765
1.85495
1.87275
1.88884
1.89979
1.90208
1.89262
1.86928
1.83119
1.77908
1.71516
1.64331
1.56972
1.50292
1.45231
1.42441
1.41981
1.43385
1.46065
1.49589
1.53601
1.57669
1.61366
1.64469
1.66999
1.69108
1.70898
1.72335
1.73311
1.73715
1.73518
1.72794
1.71691
1.70421
1.69247
1.6844
1.68184
1.68488
1.69182
1.70006
1.70734
1.71246
1.71541
1.71721
1.71946
1.72377
1.73098
1.74039
1.74931
1.75416
1.75254
1.74515
1.73541
1.72684
1.72024
1.71336
1.70307
1.68782
1.66831
1.64692
1.62619
1.60815
1.59465
1.58845
1.59321
1.61155
1.64213
1.67892
1.71354
1.73859
1.74993
1.74645
1.72822
1.69536
1.64926
1.59475
1.54055
1.49718
1.47375
1.47502
1.49969
1.54112
1.58957
1.63567
1.67275
1.69786
1.71164
1.71749
1.71988
1.72214
1.72512
1.72701
1.72468
1.71634
1.70414
1.69454
1.69462
1.70675
1.72681
1.74807
1.76571
1.77754
1.78239
1.77925
1.76736
1.74677
1.7189
1.68709
1.65647
1.63267
1.61945
1.61744
1.6249
1.64004
1.66187
1.68931
1.71994
1.74999
1.77483
1.7901
1.79263
1.78132
1.75821
1.7283
1.69793
1.67246
1.65498
1.646
1.64383
1.64562
1.64837
1.6498
1.64907
1.64687
1.64531
1.64716
1.65414
1.66582
1.67979
1.69339
1.70474
1.71266
1.71603
1.71367
1.70577
1.6952
1.6868
1.68477
1.69049
1.7031
1.72077
1.7404
1.75733
1.7671
1.76794
1.76117
1.74971
1.73626
1.72243
1.70929
1.69802
1.69078
1.69011
1.69726
1.71046
1.7246
1.7336
1.73255
1.71871
1.69138
1.65174
1.60298
1.55068
1.50269
1.46806
1.45408
1.46293
1.49038
1.52816
1.56771
1.60213
1.62644
1.63725
1.6333
1.61627
1.59145
1.56694
1.5511
1.54988
1.56557
1.59671
1.63805
1.68131
1.71816
1.74412
1.7601
1.77011
1.77734
1.78229
1.78406
1.78233
1.77823
1.77379
1.77049
1.76843
1.76642
1.76304
1.75707
1.74737
1.73274
1.71221
1.68611
1.65721
1.63044
1.61099
1.60264
1.60725
1.62492
1.65409
1.69165
1.73324
1.77371
1.80817
1.83331
1.84779
1.8517
1.84523
1.8286
1.80282
1.77073
1.73624
1.70262
1.67165
1.6446
1.62282
1.60779
1.60027
1.59998
1.60592
1.61735
1.6336
1.65333
1.67388
1.69186
1.7048
1.71195
1.71402
1.71228
1.70817
1.70313
1.69815
1.69327
1.68763
1.6806
1.67307
1.6669
1.66348
1.66191
1.6589
1.65073
1.63508
1.6121
1.58404
1.55449
1.52774
1.50744
1.49458
1.48736
1.4835
1.48303
1.48898
1.50505
1.53268
1.56958
1.61029
1.64825
1.67845
1.69917
1.71207
1.72106
1.73011
1.74156
1.75549
1.77047
1.78512
1.79904
1.81228
1.82425
1.83335
1.83802
1.83771
1.83291
1.82398
1.81033
1.79124
1.76735
1.74105
1.7154
1.6928
1.67505
1.6638
1.66044
1.66512
1.67601
1.68942
1.7009
1.70659
1.70447
1.69489
1.68
1.66248
1.64389
1.62399
1.60262
1.58132
1.56416
1.55642
1.56161
1.57879
1.60276
1.62701
1.64636
1.65775
1.65985
1.65296
1.63893
1.621
1.60305
1.58854
1.57932
1.5756
1.57687
1.58281
1.59368
1.60901
1.62636
1.64174
1.65143
1.65406
1.65081
1.64434
1.63778
1.63403
1.63519
1.64189
1.65324
1.6672
1.6813
1.69338
1.7021
1.70707
1.70865
1.70706
1.70262
1.69632
1.69037
1.68819
1.69276
1.70434
1.71952
1.73331
1.74239
1.74684
1.74945
1.75305
1.75839
1.76393
1.76666
1.76365
1.75472
1.74438
1.73882
1.73904
1.73863
1.7287
1.70411
1.66581
1.62045
1.57772
1.54548
1.52582
1.51581
1.51225
1.51509
1.52687
1.54973
1.58304
1.62394
1.6691
1.71556
1.76016
1.79955
1.83072
1.8519
1.86312
1.86565
1.86069
1.84824
1.82676
1.79426
1.7506
1.69938
1.64816
1.60643
1.58153
1.57524
1.5834
1.59856
1.61368
1.62413
1.62799
1.62529
1.61728
1.60602
1.59424
1.58503
1.5807
1.58201
1.58727
1.59357
1.5988
1.60336
1.61005
1.6224
1.64241
1.66892
1.69757
1.72232
1.73794
1.74174
1.7334
1.71441
1.6877
1.65771
1.62912
1.60493
1.5854
1.56999
1.56003
1.55962
1.57402
1.60709
1.65845
1.72227
1.78841
1.84584
1.8861
1.90493
1.90154
1.87778
1.8382
1.78983
1.74233
1.70652
1.69054
1.69609
1.71772
1.74547
1.76896
1.78067
1.77773
1.76214
1.73876
1.71239
1.68585
1.66047
1.63779
1.62034
1.61093
1.61131
1.62108
1.63759
1.65685
1.67428
1.68576
1.68848
1.68186
1.66717
1.64713
1.62554
1.60692
1.596
1.59596
1.60677
1.6248
1.64421
1.65938
1.66669
1.6653
1.65756
1.64826
1.64318
1.64668
1.65982
1.6804
1.70482
1.72963
1.75213
1.77012
1.78128
1.78306
1.77323
1.7505
1.71533
1.67077
1.62245
1.57722
1.5408
1.51715
1.50959
1.52072
1.54976
1.5905
1.63293
1.66729
1.6872
1.69085
1.68044
1.66057
1.63643
1.61227
1.59085
1.5736
1.56116
1.55379
1.55138
1.55422
1.56362
1.58199
1.61174
1.65337
1.7043
1.75925
1.81148
1.85458
1.88518
1.90467
1.91795
1.92963
1.94075
1.94877
1.9497
1.94031
1.91882
1.88519
1.84121
1.78996
1.73437
1.67648
1.61921
1.56974
1.5385
1.52854
1.52959
1.52926
1.52496
1.52264
1.52842
1.54316
1.56275
1.58146
1.59544
1.60447
1.61167
1.62181
1.63817
1.66036
1.68512
1.70886
1.7291
1.74399
1.75159
1.75029
1.73998
1.72323
1.70526
1.692
1.6876
1.69386
1.71167
1.73999
1.77248
1.79859
1.81012
1.80456
1.78381
1.75171
1.71262
1.67079
1.63018
1.59448
1.56671
1.54844
1.5392
1.53648
1.53702
1.53819
1.53903
1.54008
1.54254
1.54738
1.55426
1.56127
1.56577
1.56619
1.56379
1.56291
1.56901
1.58567
1.61221
1.64404
1.6746
1.69788
1.71025
1.7111
1.70276
1.68948
1.67617
1.66691
1.66428
1.66989
1.68561
1.71301
1.75122
1.79515
1.83703
1.86992
1.89067
1.89991
1.9006
1.89608
1.88833
1.87743
1.86202
1.84044
1.81173
1.77645
1.73694
1.69721
1.66173
1.63316
1.6118
1.59736
1.59092
1.59483
1.61045
1.6354
1.66311
1.68587
1.69889
1.7019
1.69825
1.69283
1.69002
1.69238
1.70015
1.71188
1.72481
1.73535
1.73987
1.73578
1.72231
1.70046
1.67263
1.64222
1.61295
1.58801
1.56925
1.55655
1.54827
1.5424
1.53784
1.5351
1.53576
1.54088
1.54976
1.56033
1.57053
1.57988
1.5897
1.60182
1.61713
1.63448
1.65127
1.66484
1.67407
1.6793
1.68091
1.67822
1.67055
1.65953
1.65011
1.64914
1.6615
1.68732
1.72175
1.75777
1.78913
1.81235
1.82674
1.83294
1.83139
1.82174
1.80346
1.77687
1.74396
1.7084
1.67471
1.64687
1.62729
1.61687
1.61523
1.62092
1.63101
1.64148
1.64849
1.64964
1.64493
1.63676
1.62912
1.62587
1.62874
1.63646
1.64616
1.65602
1.6671
1.68215
1.70261
1.72701
1.75174
1.77262
1.7864
1.7914
1.78737
1.77499
1.7555
1.73036
1.70198
1.67387
1.64986
1.6324
1.62139
1.61491
1.61146
1.61114
1.615
1.6237
1.63637
1.65078
1.66465
1.67675
1.68724
1.69684
1.70548
1.71152
1.71242
1.70631
1.69369
1.67783
1.66356
1.65493
1.65314
1.65632
1.66109
1.66456
1.66574
1.66494
1.66269
1.65865
1.65118
1.63844
1.61973
1.59626
1.57109
1.54776
1.52908
1.51641
1.50997
1.50942
1.51428
1.52441
1.5398
1.5602
1.58462
1.61124
1.63771
1.66145
1.6805
1.6942
1.70312
1.70866
1.71163
1.71122
1.70507
1.69119
1.66922
1.64083
1.6094
1.5795
1.5562
1.54422
1.54666
1.56417
1.59494
1.63498
1.67945
1.72358
1.76355
1.79673
1.82181
1.83855
1.84635
1.84326
1.82642
1.79395
1.74699
1.69062
1.63348
1.58562
1.55571
1.5481
1.5619
1.59194
1.63138
1.6741
1.71526
1.75025
1.77451
1.78472
1.78024
1.76351
1.7394
1.71451
1.69577
1.68861
1.69519
1.71357
1.73823
1.76176
1.77696
1.77893
1.76659
1.74282
1.71251
1.67989
1.64788
1.61922
1.59711
1.584
1.58058
1.58595
1.59832
1.61538
1.63373
1.64844
1.65356
1.64414
1.61905
1.58314
1.54734
1.52484
1.52466
1.54735
1.58587
1.6295
1.66813
1.69535
1.70907
1.71016
1.70048
1.68191
1.65658
1.62696
1.59554
1.56484
1.53758
1.51725
1.50829
1.51537
1.54164
1.58726
1.64853
1.71829
1.78732
1.84626
1.88769
1.90754
1.90547
1.8846
1.84994
1.80657
1.75895
1.71118
1.66802
1.63461
1.61504
1.61041
1.61795
1.63173
1.6451
1.65283
1.65199
1.64226
1.62553
1.60519
1.58509
1.56827
1.55613
1.5489
1.54679
1.55081
1.56231
1.58169
1.60717
1.63504
1.66131
1.68365
1.7023
1.71932
1.73637
1.75252
1.76393
1.76529
1.75237
1.72399
1.6832
1.63671
1.59317
1.56066
1.54416
1.54401
1.55644
1.57585
1.59718
1.61729
1.63512
1.65136
1.66795
1.68698
1.70939
1.73394
1.75724
1.77476
1.78242
1.77792
1.76143
1.73553
1.70455
1.67356
1.6474
1.62951
1.62182
1.62507
1.63902
1.66244
1.69268
1.7253
1.75429
1.77313
1.77678
1.76425
1.74031
1.7148
1.69779
1.69324
1.69759
1.70429
1.70825
1.70679
1.69917
1.6869
1.67425
1.66684
1.66741
1.673
1.67781
1.67863
1.67743
1.6791
1.68735
1.70244
1.72084
1.73728
1.74752
1.75057
1.74771
1.73992
1.72673
1.70739
1.68242
1.65439
1.62753
1.60627
1.59356
1.58977
1.5924
1.59683
1.59852
1.59555
1.59048
1.58936
1.59699
1.61314
1.63346
1.65305
1.66863
1.67912
1.6853
1.68903
1.69195
1.69459
1.69631
1.69575
1.69177
1.68393
1.67277
1.65973
1.64685
1.63655
1.63124
1.63212
1.63833
1.64713
1.65499
1.65914
1.65856
1.65429
1.6488
1.64471
1.64338
1.64448
1.64615
1.6465
1.64521
1.64474
1.64962
1.66399
1.6891
1.72275
1.76029
1.79614
1.82553
1.84528
1.8535
1.84906
1.83113
1.79976
1.75668
1.70578
1.65308
1.60562
1.56979
1.54919
1.5436
1.5491
1.56035
1.57341
1.58737
1.60367
1.6237
1.64711
1.67131
1.69196
1.70432
1.70496
1.69357
1.67362
1.65138
1.63359
1.6245
1.62436
1.63016
1.63826
1.64678
1.65631
1.66859
1.68393
1.70005
1.71364
1.72291
1.7287
1.7326
1.7348
1.73341
1.72604
1.71169
1.69181
1.66955
1.6478
1.62802
1.61074
1.59712
1.58955
1.59032
1.59975
1.61522
1.63217
1.64611
1.65397
1.65482
1.64999
1.64285
1.63762
1.63782
1.64509
1.65903
1.6778
1.69882
1.71979
1.73934
1.75725
1.77411
1.79005
1.80397
1.81315
1.81385
1.80247
1.77704
1.73845
1.69128
1.64286
1.60047
1.56871
1.54883
1.53973
1.53929
1.54507
1.55417
1.56329
1.56875
1.5679
1.56088
1.55189
1.54864
1.5589
1.58557
1.62519
1.67086
1.71566
1.75403
1.78144
1.79502
1.79508
1.78512
1.76992
1.75331
1.73757
1.72385
1.71307
1.70612
1.7033
1.70366
1.7051
1.70473
1.70009
1.68991
1.675
1.65837
1.64391
1.63364
1.62603
1.6178
1.6074
1.5968
1.58987
1.58961
1.59648
1.60844
1.62232
1.63487
1.64339
1.64597
1.64154
1.63024
1.6135
1.59371
1.57372
1.55647
1.54473
1.54109
1.54791
1.56687
1.59862
1.64166
1.69229
1.74505
1.79381
1.8329
1.85819
1.86856
1.86671
1.85784
1.84585
1.83083
1.8106
1.78415
1.75309
1.72061
1.69022
1.66482
1.64597
1.63383
1.62728
1.62413
1.62129
1.61598
1.60761
1.59917
1.59621
1.60369
1.6228
1.64972
1.67755
1.69907
1.70903
1.70509
1.68777
1.6599
1.62565
1.58936
1.55491
1.52572
1.50542
1.49768
1.50527
1.52835
1.56365
1.60528
1.64668
1.68295
1.71234
1.73588
1.75543
1.7717
1.78383
1.7905
1.79088
1.78433
1.7698
1.74593
1.71229
1.67083
1.62699
1.58917
1.566
1.56252
1.57767
1.60471
1.63432
1.65819
1.6708
1.66975
1.65575
1.63294
1.60903
1.59276
1.58996
1.60139
1.62382
1.65262
1.68297
1.71056
1.73212
1.74609
1.7527
1.7537
1.75162
1.74816
1.74353
1.73718
1.72898
1.7196
1.71029
1.70159
1.69252
1.68115
1.66635
1.64931
1.63358
1.62309
1.61994
1.62394
1.63382
1.64885
1.66935
1.69493
1.72235
1.74573
1.75992
1.76375
1.76025
1.75386
1.7476
1.74191
1.73571
1.72803
1.71882
1.70918
1.70088
1.69574
1.69477
1.69743
1.70162
1.70416
1.70206
1.69364
1.67887
1.65944
1.63846
1.6198
1.60711
1.60284
1.6075
1.61982
1.63759
1.65869
1.68138
1.70334
1.72107
1.73069
1.72928
1.71588
1.69168
1.65943
1.62326
1.58846
1.56068
1.54428
1.54122
1.55158
1.57501
1.61131
1.6586
1.71129
1.76011
1.79463
1.80689
1.79453
1.76254
1.72241
1.68605
1.65892
1.64014
1.62752
1.62002
1.6161
1.61309
1.60904
1.60503
1.60457
1.61076
1.62393
1.6416
1.66079
1.6798
1.69837
1.7158
1.7294
1.73502
1.72986
1.71483
1.69541
1.67942
1.67327
1.67932
1.69553
1.71721
1.73885
1.75555
1.76368
1.76137
1.74886
1.72827
1.70346
1.67882
1.65737
1.63911
1.6218
1.60406
1.58749
1.57622
1.57448
1.58414
1.604
1.63029
1.65799
1.68236
1.70057
1.71238
1.71931
1.72278
1.72281
1.71838
1.70836
1.6926
1.6724
1.65104
1.63471
1.63125
1.64453
1.66969
1.69679
1.71848
1.73275
1.74103
1.74565
1.74832
1.74948
1.7486
1.74464
1.73704
1.72624
1.71332
1.699
1.68367
1.66809
1.65414
1.64471
1.64273
1.65015
1.66674
1.68927
1.71188
1.72763
1.73055
1.71744
1.68874
1.64842
1.60272
1.55813
1.51926
1.48837
1.46676
1.45546
1.45522
1.4659
1.48591
1.51251
1.54242
1.57218
1.59913
1.62201
1.64082
1.6565
1.67088
1.68619
1.70426
1.7253
1.74764
1.76878
1.78721
1.80324
1.81811
1.83144
1.83945
1.83603
1.81604
1.778
1.72545
1.66621
1.61024
1.56616
1.53798
1.52438
1.52184
1.52836
1.54485
1.57359
1.61521
1.6667
1.72123
1.77017
1.80559
1.82198
1.81726
1.79324
1.75605
1.71565
1.68313
1.66657
1.66767
1.68189
1.70157
1.71945
1.73105
1.73541
1.73417
1.73025
1.72622
1.7234
1.72196
1.72176
1.72298
1.7261
1.73076
1.7349
1.73565
1.73162
1.72398
1.71557
1.70946
1.70711
1.70746
1.70682
1.70037
1.68463
1.65867
1.62329
1.58064
1.53502
1.49395
1.46653
1.45865
1.46941
1.49242
1.52004
1.54639
1.56789
1.58288
1.59143
1.5951
1.59629
1.59686
1.59713
1.59562
1.59046
1.5813
1.5703
1.5616
1.55907
1.5652
1.58182
1.60993
1.64823
1.69211
1.73554
1.77382
1.80442
1.82622
1.83809
1.83839
1.82524
1.79726
1.75466
1.70042
1.64112
1.58664
1.54823
1.5345
1.54723
1.57997
1.62097
1.65835
1.68408
1.69525
1.69352
1.68436
1.67599
1.677
1.69272
1.72241
1.75926
1.79352
1.81645
1.82277
1.81175
1.78667
1.75317
1.71759
1.68561
1.66189
1.6496
1.6484
1.65349
1.65828
1.65851
1.65399
1.64734
1.64119
1.63635
1.63242
1.62947
1.62838
1.62996
1.63435
1.64116
1.6503
1.66202
1.67668
1.69413
1.71329
1.73242
1.74952
1.76266
1.77007
1.77041
1.76318
1.74902
1.7295
1.70665
1.68231
1.65787
1.63442
1.61314
1.59535
1.58238
1.57534
1.57442
1.57825
1.58373
1.5873
1.58663
1.58211
1.57658
1.57404
1.57758
1.58772
1.60162
1.614
1.61952
1.6154
1.60272
1.58612
1.57216
1.56774
1.57905
1.60919
1.65544
1.70888
1.75733
1.78967
1.79918
1.78509
1.7524
1.7103
1.6695
1.6396
1.62704
1.63413
1.65877
1.69503
1.73543
1.77316
1.80347
1.82399
1.83415
1.83437
1.8256
1.80952
1.78906
1.76793
1.74902
1.73365
1.72142
1.71091
1.70013
1.68721
1.67151
1.65443
1.63904
1.62823
1.62304
1.62303
1.62754
1.63614
1.6481
1.66186
1.67499
1.6853
1.69175
1.69454
1.69447
1.69258
1.69011
1.68833
1.68822
1.6902
1.69389
1.69865
1.70405
1.70979
1.71462
1.71553
1.70873
1.69183
1.66559
1.63396
1.60307
1.57939
1.56763
1.56954
1.58353
1.60519
1.6287
1.64844
1.6605
1.66384
1.66039
1.65429
1.6498
1.64899
1.65118
1.65367
1.65343
1.64866
1.63939
1.62804
1.61905
1.61792
1.62907
1.65376
1.68888
1.72778
1.76253
1.78633
1.79545
1.78893
1.76753
1.73274
1.68692
1.63378
1.57833
1.52635
1.48354
1.45533
1.44677
1.46191
1.50268
1.56777
1.65098
1.74109
1.82493
1.89178
1.93606
1.95689
1.95625
1.93729
1.90346
1.85836
1.80636
1.75299
1.70462
1.66664
1.64189
1.62991
1.62771
1.6311
1.63598
1.63946
1.64004
1.63799
1.63574
1.63752
1.64696
1.66367
1.68326
1.70019
1.71087
1.71504
1.71487
1.71337
1.71256
1.71229
1.71037
1.70357
1.68923
1.66715
1.64046
1.61555
1.60006
1.59878
1.6108
1.63034
1.64992
1.66317
1.66555
1.65423
1.62892
1.59285
1.55335
1.5196
1.4985
1.49267
1.50218
1.52613
1.56209
1.60547
1.65049
1.69201
1.72657
1.75241
1.76877
1.77608
1.77583
1.77055
1.76313
1.75571
1.74874
1.741
1.73097
1.71851
1.70496
1.69271
1.68282
1.6738
1.66235
1.64608
1.62579
1.60567
1.59137
1.58668
1.59106
1.60019
1.60888
1.614
1.61568
1.61631
1.61871
1.62459
1.63413
1.64623
1.6595
1.67278
1.68576
1.6995
1.71626
1.73793
1.76361
1.78878
1.80795
1.81764
1.81696
1.80687
1.78916
1.76681
1.74401
1.72548
1.71511
1.71439
1.7217
1.73299
1.7436
1.74956
1.74777
1.73552
1.71138
1.6766
1.63578
1.59649
1.56703
1.55339
1.55703
1.57532
1.60336
1.63593
1.66781
1.69399
1.71081
1.71754
1.71638
1.7105
1.7013
1.68796
1.66965
1.64836
1.62864
1.61471
1.60761
1.60526
1.60478
1.60475
1.60591
1.61062
1.62142
1.6396
1.66439
1.69319
1.72241
1.74806
1.76632
1.77407
1.76942
1.75226
1.72492
1.69175
1.65822
1.62954
1.60934
1.59825
1.5933
1.5892
1.58101
1.56634
1.54583
1.52287
1.50277
1.49128
1.49266
1.50776
1.5337
1.56577
1.60081
1.63897
1.68216
1.73026
1.77865
1.82012
1.84827
1.86014
1.85689
1.8429
1.82359
1.80316
1.78306
1.76271
1.74151
1.72094
1.70367
1.6915
1.68397
1.67915
1.6751
1.67068
1.66557
1.66032
1.65625
1.65513
1.65877
1.66823
1.68265
1.6985
1.71044
1.7132
1.70386
1.68256
1.65222
1.61722
1.58224
1.55162
1.52865
1.51586
1.51575
1.53057
1.5607
1.60274
1.64956
1.69296
1.72668
1.74763
1.75567
1.75283
1.74238
1.72807
1.71311
1.7
1.69044
1.68518
1.68427
1.68692
1.69151
1.69597
1.69861
1.69865
1.69647
1.69334
1.69047
1.68787
1.68414
1.67798
1.67035
1.66538
1.66815
1.68105
1.70225
1.72686
1.74941
1.765
1.76944
1.76
1.73634
1.70129
1.66076
1.62217
1.59231
1.57524
1.57127
1.57728
1.5877
1.59667
1.60018
1.59689
1.58762
1.57457
1.56083
1.5501
1.5461
1.55129
1.56509
1.58323
1.59972
1.60982
1.6115
1.6057
1.5958
1.58686
1.58449
1.59311
1.61422
1.64625
1.68593
1.72944
1.77301
1.81289
1.84572
1.86877
1.88041
1.87997
1.86721
1.84186
1.80409
1.75574
1.70179
1.65073
1.61249
1.59448
1.59831
1.61932
1.64947
1.68099
1.70871
1.73061
1.74681
1.75797
1.76451
1.76653
1.76423
1.75749
1.74567
1.72762
1.70225
1.66956
1.63147
1.59228
1.55803
1.53401
1.52201
1.52019
1.52512
1.53379
1.54435
1.55639
1.57101
1.59028
1.61569
1.64624
1.67773
1.70399
1.71938
1.72091
1.70878
1.68561
1.65522
1.62128
1.58703
1.55591
1.53227
1.52133
1.52674
1.54807
1.58013
1.61557
1.64812
1.67457
1.69502
1.71187
1.72739
1.74157
1.75182
1.75426
1.74584
1.72578
1.69651
1.66304
1.63128
1.60567
1.58825
1.58
1.58241
1.59751
1.62647
1.66798
1.71822
1.77176
1.82293
1.86669
1.89931
1.91842
1.92297
1.91326
1.89061
1.85727
1.81613
1.77074
1.72514
1.68365
1.65057
1.62955
1.62204
1.6254
1.63352
1.63963
1.6392
1.63084
1.6153
1.59421
1.569
1.54083
1.51112
1.48193
1.45627
1.4382
1.43211
1.44121
1.46541
1.50043
1.53926
1.57537
1.60523
1.62923
1.65021
1.67159
1.69584
1.72341
1.7523
1.77898
1.79968
1.81142
1.81248
1.80257
1.78256
1.75437
1.72108
1.68716
1.65874
1.64235
1.64116
1.65266
1.67064
1.68922
1.70421
1.7126
1.7124
1.70356
1.68809
1.6692
1.64998
1.63277
1.61897
1.60902
1.6022
1.59642
1.58922
1.57989
1.57084
1.56729
1.5741
1.5929
1.62108
1.65306
1.68216
1.70284
1.71177
1.70814
1.69337
1.6715
1.64877
1.63227
1.62795
1.63851
1.66209
1.69296
1.72439
1.75107
1.76983
1.7792
1.77903
1.77059
1.75636
1.73907
1.72048
1.70104
1.68058
1.65918
1.63775
1.61757
1.60025
1.58739
1.58027
1.57906
1.58169
1.58458
1.58426
1.57925
1.57063
1.56179
1.557
1.56021
1.57391
1.59857
1.63238
1.67156
1.71076
1.74421
1.76715
1.77711
1.77429
1.76088
1.74024
1.71665
1.69493
1.68001
1.67552
1.68262
1.70015
1.72549
1.75535
1.78585
1.81224
1.82934
1.83276
1.81994
1.79089
1.7482
1.69698
1.6442
1.59819
1.56704
1.55648
1.56712
1.59359
1.62645
1.65597
1.6755
1.68292
1.67995
1.67119
1.66262
1.65978
1.66561
1.67907
1.69581
1.71078
1.72053
1.72401
1.72167
1.7139
1.70039
1.68078
1.65684
1.63349
1.61742
1.61268
1.61705
1.62417
1.62852
1.62919
1.62995
1.63675
1.65467
1.68535
1.72591
1.7694
1.80656
1.82822
1.82802
1.80407
1.75976
1.7031
1.64478
1.59512
1.56096
1.54406
1.54177
1.54962
1.56369
1.58138
1.6008
1.62017
1.63836
1.65514
1.67046
1.6837
1.69357
1.69917
1.70067
1.69935
1.69665
1.69287
1.6863
1.67446
1.65649
1.63508
1.61632
1.6076
1.6142
1.63683
1.6715
1.71122
1.74863
1.77787
1.7954
1.80006
1.79208
1.77258
1.74397
1.7109
1.67971
1.65554
1.63985
1.63129
1.62787
1.62832
1.63215
1.63975
1.65242
1.6712
1.69542
1.72169
1.74498
1.76069
1.76668
1.76391
1.75545
1.7447
1.73397
1.72413
1.71533
1.70766
1.70107
1.69478
1.68671
1.67338
1.65134
1.61876
1.57743
1.53335
1.49516
1.46968
1.45781
1.45557
1.45837
1.46366
1.47117
1.48198
1.49708
1.5163
1.53801
1.56002
1.58056
1.59882
1.61457
1.62757
1.63774
1.64527
1.65113
1.65687
1.66408
1.6741
1.68784
1.70607
1.72921
1.75616
1.78317
1.80458
1.81542
1.81371
1.80064
1.77985
1.75597
1.73342
1.71541
1.7034
1.69716
1.69504
1.69479
1.6945
1.69312
1.69116
1.69053
1.69328
1.69982
1.70781
1.71295
1.71127
1.70108
1.68385
1.66354
1.6452
1.63331
1.6306
1.63768
1.65333
1.67512
1.70023
1.72564
1.74856
1.76633
1.77661
1.77751
1.76819
1.74937
1.72306
1.69163
1.65705
1.62106
1.58562
1.55345
1.52792
1.51285
1.51178
1.52682
1.55793
1.60296
1.65788
1.71694
1.77266
1.81651
1.84019
1.83801
1.80916
1.75925
1.69874
1.63886
1.58664
1.54369
1.50918
1.48423
1.47288
1.4787
1.50048
1.53223
1.56678
1.59889
1.62593
1.64727
1.66367
1.6765
1.68665
1.69453
1.70091
1.70766
1.71628
1.7262
1.73518
1.74191
1.74715
1.75257
1.75904
1.76571
1.77045
1.77117
1.76761
1.76242
1.75974
1.7605
1.76074
1.75522
1.74052
1.71546
1.68041
1.63782
1.5931
1.55431
1.52989
1.5253
1.54129
1.57432
1.61851
1.66802
1.71865
1.76827
1.81566
1.85845
1.89201
1.91052
1.90941
1.88746
1.84754
1.79639
1.74351
1.69849
1.66671
1.64736
1.63539
1.62543
1.61367
1.598
1.5775
1.5526
1.52589
1.50178
1.48515
1.47924
1.48437
1.49825
1.51753
1.53888
1.55942
1.57713
1.59158
1.60403
1.61687
1.63278
1.6536
1.68007
1.71147
1.74592
1.78077
1.81271
1.83795
1.85289
1.85514
1.84465
1.82431
1.79962
1.77677
1.75926
1.7461
1.73332
1.71691
1.69465
1.66691
1.63675
1.60989
1.59242
1.58762
1.59462
1.6098
1.62884
1.64805
1.66407
1.67347
1.6732
1.66164
1.63974
1.61102
1.58067
1.55404
1.53516
1.52648
1.52962
1.54613
1.57684
1.62063
1.67363
1.72974
1.78161
1.82218
1.84595
1.84993
1.83403
1.80125
1.75762
1.71236
1.67632
1.65777
1.65785
1.67003
1.68445
1.69366
1.69533
1.69176
1.68732
1.68588
1.68882
1.69492
1.70186
1.70765
1.71177
1.71529
1.72031
1.72918
1.74306
1.76075
1.77843
1.79055
1.79228
1.78169
1.76039
1.73265
1.70327
1.67601
1.65277
1.63413
1.62006
1.6104
1.60461
1.60147
1.59883
1.59418
1.58568
1.57332
1.55947
1.54802
1.5426
1.54453
1.55234
1.56266
1.57153
1.57621
1.57615
1.57352
1.57203
1.57533
1.58523
1.60145
1.62291
1.64881
1.67923
1.71458
1.75445
1.79648
1.8358
1.86585
1.8801
1.8738
1.84547
1.79786
1.73834
1.67756
1.6263
1.59156
1.57477
1.57277
1.58087
1.59524
1.61362
1.63464
1.65707
1.67947
1.69991
1.71618
1.7265
1.72978
1.72579
1.71528
1.70072
1.68722
1.68202
1.69032
1.7111
1.73814
1.76451
1.78458
1.79384
1.78916
1.7701
1.73996
1.70537
1.67417
1.65233
1.64195
1.64112
1.64588
1.65219
1.65702
1.65822
1.65454
1.64552
1.63181
1.61556
1.60059
1.59161
1.59194
1.60157
1.61754
1.63624
1.6551
1.67286
1.68862
1.70111
1.70888
1.71106
1.70778
1.70015
1.68946
1.67625
1.65986
1.63875
1.61223
1.58241
1.55513
1.53832
1.53821
1.55605
1.58749
1.62505
1.66122
1.69012
1.70814
1.71333
1.70541
1.68571
1.65776
1.6272
1.60076
1.58405
1.57997
1.58854
1.60853
1.63815
1.67419
1.71131
1.74303
1.76407
1.77207
1.76817
1.7564
1.74169
1.7272
1.7138
1.70151
1.69124
1.68465
1.6824
1.68311
1.68414
1.68338
1.68068
1.67781
1.67663
1.67658
1.67455
1.66713
1.65369
1.63771
1.6252
1.62182
1.63022
1.64888
1.67294
1.69575
1.71083
1.71291
1.69887
1.66915
1.62908
1.58839
1.55795
1.5447
1.54868
1.56347
1.57997
1.59083
1.59333
1.58968
1.58599
1.58992
1.60738
1.63858
1.67796
1.71785
1.75153
1.77441
1.78404
1.78007
1.76471
1.7426
1.72034
1.70427
1.69808
1.70138
1.70988
1.71716
1.71737
1.70745
1.68805
1.66331
1.63964
1.6235
1.61883
1.62582
1.64176
1.66311
1.68724
1.71305
1.73985
1.76626
1.78948
1.8057
1.81106
1.80303
1.78135
1.74826
1.70821
1.66674
1.62938
1.60014
1.58074
1.57069
1.5683
1.57167
1.57945
1.59029
1.60155
1.60945
1.61079
1.60426
1.59104
1.57444
1.55959
1.55215
1.55633
1.57284
1.59849
1.62772
1.65457
1.67453
1.68565
1.68876
1.68666
1.68276
1.68041
1.68308
1.69393
1.71427
1.74213
1.77244
1.7989
1.81622
1.82135
1.81368
1.79448
1.76636
1.73291
1.69827
1.66662
1.64128
1.62406
1.6151
1.61336
1.61767
1.62765
1.64324
1.6635
1.68569
1.70573
1.71956
1.72476
1.72152
1.71268
1.70284
1.69688
1.69833
1.70799
1.72335
1.73907
1.74927
1.75001
1.74108
1.72585
1.70954
1.69657
1.68832
1.68255
1.67443
1.6592
1.63435
1.60089
1.56269
1.52497
1.49265
1.46896
1.45476
1.44894
1.45021
1.4587
1.4766
1.50682
1.5499
1.60221
1.65752
1.71039
1.7578
1.79853
1.83163
1.85604
1.87093
1.8762
1.8722
1.85948
1.83826
1.80825
1.76931
1.72215
1.66906
1.61384
1.56116
1.51586
1.4825
1.46476
1.46479
1.48262
1.51607
1.56026
1.60769
1.64942
1.67738
1.68655
1.67635
1.65095
1.61893
1.59118
1.57669
1.57771
1.5888
1.60106
1.60739
1.60522
1.59603
1.58396
1.5738
1.56965
1.57464
1.59105
1.61938
1.65753
1.70074
1.74264
1.77733
1.80106
1.81352
1.81778
1.81795
1.81574
1.80924
1.7951
1.77143
1.73857
1.69846
1.65433
1.61026
1.57046
1.53873
1.51842
1.51254
1.52308
1.54937
1.58687
1.62786
1.66337
1.68559
1.68939
1.67395
1.64323
1.6057
1.5723
1.55289
1.55255
1.57033
1.60059
1.63635
1.67146
1.70162
1.72426
1.73849
1.74499
1.74681
1.74907
1.75657
1.77008
1.78528
1.79578
1.79691
1.78726
1.76834
1.74357
1.71739
1.69469
1.67979
1.6753
1.68105
1.69387
1.70894
1.72163
1.72905
1.7307
1.72817
1.72397
1.72016
1.71696
1.71247
1.70365
1.68819
1.66637
1.64171
1.61988
1.6062
1.6033
1.61009
1.62295
1.63756
1.65021
1.65792
1.65806
1.64875
1.62969
1.603
1.5733
1.54657
1.52829
1.5218
1.52741
1.54213
1.56055
1.57674
1.58623
1.58733
1.58131
1.57185
1.56332
1.55961
1.56412
1.58031
1.6099
1.65036
1.69505
1.73675
1.77022
1.79248
1.80207
1.79855
1.78257
1.75645
1.72406
1.69001
1.65862
1.63294
1.61466
1.60503
1.60535
1.61666
1.63861
1.66878
1.70314
1.73719
1.76672
1.7879
1.79745
1.79347
1.77607
1.74799
1.71453
1.68227
1.65712
1.64267
1.63962
1.64616
1.65903
1.67442
1.68876
1.69969
1.70677
1.71134
1.71526
1.71927
1.72225
1.72235
1.71821
1.70951
1.69688
1.6816
1.66573
1.65212
1.64338
1.64116
1.64536
1.65457
1.66641
1.67873
1.69002
1.69901
1.704
1.7026
1.69213
1.67094
1.63977
1.60278
1.56783
1.54468
1.54105
1.55791
1.58764
1.61804
1.6391
1.64641
1.64084
1.62647
1.6086
1.59243
1.58215
1.58042
1.58793
1.60361
1.62508
1.6495
1.67442
1.69849
1.72119
1.74165
1.75794
1.76724
1.76665
1.75448
1.73075
1.69745
1.65818
1.61755
1.58037
1.55113
1.53329
1.52897
1.53842
1.55948
1.58788
1.61876
1.6482
1.67392
1.69466
1.70932
1.71661
1.71568
1.70711
1.69308
1.67637
1.65945
1.64434
1.63284
1.62607
1.62378
1.62458
1.62699
1.63054
1.63594
1.64475
1.65837
1.67741
1.70127
1.72812
1.75514
1.77915
1.79706
1.80664
1.80659
1.79672
1.77791
1.75277
1.72527
1.69969
1.67919
1.66506
1.65727
1.6553
1.65835
1.66528
1.67394
1.6811
1.68293
1.67622
1.65938
1.63321
1.60063
1.56607
1.53463
1.51083
1.49735
1.49441
1.50046
1.51341
1.53168
1.55473
1.58273
1.61533
1.65102
1.6864
1.7166
1.73702
1.74514
1.74139
1.72883
1.7118
1.69457
1.68038
1.67083
1.66586
1.66398
1.66344
1.66391
1.66693
1.6744
1.6866
1.7015
1.71628
1.72897
1.73885
1.7462
1.75183
1.75632
1.75891
1.75663
1.74502
1.71991
1.68
1.62887
1.57579
1.53366
1.51452
1.52431
1.56072
1.61484
1.67541
1.73256
1.77967
1.81296
1.83001
1.82912
1.80994
1.77482
1.72952
1.68243
1.6422
1.61527
1.60444
1.6085
1.6237
1.64568
1.67073
1.69607
1.71959
1.73931
1.75349
1.76104
1.7622
1.75841
1.75079
1.73883
1.72043
1.69421
1.66191
1.62865
1.60102
1.5846
1.58219
1.59329
1.61422
1.63892
1.66018
1.6715
1.66828
1.64927
1.61753
1.57978
1.54409
1.51687
1.50133
1.49824
1.50743
1.52866
1.56188
1.60651
1.66011
1.71799
1.77429
1.8232
1.85965
1.87978
1.88171
1.86659
1.83937
1.80788
1.77949
1.75818
1.74446
1.73684
1.73315
1.73079
1.72779
1.72311
1.71645
1.70738
1.69474
1.67759
1.65646
1.63356
1.61185
1.59377
1.58025
1.57065
1.56331
1.55683
1.55102
1.54638
1.5434
1.5424
1.54366
1.54678
1.5504
1.55297
1.55397
1.55503
1.55894
1.56761
1.5806
1.59589
1.61158
1.6271
1.64307
1.6603
1.67907
1.6989
1.71857
1.73665
1.75167
1.76235
1.76787
1.76799
1.76338
1.75546
1.74573
1.73532
1.72479
1.71447
1.70458
1.69502
1.68538
1.6753
1.66561
1.65911
1.66049
1.67415
1.70119
1.73739
1.77472
1.80487
1.82147
1.82098
1.80295
1.77002
1.72765
1.68339
1.64556
1.62152
1.61569
1.62842
1.65594
1.6918
1.7286
1.75982
1.78079
1.78896
1.78341
1.7641
1.73145
1.68666
1.63232
1.57212
1.51113
1.45707
1.42034
1.41065
1.43116
1.47522
1.5297
1.5823
1.6262
1.66014
1.68589
1.70555
1.71999
1.72886
1.7319
1.73042
1.72787
1.7293
1.73912
1.75862
1.78453
1.8091
1.82289
1.81888
1.7948
1.75309
1.69908
1.63889
1.57814
1.52226
1.47714
1.44942
1.44456
1.46393
1.50353
1.55576
1.61233
1.66655
1.71393
1.75189
1.77938
1.79636
1.80373
1.80327
1.79724
1.78747
1.77466
1.75832
1.73819
1.71552
1.69336
1.67554
1.66511
1.66276
1.66633
1.6717
1.67432
1.67082
1.66017
1.64588
1.63713
1.64485
1.6731
1.71511
1.75913
1.79574
1.82045
1.83239
1.8324
1.82218
1.80388
1.78012
1.75354
1.72676
1.70242
1.683
1.66932
1.6593
1.64935
1.63717
1.62319
1.61019
1.60164
1.59955
1.60244
1.60606
1.60516
1.59585
1.5771
1.55166
1.52559
1.50663
1.50176
1.51558
1.54916
1.59944
1.66001
1.72274
1.77906
1.82155
1.84504
1.84691
1.82687
1.78731
1.73404
1.67646
1.62518
1.58765
1.56562
1.55683
1.55833
1.56837
1.58634
1.6121
1.6446
1.6809
1.71654
1.7472
1.77018
1.78499
1.79308
1.7967
1.79768
1.79657
1.79275
1.78536
1.77498
1.76405
1.75522
1.74885
1.74245
1.73186
1.71322
1.68446
1.64687
1.60552
1.56826
1.54282
1.53387
1.54178
1.56336
1.59385
1.62873
1.66489
1.70037
1.7334
1.76162
1.78174
1.79018
1.78413
1.76247
1.72673
1.6816
1.63487
1.59566
1.57094
1.56243
1.56609
1.57488
1.58233
1.58464
1.58119
1.57338
1.56316
1.55212
1.54175
1.53385
1.53024
1.53206
1.5391
1.54986
1.56219
1.57415
1.58444
1.59214
1.59661
1.5972
1.59361
1.58665
1.57923
1.57564
1.5796
1.59189
1.60975
1.62869
1.64467
1.65599
1.66371
1.67106
1.68186
1.69867
1.72164
1.74842
1.77552
1.79981
1.81909
1.83221
1.83855
1.83736
1.82755
1.80782
1.77758
1.738
1.69241
1.64593
1.60532
1.57822
1.57136
1.58704
1.62026
1.66002
1.69391
1.71224
1.71029
1.68886
1.65423
1.61621
1.58483
1.56668
1.56364
1.57412
1.59529
1.62469
1.66026
1.69991
1.74089
1.77877
1.8077
1.82207
1.81849
1.79728
1.76303
1.72365
1.68863
1.66664
1.66297
1.67786
1.70668
1.7418
1.77496
1.7991
1.80954
1.8044
1.7844
1.75271
1.71417
1.67407
1.63694
1.60615
1.58422
1.57355
1.5769
1.59583
1.62708
1.6619
1.69007
1.70482
1.70466
1.69265
1.67445
1.65571
1.63966
1.62664
1.6159
1.60752
1.60278
1.60268
1.60694
1.61443
1.62413
1.63569
1.64908
1.66406
1.68006
1.69636
1.71187
1.72465
1.73142
1.72813
1.71123
1.67922
1.63396
1.58071
1.52735
1.48257
1.45332
1.44288
1.45017
1.47095
1.50029
1.53452
1.57198
1.61199
1.6532
1.69261
1.72627
1.75082
1.7647
1.76823
1.76235
1.74762
1.72443
1.69464
1.66251
1.63407
1.6153
1.60962
1.61711
1.63558
1.66202
1.69317
1.72526
1.75417
1.77636
1.78976
1.79393
1.79011
1.78094
1.76971
1.75805
1.74463
1.72619
1.70086
1.67005
1.63789
1.60937
1.58863
1.57896
1.58239
1.59859
1.62274
1.64563
1.65723
1.65156
1.62879
1.59427
1.55581
1.52111
1.49618
1.485
1.4897
1.5105
1.54555
1.59103
1.64162
1.69157
1.73573
1.77004
1.7917
1.79904
1.79196
1.77215
1.7435
1.71171
1.68295
1.66172
1.64923
1.64339
1.64033
1.63645
1.62993
1.62066
1.60974
1.59864
1.58839
1.5797
1.57394
1.57321
1.5794
1.59236
1.60945
1.62733
1.64447
1.66208
1.68273
1.70796
1.73648
1.76385
1.78423
1.79293
1.7886
1.77398
1.75482
1.73691
1.7237
1.71633
1.71465
1.7174
1.72218
1.72601
1.72707
1.72591
1.72517
1.72805
1.73577
1.74585
1.75248
1.74893
1.73029
1.69528
1.64638
1.58909
1.53053
1.47811
1.4383
1.41617
1.41498
1.43575
1.47655
1.53226
1.59497
1.65578
1.70678
1.74269
1.76136
1.76298
1.74906
1.72212
1.68619
1.64753
1.61349
1.58941
1.57593
1.56986
1.56787
1.56898
1.57444
1.58609
1.60457
1.62884
1.65678
1.6856
1.71195
1.73207
1.74251
1.74181
1.73224
1.71938
1.70886
1.70332
1.7018
1.70104
1.69703
1.68651
1.66795
1.64206
1.61119
1.57855
1.54755
1.52145
1.50337
1.49579
1.50028
1.51689
1.54402
1.57856
1.61608
1.65134
1.67982
1.69977
1.71277
1.72258
1.73306
1.74681
1.76513
1.78788
1.81317
1.83775
1.85838
1.87241
1.87757
1.87134
1.8515
1.8183
1.77563
1.73036
1.6903
1.66145
1.64659
1.64572
1.65686
1.67639
1.6994
1.72036
1.73445
1.73842
1.73061
1.71098
1.68095
1.64394
1.60594
1.57496
1.55876
1.5613
1.58059
1.61007
1.64195
1.67012
1.69129
1.70453
1.71023
1.70911
1.7014
1.68672
1.66466
1.63602
1.60327
1.5705
1.54246
1.52396
1.51922
1.53107
1.56005
1.6037
1.65655
1.71088
1.75881
1.79418
1.81373
1.8169
1.80494
1.78038
1.74657
1.70774
1.6691
1.63619
1.61354
1.60353
1.60604
1.61885
1.63843
1.6605
1.68088
1.69638
1.70563
1.70898
1.70742
1.70122
1.69028
1.67573
1.66093
1.64983
1.64444
1.64383
1.64546
1.64724
1.64849
1.64964
1.65143
1.6543
1.6587
1.66545
1.6757
1.69036
1.7087
1.72806
1.74538
1.75866
1.76782
1.77399
1.77847
1.7823
1.78565
1.78776
1.78769
1.78531
1.78128
1.77645
1.77107
1.76458
1.75612
1.74491
1.73041
1.71281
1.69371
1.67605
1.66284
1.65503
1.65085
1.64692
1.64023
1.62911
1.61379
1.59638
1.58007
1.56875
1.56603
1.57385
1.59042
1.60979
1.62453
1.63013
1.6275
1.62232
1.6222
1.63327
1.65771
1.69276
1.73219
1.76913
1.79827
1.81661
1.82356
1.82069
1.81098
1.79732
1.78091
1.76104
1.7365
1.70746
1.67632
1.64712
1.62385
1.60905
1.60308
1.60451
1.61074
1.61898
1.62686
1.63268
1.63492
1.63198
1.62263
1.60737
1.58946
1.57468
1.56829
1.57155
1.58171
1.59573
1.61311
1.63572
1.66582
1.70409
1.74911
1.79788
1.84644
1.89032
1.9252
1.94777
1.95617
1.94957
1.92728
1.88842
1.83241
1.76043
1.67725
1.59209
1.51784
1.46643
1.44363
1.44715
1.47018
1.50581
1.54769
1.58798
1.61739
1.62894
1.62322
1.60964
1.60034
1.60174
1.6135
1.63343
1.66086
1.69588
1.73783
1.7839
1.82915
1.86771
1.89436
1.90548
1.89943
1.87647
1.8385
1.78928
1.73469
1.68239
1.63996
1.61248
1.60067
1.60147
1.60994
1.62103
1.63052
1.63514
1.63315
1.62499
1.61355
1.60359
1.60008
1.60607
1.62215
1.64688
1.6777
1.71129
1.74341
1.76911
1.78335
1.78218
1.76341
1.72704
1.67624
1.61761
1.56079
1.51628
1.49267
1.49399
1.51879
1.56117
1.61312
1.66644
1.71446
1.75271
1.77911
1.79327
1.79547
1.78529
1.76189
1.72532
1.67845
1.62732
1.57915
1.53916
1.50971
1.49203
1.48801
1.50004
1.52895
1.5728
1.6268
1.6848
1.74049
1.78815
1.82343
1.84388
1.84945
1.84261
1.82741
1.80783
1.78618
1.76228
1.73437
1.70055
1.66009
1.6144
1.56756
1.52613
1.49804
1.48983
1.5037
1.5363
1.58059
1.62817
1.67115
1.7032
1.72058
1.72322
1.71589
1.70768
1.70851
1.72391
1.75206
1.78556
1.8161
1.83744
1.84624
1.84149
1.82323
1.79185
1.74812
1.69427
1.63567
1.58135
1.54193
1.52554
1.53367
1.56008
1.59408
1.62561
1.64914
1.66543
1.67994
1.69893
1.72514
1.75585
1.78448
1.80412
1.81089
1.80517
1.78972
1.76733
1.74026
1.71165
1.68617
1.66836
1.66011
1.66
1.66468
1.67069
1.67537
1.67736
1.67706
1.67687
1.67973
1.68713
1.69789
1.7088
1.71679
1.72013
1.71926
1.71617
1.71332
1.71237
1.71337
1.71453
1.71242
1.70289
1.68278
1.65141
1.61129
1.56751
1.52662
1.49507
1.47757
1.47618
1.4899
1.51452
1.54355
1.5705
1.59138
1.60602
1.61741
1.62998
1.64764
1.67223
1.7026
1.73434
1.7608
1.77542
1.77452
1.7595
1.73636
1.71164
1.68729
1.66071
1.62938
1.59445
1.55993
1.52937
1.50427
1.48489
1.47192
1.4676
1.47499
1.4965
1.53229
1.57972
1.6339
1.68891
1.73892
1.77893
1.80474
1.81327
1.80393
1.77965
1.74624
1.71027
1.67637
1.64754
1.62708
1.61887
1.62543
1.6465
1.67934
1.71974
1.76262
1.80275
1.83538
1.85685
1.86471
1.85831
1.83911
1.81073
1.77848
1.74807
1.7237
1.70646
1.69471
1.68603
1.67915
1.67445
1.67287
1.67428
1.67706
1.67882
1.6772
1.67048
1.65855
1.64324
1.62795
1.61636
1.61113
1.61291
1.62023
1.62994
1.63839
1.64317
1.6436
1.64035
1.63412
1.62484
1.61244
1.59761
1.58204
1.56787
1.55738
1.55247
1.55464
1.56432
1.58029
1.59956
1.61819
1.63249
1.63975
1.6384
1.62864
1.61245
1.59331
1.57488
1.5599
1.54977
1.54509
1.54602
1.5527
1.56491
1.58179
1.60221
1.62551
1.65155
1.67989
1.70902
1.73622
1.75839
1.77372
1.78231
1.78558
1.78441
1.77844
1.7672
1.75189
1.7358
1.72346
1.71823
1.72128
1.73153
1.74661
1.76354
1.77882
1.78879
1.79006
1.77952
1.75475
1.71475
1.66116
1.59949
1.53955
1.49315
1.4696
1.47182
1.49676
1.53855
1.59015
1.6434
1.68979
1.72243
1.73773
1.73562
1.71865
1.69118
1.65896
1.62866
1.60644
1.59619
1.59827
1.60972
1.62532
1.63952
1.64833
1.64982
1.6436
1.63032
1.61128
1.58884
1.56687
1.54991
1.54115
1.54085
1.54714
1.55861
1.5762
1.60126
1.63218
1.66379
1.68963
1.70503
1.70828
1.70001
1.68256
1.65934
1.63461
1.61311
1.5997
1.59834
1.61085
1.63577
1.66906
1.70561
1.74063
1.77042
1.79226
1.80454
1.80652
1.79792
1.77865
1.74912
1.71097
1.66737
1.62252
1.58053
1.54502
1.51995
1.51019
1.52016
1.55124
1.60006
1.6591
1.71846
1.76826
1.80129
1.81487
1.81137
1.79662
1.7776
1.75964
1.74449
1.73021
1.71298
1.68987
1.66117
1.63075
1.60468
1.58855
1.5849
1.59236
1.60726
1.62584
1.6457
1.66528
1.68283
1.69581
1.70195
1.69989
1.6895
1.67144
1.6471
1.61897
1.59091
1.56774
1.55394
1.55175
1.56011
1.57526
1.59219
1.60634
1.6145
1.61596
1.61306
1.6108
1.61472
1.6287
1.6539
1.68842
1.72657
1.75909
1.77643
1.77342
1.75196
1.72049
1.69065
1.67231
1.66958
1.68081
1.70173
1.7284
1.75829
1.7891
1.8172
1.8377
1.84593
1.83901
1.81688
1.78198
1.73906
1.69483
1.657
1.63206
1.62289
1.62809
1.64327
1.66333
1.68365
1.701
1.71384
1.72224
1.7269
1.72834
1.72655
1.72126
1.71249
1.70063
1.68606
1.66859
1.6473
1.62145
1.59169
1.561
1.53445
1.51752
1.51396
1.52405
1.54482
1.57134
1.59823
1.62074
1.63562
1.6422
1.64267
1.64133
1.64268
1.64921
1.66038
1.67304
1.6833
1.68834
1.68753
1.68222
1.67476
1.66681
1.65834
1.64804
1.63486
1.61913
1.60269
1.58839
1.57904
1.57666
1.58162
1.59204
1.60414
1.61349
1.61692
1.61434
1.6091
1.60619
1.60877
1.61606
1.62472
1.63146
1.63491
1.63609
1.63796
1.64466
1.66009
1.68609
1.7211
1.76023
1.79737
1.82713
1.84553
1.84978
1.83855
1.81305
1.77789
1.7405
1.70846
1.68644
1.67545
1.67477
1.68344
1.69957
1.71923
1.73685
1.74703
1.74597
1.73248
1.70805
1.67666
1.6443
1.61763
1.60199
1.59936
1.60741
1.62069
1.63285
1.63922
1.63827
1.63111
1.62023
1.60819
1.59704
1.58837
1.5834
1.58306
1.58771
1.59683
1.60891
1.62245
1.63705
1.65323
1.67124
1.68988
1.70653
1.71838
1.72341
1.72114
1.71258
1.69924
1.68213
1.66134
1.63648
1.60761
1.57574
1.54313
1.51357
1.49259
1.48618
1.4984
1.52875
1.57134
1.61656
1.65445
1.67756
1.68277
1.67181
1.65145
1.63231
1.62597
1.64064
1.67696
1.72731
1.77973
1.82284
1.84906
1.85551
1.84381
1.81955
1.79106
1.76659
1.7513
1.74571
1.74633
1.7484
1.74857
1.74593
1.74136
1.73599
1.73006
1.7233
1.71624
1.71057
1.70771
1.70772
1.7093
1.71076
1.71068
1.70804
1.70224
1.69347
1.68291
1.67254
1.66408
1.65772
1.65198
1.64512
1.63777
1.63465
1.64234
1.66338
1.69366
1.72569
1.75263
1.76974
1.77482
1.7683
1.75262
1.73082
1.70547
1.67833
1.65009
1.62027
1.58865
1.55768
1.53241
1.5175
1.51451
1.52188
1.53702
1.55841
1.58503
1.61452
1.64242
1.66373
1.67469
1.67415
1.66408
1.64903
1.63441
1.62474
1.62274
1.62876
1.64075
1.65459
1.66565
1.67043
1.66732
1.65699
1.64251
1.62923
1.62317
1.62855
1.64587
1.67212
1.70248
1.73185
1.75536
1.76847
1.76745
1.74966
1.71381
1.66063
1.59545
1.53185
1.49055
1.48822
1.52453
1.58423
1.6507
1.71334
1.76652
1.80688
1.83182
1.83959
1.82985
1.80469
1.76974
1.73411
1.70842
1.69988
1.70785
1.72417
1.73841
1.743
1.73484
1.71482
1.68633
1.65416
1.62357
1.59937
1.58513
1.58273
1.59191
1.61007
1.63238
1.6531
1.6672
1.67177
1.66657
1.65376
1.63724
1.62213
1.6132
1.61305
1.62118
1.63443
1.6484
1.65895
1.663
1.65925
1.64887
1.63572
1.62545
1.62349
1.63311
1.65395
1.68241
1.71311
1.74086
1.76243
1.77728
1.78665
1.79143
1.79102
1.78435
1.77175
1.75507
1.73658
1.71753
1.69785
1.67709
1.65554
1.63466
1.61687
1.60485
1.60038
1.60285
1.60906
1.6153
1.61985
1.62315
1.62642
1.63024
1.63452
1.63902
1.64335
1.64651
1.64821
1.65026
1.65652
1.67084
1.69438
1.72479
1.75759
1.78826
1.81314
1.82912
1.83361
1.82533
1.80542
1.7777
1.74787
1.72179
1.70395
1.69661
1.69923
1.70817
1.71775
1.72221
1.71728
1.70099
1.67442
1.64248
1.61324
1.59537
1.59419
1.6088
1.63295
1.65795
1.67603
1.68241
1.67556
1.65692
1.63027
1.60129
1.57702
1.56446
1.5681
1.58781
1.61852
1.65235
1.68188
1.70271
1.71437
1.71904
1.71933
1.71626
1.70833
1.69275
1.6678
1.63504
1.59989
1.56979
1.55071
1.54447
1.54901
1.56112
1.57861
1.60066
1.62649
1.65409
1.67993
1.70003
1.71116
1.71198
1.70383
1.69039
1.67636
1.66524
1.65819
1.65471
1.65442
1.65761
1.66424
1.67244
1.67922
1.68292
1.68451
1.68707
1.69443
1.7094
1.73221
1.76036
1.78944
1.81435
1.83051
1.83524
1.82857
1.81425
1.79827
1.78538
1.77572
1.7656
1.75121
1.73082
1.70446
1.67329
1.63916
1.60493
1.57457
1.55291
1.5444
1.55117
1.57182
1.60169
1.63505
1.66655
1.69175
1.70777
1.71429
1.71347
1.70834
1.70025
1.6882
1.67051
1.64713
1.62082
1.5963
1.57835
1.56999
1.57181
1.5829
1.60142
1.62525
1.6517
1.67707
1.69679
1.70729
1.70794
1.70118
1.69104
1.68157
1.6757
1.67455
1.67721
1.6814
1.68504
1.68682
1.68564
1.68
1.6682
1.64935
1.62468
1.59746
1.57223
1.55301
1.54219
1.54011
1.54535
1.55562
1.56826
1.58047
1.58994
1.5958
1.59901
1.60187
1.60723
1.61854
1.64012
1.67592
1.72633
1.78557
1.84315
1.88772
1.91055
1.90644
1.8745
1.81926
1.75153
1.68648
1.63735
1.60916
1.59827
1.59701
1.59831
1.59894
1.60022
1.60585
1.61732
1.63161
1.64363
1.65045
1.65299
1.65463
1.65819
1.66377
1.66848
1.66806
1.6595
1.64293
1.62229
1.60341
1.59065
1.5848
1.58514
1.59384
1.61508
1.64768
1.68253
1.71001
1.72604
1.73086
1.72667
1.71629
1.70323
1.69167
1.68572
1.68811
1.69894
1.7153
1.73238
1.74502
1.74927
1.74362
1.72916
1.70918
1.68787
1.66876
1.65359
1.64223
1.63377
1.62766
1.62396
1.6227
1.62332
1.62511
1.62732
1.62959
1.6318
1.63444
1.63861
1.64521
1.65401
1.66317
1.66978
1.67141
1.66724
1.65806
1.64517
1.62968
1.61247
1.59471
1.57764
1.56178
1.54692
1.53289
1.52111
1.51546
1.52109
1.54156
1.57708
1.62446
1.67848
1.7329
1.78144
1.81858
1.84056
1.84618
1.83721
1.81746
1.79136
1.76269
1.73462
1.7099
1.6909
1.68005
1.67979
1.69049
1.70893
1.72992
1.74894
1.76317
1.77106
1.77182
1.7652
1.75142
1.73194
1.71
1.6898
1.67427
1.66308
1.65313
1.64122
1.62655
1.61156
1.60048
1.59528
1.59257
1.58512
1.5676
1.54107
1.51272
1.49182
1.48471
1.49272
1.51314
1.54158
1.57316
1.60364
1.62957
1.6487
1.65971
1.662
1.65564
1.6414
1.62121
1.59851
1.57885
1.56919
1.57596
1.60199
1.64405
1.69306
1.73754
1.76811
1.78083
1.77784
1.76545
1.75084
1.73936
1.73348
1.73335
1.73755
1.74348
1.74789
1.74787
1.74156
1.72876
1.71081
1.69012
1.66966
1.65225
1.63998
1.63407
1.63454
1.64018
1.64857
1.65671
1.66244
1.66523
1.66585
1.66534
1.66381
1.66024
1.6529
1.64047
1.62316
1.60361
1.587
1.57967
1.586
1.60585
1.63482
1.6672
1.6983
1.72485
1.74427
1.75433
1.75402
1.74422
1.72768
1.70786
1.68775
1.66975
1.65576
1.64686
1.64301
1.64266
1.64317
1.64197
1.63818
1.63336
1.63095
1.63426
1.6447
1.6617
1.68352
1.70818
1.73356
1.75732
1.77661
1.78842
1.79004
1.78006
1.75961
1.7326
1.70437
1.67941
1.65991
1.64611
1.63713
1.63126
1.62628
1.62071
1.61492
1.61119
1.6122
1.61866
1.62768
1.63326
1.62966
1.61547
1.59474
1.57445
1.56007
1.55382
1.55561
1.5646
1.57952
1.59844
1.61903
1.63891
1.6563
1.67133
1.68691
1.70829
1.73968
1.78126
1.82874
1.87533
1.91395
1.9385
1.9446
1.9304
1.89661
1.84625
1.78442
1.71783
1.65437
1.60206
1.56747
1.55456
1.56418
1.59403
1.63858
1.6896
1.73767
1.77399
1.79224
1.78939
1.76579
1.7246
1.67091
1.61096
1.55125
1.49771
1.45507
1.42669
1.41464
1.41995
1.44277
1.4815
1.53198
1.58748
1.64039
1.6843
1.71564
1.73437
1.74365
1.74843
1.75259
1.75654
1.75766
1.7534
1.74385
1.73146
1.7197
1.71124
1.70699
1.70649
1.70859
1.71196
1.71532
1.71764
1.71817
1.71687
1.7147
1.7131
1.7134
1.71594
1.72015
1.72539
1.73105
1.73607
1.73829
1.73466
1.72243
1.70087
1.6722
1.64123
1.61337
1.5923
1.57838
1.56911
1.561
1.55182
1.54239
1.53646
1.53893
1.55324
1.58024
1.61867
1.66549
1.71525
1.76039
1.79323
1.80914
1.80758
1.79151
1.76527
1.73276
1.69684
1.65996
1.62508
1.59595
1.57642
1.56926
1.57512
1.59278
1.61969
1.65151
1.6814
1.70115
1.70423
1.6888
1.65848
1.62075
1.58403
1.55596
1.54227
1.54607
1.56712
1.6021
1.64657
1.69636
1.74732
1.79452
1.83217
1.85446
1.85744
1.84064
1.8075
1.76452
1.71837
1.67392
1.63365
1.599
1.57246
1.55802
1.5591
1.57564
1.60304
1.63422
1.66247
1.68353
1.6963
1.70238
1.70489
1.70671
1.70958
1.71411
1.71967
1.72452
1.72678
1.72563
1.72225
1.71917
1.719
1.7231
1.73063
1.73877
1.74375
1.74263
1.73416
1.71875
1.69795
1.67403
1.64973
1.6278
1.61055
1.59971
1.59612
1.59968
1.60921
1.62189
1.63372
1.64066
1.64097
1.63656
1.63223
1.63266
1.63935
1.64981
1.65976
1.66629
1.66979
1.67407
1.68468
1.70617
1.73963
1.78164
1.82542
1.86314
1.88812
1.89638
1.88674
1.86053
1.82133
1.77469
1.72767
1.68702
1.65707
1.63798
1.62649
1.61826
1.61067
1.60441
1.60274
1.60936
1.62562
1.64876
1.67319
1.69363
1.707
1.71262
1.71116
1.70362
1.69077
1.6728
1.64949
1.6211
1.58927
1.55708
1.52824
1.50621
1.49367
1.4926
1.50422
1.52867
1.56467
1.60914
1.65707
1.70225
1.73857
1.76219
1.77345
1.77697
1.77962
1.7866
1.79843
1.81078
1.81757
1.81453
1.80066
1.77843
1.75217
1.72565
1.70019
1.67443
1.64635
1.61646
1.5898
1.5748
1.57841
1.60137
1.63806
1.68067
1.72349
1.7631
1.7966
1.82045
1.83142
1.82802
1.81117
1.78366
1.74916
1.71147
1.67394
1.63977
1.6125
1.59583
1.59227
1.60151
1.61986
1.641
1.65832
1.66748
1.66846
1.66494
1.66126
1.65948
1.6585
1.65532
1.64744
1.63406
1.61571
1.59324
1.56773
1.54147
1.5187
1.50452
1.50251
1.51334
1.53523
1.56501
1.59869
1.63251
1.6631
1.68731
1.70216
1.70563
1.69817
1.68336
1.66679
1.65413
1.64896
1.6522
1.66265
1.67798
1.69538
1.71146
1.72272
1.72663
1.72192
1.7082
1.68562
1.65559
1.62196
1.59109
1.57014
1.56415
1.57397
1.5979
1.63427
1.68021
1.7276
1.76596
1.78933
1.79852
1.79791
1.79174
1.7827
1.77176
1.75872
1.74254
1.72231
1.69899
1.6767
1.6622
1.66232
1.67992
1.71089
1.74525
1.77221
1.78506
1.78238
1.76664
1.74166
1.7112
1.67841
1.64584
1.61614
1.59273
1.58004
1.5824
1.60144
1.63395
1.67219
1.70683
1.73044
1.73942
1.73416
1.71829
1.69721
1.67659
1.66122
1.65389
1.65493
1.6626
1.67389
1.68583
1.69671
1.70559
1.71163
1.71511
1.71901
1.72911
1.74979
1.77921
1.80984
1.83333
1.84422
1.83991
1.81956
1.78358
1.734
1.67519
1.61424
1.56019
1.5219
1.50519
1.51102
1.53509
1.56901
1.60322
1.62978
1.64455
1.648
1.64449
1.64001
1.63953
1.64503
1.65501
1.66581
1.67375
1.67709
1.67666
1.67501
1.67462
1.67656
1.68018
1.68407
1.68705
1.68845
1.68801
1.6857
1.68168
1.6766
1.67159
1.66758
1.66445
1.66035
1.65233
1.63759
1.61537
1.5883
1.5627
1.54746
1.551
1.57776
1.62609
1.68831
1.75303
1.80831
1.84481
1.85814
1.84917
1.82326
1.78804
1.75131
1.71921
1.69539
1.68142
1.67755
1.68286
1.69477
1.70933
1.72191
1.72833
1.72594
1.71345
1.69111
1.66052
1.62474
1.58811
1.55598
1.53334
1.52322
1.52511
1.53495
1.54697
1.55632
1.56118
1.56329
1.56652
1.57502
1.59134
1.61545
1.64515
1.6769
1.70678
1.73142
1.74871
1.75812
1.76037
1.75689
1.74892
1.73696
1.72088
1.70043
1.67655
1.65249
1.63372
1.62618
1.63283
1.65066
1.67163
1.6873
1.69355
1.69169
1.68675
1.68444
1.68881
1.70173
1.72323
1.7515
1.78283
1.81208
1.83425
1.84646
1.84823
1.84053
1.82424
1.79966
1.76685
1.72697
1.68304
1.63982
1.60256
1.57511
1.55908
1.5546
1.56113
1.5778
1.60262
1.63172
1.6601
1.68336
1.699
1.70665
1.70757
1.70365
1.69639
1.68625
1.67254
1.65463
1.63324
1.61141
1.59379
1.58499
1.58733
1.5996
1.61782
1.63729
1.65506
1.67073
1.68519
1.69823
1.70699
1.70718
1.69612
1.67484
1.64803
1.62206
1.6022
1.59116
1.58941
1.5966
1.61266
1.63781
1.67142
1.70996
1.7472
1.77681
1.79526
1.80318
1.80434
1.80346
1.80408
1.80727
1.81195
1.81544
1.81425
1.80494
1.78472
1.75192
1.7067
1.65125
1.58962
1.52734
1.47015
1.42291
1.38907
1.37116
1.37166
1.39262
1.4335
1.48907
1.5494
1.60299
1.64078
1.65898
1.6596
1.64924
1.63657
1.62891
1.6294
1.63696
1.64822
1.66006
1.6703
1.67695
1.67793
1.67241
1.66213
1.6507
1.64193
1.63809
1.63966
1.6462
1.65693
1.6707
1.68573
1.69937
1.7087
1.71114
1.70535
1.69178
1.67276
1.65257
1.63684
1.63112
1.63881
1.65956
1.68912
1.72081
1.7478
1.76521
1.77101
1.76598
1.75276
1.7348
1.7152
1.69579
1.67682
1.65703
1.63461
1.60857
1.58057
1.55577
1.54172
1.54441
1.56425
1.59609
1.63265
1.66755
1.69599
1.71457
1.7213
1.71564
1.69821
1.67054
1.63579
1.59955
1.56913
1.55084
1.54676
1.55385
1.56631
1.57946
1.59182
1.60473
1.62072
1.64165
1.66772
1.69734
1.72757
1.75524
1.77774
1.79351
1.80213
1.80396
1.8
1.79133
1.77873
1.76268
1.74314
1.71941
1.6902
1.6541
1.611
1.56435
1.52237
1.49548
1.49006
1.50441
1.53072
1.5595
1.58324
1.59788
1.60326
1.60201
1.5977
1.59297
1.58905
1.58655
1.58628
1.58978
1.59846
1.61225
1.62905
1.64566
1.65969
1.67063
1.67908
1.68535
1.68903
1.68996
1.68876
1.68636
1.68298
1.67839
1.67306
1.66892
1.66863
1.67374
1.68303
1.69322
1.70064
1.7024
1.69698
1.68427
1.66574
1.64469
1.62562
1.61314
1.61083
1.62014
1.64039
1.66942
1.70454
1.74287
1.78124
1.81615
1.84401
1.86166
1.86683
1.85805
1.83433
1.79555
1.74339
1.68149
1.61516
1.55071
1.49463
1.45315
1.43161
1.43355
1.45955
1.50657
1.56823
1.63601
1.70118
1.75636
1.79677
1.82032
1.82746
1.82099
1.80555
1.78652
1.76801
1.75149
1.73579
1.71868
1.69888
1.67714
1.65575
1.63752
1.62455
1.61783
1.61705
1.62114
1.62837
1.63625
1.64201
1.64369
1.64122
1.63687
1.63458
1.63803
1.64872
1.66576
1.68655
1.70771
1.72538
1.73557
1.73493
1.72175
1.69674
1.66304
1.62574
1.59133
1.5669
1.55895
1.57157
1.60432
1.65217
1.70684
1.75905
1.80044
1.82503
1.82993
1.81536
1.78421
1.74109
1.69179
1.64227
1.59764
1.56069
1.53181
1.51059
1.49789
1.49603
1.50627
1.52637
1.55083
1.57403
1.59319
1.60949
1.62676
1.64863
1.67566
1.70453
1.72971
1.74658
1.75427
1.75622
1.75787
1.76308
1.77199
1.78159
1.78763
1.78611
1.77472
1.75388
1.72735
1.70164
1.68335
1.67592
1.67859
1.68776
1.69869
1.70707
1.71015
1.70755
1.70056
1.69057
1.6779
1.66254
1.64541
1.62896
1.61669
1.61168
1.61467
1.62326
1.63341
1.64167
1.64623
1.6463
1.6412
1.63008
1.61257
1.5905
1.5687
1.55386
1.55123
1.56212
1.58342
1.60874
1.63065
1.64319
1.64384
1.63405
1.618
1.60064
1.586
1.57712
1.57655
1.58621
1.60682
1.63729
1.67451
1.7144
1.75313
1.78809
1.81744
1.83931
1.8511
1.84946
1.8312
1.7952
1.74454
1.68715
1.63339
1.59098
1.56162
1.54233
1.53017
1.52545
1.53065
1.54681
1.57097
1.59767
1.62191
1.64097
1.65438
1.66261
1.66597
1.66491
1.66071
1.65544
1.65107
1.64819
1.64603
1.64344
1.63973
1.63476
1.62852
1.62103
1.61351
1.60909
1.61175
1.62364
1.64274
1.66393
1.68229
1.69552
1.70399
1.7095
1.71416
1.71985
1.72774
1.73797
1.74922
1.75918
1.76528
1.76585
1.76038
1.74925
1.73285
1.71144
1.68575
1.65788
1.63174
1.61238
1.60458
1.61103
1.63147
1.66263
1.69965
1.73705
1.76962
1.79324
1.80552
1.80607
1.7961
1.77766
1.7537
1.72792
1.70453
1.68766
1.67997
1.68176
1.69096
1.70438
1.7191
1.73261
1.7428
1.74756
1.74519
1.73506
1.71834
1.69777
1.67616
1.65511
1.63518
1.61642
1.59877
1.58234
1.56815
1.55817
1.55466
1.55839
1.56756
1.57807
1.58485
1.58367
1.57269
1.55292
1.52775
1.5016
1.47857
1.46187
1.45375
1.45581
1.46882
1.49197
1.52333
1.56075
1.60245
1.64697
1.69231
1.73534
1.77244
1.80044
1.81705
1.82129
1.8143
1.79902
1.77959
1.75988
1.74255
1.72861
1.71805
1.71135
1.71023
1.71762
1.73552
1.76303
1.79575
1.8271
1.85046
1.86035
1.85322
1.82801
1.78682
1.73524
1.6813
1.63269
1.59395
1.56578
1.54802
1.54228
1.5503
1.57036
1.59631
1.62032
1.63619
1.64084
1.63446
1.62048
1.60507
1.59582
1.59895
1.61653
1.64557
1.67929
1.70956
1.72944
1.73442
1.723
1.69685
1.66036
1.61991
1.58257
1.55455
1.54011
1.541
1.55692
1.58658
1.62813
1.67812
1.73038
1.77608
1.80588
1.81243
1.79303
1.75269
1.70649
1.67399
1.66523
1.6747
1.68941
1.69858
1.69665
1.68261
1.65853
1.6285
1.59746
1.5696
1.54721
1.53095
1.52108
1.5186
1.52458
1.53852
1.55748
1.57692
1.59308
1.60451
1.6126
1.62086
1.6332
1.65187
1.67626
1.70307
1.72777
1.74633
1.75636
1.75781
1.75231
1.74232
1.73022
1.71815
1.70814
1.7021
1.70117
1.70452
1.7089
1.70983
1.70404
1.69142
1.6747
1.65752
1.64269
1.63183
1.62606
1.62667
1.63527
1.65353
1.68255
1.72177
1.7674
1.81242
1.84831
1.86809
1.86862
1.8515
1.82237
1.78848
1.75481
1.72157
1.68558
1.64423
1.59819
1.55161
1.51057
1.48076
1.46531
1.46386
1.47339
1.48957
1.50809
1.52544
1.53945
1.54922
1.55511
1.55836
1.56059
1.56299
1.56588
1.56922
1.57355
1.57986
1.58826
1.59721
1.60482
1.61092
1.61649
1.62182
1.62558
1.62637
1.62509
1.62546
1.63215
1.64715
1.66794
1.68883
1.70446
1.71271
1.71534
1.71642
1.71985
1.72776
1.74019
1.7558
1.77286
1.78965
1.80458
1.81569
1.82058
1.81679
1.80267
1.77815
1.74499
1.70661
1.66772
1.63336
1.60748
1.59169
1.58501
1.58479
1.5885
1.59505
1.60471
1.61806
1.63469
1.65324
1.67283
1.69355
1.71512
1.73543
1.75061
1.7565
1.75076
1.73418
1.71066
1.68545
1.66286
1.64539
1.63357
1.62624
1.62119
1.61657
1.61281
1.6126
1.61869
1.63178
1.64986
1.66945
1.68683
1.69938
1.7065
1.71059
1.71646
1.72868
1.74843
1.77218
1.7933
1.80533
1.80456
1.79126
1.76846
1.74031
1.71075
1.68338
1.66137
1.64702
1.64135
1.64385
1.65301
1.66735
1.68563
1.70618
1.7264
1.74297
1.75352
1.7576
1.75602
1.74951
1.73762
1.71917
1.69399
1.66418
1.63338
1.6052
1.58196
1.56494
1.5546
1.55019
1.54994
1.55223
1.55643
1.56306
1.57282
1.58577
1.60074
1.61535
1.62681
1.63315
1.63431
1.63207
1.62885
1.62654
1.62643
1.62942
1.63593
1.64553
1.65638
1.66552
1.66966
1.66702
1.65895
1.64989
1.64558
1.64987
1.66307
1.68226
1.7033
1.72294
1.73979
1.75392
1.76572
1.77523
1.78227
1.78673
1.7885
1.78743
1.78347
1.77729
1.7706
1.7661
1.76636
1.77205
1.78053
1.7863
1.78253
1.7633
1.72561
1.67102
1.60578
1.53932
1.48143
1.43942
1.4168
1.41381
1.42889
1.45947
1.50198
1.55152
1.602
1.64738
1.68316
1.70725
1.72016
1.72405
1.72117
1.71333
1.70169
1.68745
1.67269
1.66046
1.65349
1.65282
1.65775
1.66711
1.67995
1.69482
1.70931
1.72099
1.72866
1.73264
1.734
1.73347
1.73085
1.72536
1.71678
1.70598
1.69496
1.68604
1.68055
1.67841
1.67835
1.67911
1.68017
1.68142
1.68196
1.68001
1.67387
1.66338
1.6507
1.63933
1.63258
1.63183
1.63597
1.6421
1.64644
1.64568
1.63829
1.62555
1.611
1.5979
1.58734
1.57889
1.57304
1.57256
1.58053
1.59746
1.6204
1.64495
1.66775
1.68814
1.70797
1.7298
1.75473
1.78123
1.80579
1.82511
1.8379
1.84437
1.84506
1.83973
1.82754
1.80842
1.78401
1.75723
1.73065
1.7051
1.6798
1.65365
1.62654
1.59957
1.57493
1.55539
1.54392
1.54349
1.55617
1.58159
1.61593
1.65297
1.68692
1.71466
1.73605
1.75257
1.76546
1.77453
1.77818
1.77372
1.75837
1.73011
1.68838
1.63534
1.57668
1.52136
1.47945
1.45844
1.46005
1.48051
1.5137
1.55402
1.59758
1.6414
1.68255
1.71781
1.74418
1.75957
1.76314
1.75542
1.73801
1.71349
1.68526
1.65759
1.63497
1.62156
1.62038
1.63258
1.65715
1.69076
1.72808
1.76262
1.7881
1.79966
1.79451
1.77226
1.73485
1.68613
1.63137
1.57617
1.52571
1.48454
1.45674
1.44562
1.45324
1.47953
1.52213
1.57665
1.63756
1.69916
1.75646
1.80558
1.84357
1.86834
1.87912
1.87732
1.86609
1.8489
1.82871
1.80776
1.78808
1.77131
1.7583
1.74854
1.74017
1.73117
1.72034
1.70795
1.69536
1.6845
1.67677
1.67197
1.66771
1.65987
1.64461
1.62075
1.59096
1.56094
1.53741
1.52615
1.53043
1.55049
1.58345
1.62381
1.6644
1.69791
1.71875
1.72446
1.71588
1.69661
1.67186
1.64747
1.6282
1.61626
1.61104
1.61051
1.6129
1.61762
1.62507
1.636
1.65088
1.66966
1.69188
1.71686
1.74344
1.76993
1.7936
1.81113
1.81947
1.81674
1.80318
1.78109
1.75455
1.72852
1.70736
1.6935
1.6869
1.68565
1.68697
1.68802
1.68656
1.68134
1.67247
1.66153
1.65171
1.64688
1.64945
1.65869
1.67055
1.67892
1.67783
1.66365
1.63634
1.59914
1.55747
1.51816
1.48855
1.47458
1.47841
1.49778
1.52785
1.56364
1.6012
1.63762
1.67076
1.69923
1.72236
1.74042
1.75456
1.76642
1.77679
1.78492
1.78832
1.78475
1.77545
1.76645
1.76317
1.76498
1.76741
1.76809
1.76739
1.76577
1.7618
1.75257
1.73543
1.70956
1.67666
1.6409
1.60782
1.58314
1.57092
1.57233
1.58529
1.60618
1.63203
1.66133
1.69294
1.72476
1.75328
1.77426
1.78379
1.77961
1.7627
1.73781
1.71234
1.69358
1.68612
1.69066
1.70409
1.7211
1.73599
1.7442
1.74254
1.729
1.70269
1.66462
1.61897
1.57336
1.53707
1.5175
1.517
1.53226
1.55625
1.58073
1.59916
1.60819
1.60866
1.60462
1.60112
1.60184
1.60811
1.61936
1.63397
1.64988
1.66457
1.67513
1.67875
1.67367
1.66045
1.64291
1.62788
1.62282
1.63202
1.65381
1.68155
1.70791
1.72856
1.74287
1.75155
1.7551
1.75377
1.74802
1.73884
1.72745
1.71454
1.69932
1.6797
1.65355
1.62124
1.5879
1.5628
1.55497
1.56786
1.59718
1.6333
1.66594
1.68766
1.69542
1.69001
1.67485
1.65471
1.63434
1.61672
1.60219
1.59024
1.58266
1.58432
1.59899
1.62541
1.65802
1.69075
1.7194
1.74168
1.75624
1.76198
1.75838
1.74618
1.72807
1.70826
1.69136
1.68095
1.67869
1.68396
1.6945
1.70749
1.72056
1.73239
1.74291
1.75269
1.76184
1.76911
1.77187
1.76742
1.75425
1.73351
1.70883
1.68488
1.66493
1.64902
1.6353
1.62443
1.62242
1.63459
1.65672
1.67868
1.69419
1.70294
1.70758
1.71084
1.71464
1.72005
1.72744
1.73587
1.743
1.7455
1.74041
1.72595
1.70212
1.67097
1.63634
1.60206
1.56998
1.54044
1.51487
1.49672
1.49019
1.4984
1.52279
1.56276
1.61544
1.67558
1.73656
1.79227
1.83805
1.87066
1.88824
1.89039
1.87828
1.85399
1.8202
1.78038
1.73876
1.7
1.66753
1.64272
1.62498
1.61334
1.60761
1.60806
1.6138
1.62223
1.63037
1.63673
1.6418
1.64682
1.65285
1.66039
1.67013
1.68327
1.70091
1.72303
1.74796
1.77271
1.79398
1.80898
1.81586
1.81353
1.80151
1.77977
1.74875
1.70983
1.66662
1.6255
1.5926
1.56846
1.54791
1.52606
1.50241
1.47945
1.45942
1.44354
1.43361
1.43303
1.44583
1.4748
1.52013
1.57955
1.64868
1.72128
1.79004
1.84791
1.88952
1.91196
1.91459
1.89916
1.86968
1.83201
1.79273
1.75699
1.72678
1.70127
1.67876
1.65903
1.64414
1.63766
1.64274
1.6597
1.68497
1.71161
1.7318
1.73895
1.72965
1.70464
1.66861
1.62903
1.59385
1.56997
1.56257
1.57447
1.60411
1.64439
1.68479
1.71581
1.73214
1.73288
1.72038
1.69955
1.67695
1.65966
1.65295
1.65831
1.67313
1.69246
1.71054
1.7223
1.72438
1.71618
1.6999
1.67945
1.65901
1.6424
1.63323
1.63467
1.64805
1.67151
1.69989
1.72622
1.74374
1.74793
1.73774
1.71602
1.68843
1.66139
1.63946
1.62341
1.6102
1.59525
1.5753
1.55015
1.52228
1.49587
1.47531
1.46416
1.46426
1.47552
1.49778
1.53395
1.58934
1.66409
1.74807
1.82632
1.88784
1.92839
1.94868
1.95168
1.94059
1.91777
1.88466
1.843
1.79662
1.75208
1.71705
1.69708
1.69319
1.70209
1.71807
1.73469
1.74599
1.74757
1.73705
1.71415
1.68042
1.63889
1.59399
1.55136
1.51699
1.49588
1.49056
1.50017
1.52108
1.54843
1.57736
1.60337
1.6224
1.63129
1.62882
1.61686
1.60033
1.5859
1.5791
1.58189
1.59268
1.60813
1.62521
1.64166
1.65575
1.66597
1.67081
1.6687
1.65866
1.64104
1.61854
1.59646
1.58162
1.58072
1.59753
1.63069
1.67356
1.71714
1.75409
1.78072
1.79651
1.80251
1.80011
1.7904
1.77429
1.75251
1.72558
1.69451
1.66139
1.62989
1.60418
1.5876
1.58173
1.58605
1.59843
1.61614
1.63739
1.66196
1.6903
1.72125
1.7512
1.77596
1.79307
1.80231
1.80462
1.80127
1.79398
1.78537
1.7779
1.77231
1.7674
1.76117
1.75187
1.73824
1.71958
1.69589
1.66788
1.63742
1.60757
1.58229
1.56568
1.56094
1.56935
1.5892
1.61557
1.64196
1.66301
1.67624
1.68232
1.68372
1.68335
1.68378
1.68714
1.69487
1.70689
1.72029
1.73013
1.73204
1.72472
1.71041
1.69383
1.68064
1.67596
1.68289
1.70121
1.72655
1.75129
1.76696
1.76706
1.74935
1.71679
1.67621
1.63636
1.60564
1.59018
1.59214
1.60896
1.63398
1.6588
1.67581
1.68018
1.67044
1.6483
1.61783
1.58447
1.55368
1.52991
1.51543
1.51022
1.51336
1.5253
1.54908
1.58749
1.63792
1.69176
1.73943
1.77469
1.79508
1.80131
1.79632
1.7846
1.77088
1.75872
1.75001
1.74489
1.74187
1.73802
1.72975
1.71462
1.69301
1.66873
1.6484
1.63918
1.64599
1.66933
1.70472
1.74457
1.7812
1.80898
1.82444
1.82565
1.81186
1.78366
1.74378
1.69709
1.64966
1.60755
1.57604
1.55903
1.55817
1.57199
1.59619
1.625
1.653
1.67638
1.69279
1.70063
1.69866
1.68649
1.66545
1.63896
1.61244
1.59215
1.58337
1.58804
1.60389
1.62545
1.64631
1.66125
1.66724
1.66321
1.64965
1.62868
1.60455
1.58307
1.56973
1.56745
1.57578
1.5927
1.61707
1.6487
1.68542
1.72184
1.75198
1.77179
1.77908
1.77271
1.75316
1.72375
1.69085
1.6613
1.63878
1.62338
1.61345
1.60727
1.60335
1.60035
1.59715
1.59289
1.58702
1.57953
1.57151
1.56532
1.56385
1.56911
1.58116
1.59823
1.61806
1.6398
1.66493
1.69671
1.73812
1.78922
1.84581
1.90035
1.94403
1.96894
1.96997
1.94568
1.8986
1.83464
1.76189
1.68908
1.62422
1.57454
1.54661
1.54493
1.56838
1.60843
1.65215
1.6877
1.70807
1.71188
1.70175
1.68187
1.6568
1.63118
1.6098
1.59712
1.59605
1.60707
1.62809
1.65459
1.68073
1.70059
1.70954
1.70481
1.68577
1.65367
