-4.58511
-4.5835
-4.58513
-4.58189
-4.58319
-4.58352
-4.58417
-4.58384
-4.58417
-4.58611
-4.58643
-4.5874
-4.58869
-4.58868
-4.58706
-4.58609
-4.58415
-4.58545
-4.58448
-4.58447
-4.58447
-4.5835
-4.58285
-4.58156
-4.58124
-4.58254
-4.58254
-4.58319
-4.58318
-4.58383
-4.58188
-4.58285
-4.5835
-4.58252
-4.58187
-4.58187
-4.5796
-4.57992
-4.58122
-4.5822
-4.58479
-4.58642
-4.58707
-4.58415
-4.5822
-4.5835
-4.58123
-4.57703
-4.57703
-4.57768
-4.57768
-4.57898
-4.5793
-4.57962
-4.58286
-4.5835
-4.58318
-4.58286
-4.58221
-4.58156
-4.58124
-4.58124
-4.58285
-4.58285
-4.5835
-4.57962
-4.578
-4.57736
-4.57962
-4.58027
-4.58092
-4.57897
-4.58059
-4.58125
-4.58028
-4.58287
-4.5832
-4.58255
-4.58125
-4.58092
-4.58286
-4.58221
-4.58157
-4.57996
-4.58028
-4.57705
-4.57705
-4.57834
-4.5832
-4.58125
-4.58222
-4.58221
-4.58124
-4.58092
-4.57931
-4.57931
-4.57834
-4.57996
-4.58352
-4.58482
-4.58482
-4.58547
-4.58514
-4.58385
-4.58449
-4.58546
-4.58578
-4.5861
-4.58642
-4.58513
-4.58416
-4.58351
-4.58578
-4.58514
-4.58481
-4.58319
-4.5819
-4.58384
-4.58125
-4.57963
-4.57735
-4.57605
-4.57637
-4.57476
-4.57703
-4.57671
-4.57801
-4.57899
-4.57899
-4.5777
-4.57964
-4.58094
-4.58062
-4.58159
-4.58093
-4.58028
-4.57931
-4.57834
-4.57672
-4.57866
-4.57801
-4.57639
-4.57866
-4.57995
-4.58092
-4.57769
-4.57737
-4.57802
-4.57964
-4.57802
-4.57802
-4.57737
-4.57963
-4.57996
-4.5806
-4.57996
-4.57898
-4.58028
-4.58093
-4.57964
-4.57867
-4.57802
-4.57931
-4.57833
-4.5793
-4.57833
-4.57834
-4.57931
-4.58126
-4.58159
-4.58158
-4.58158
-4.58126
-4.58029
-4.57835
-4.57802
-4.57737
-4.57801
-4.57801
-4.57865
-4.57833
-4.57801
-4.57736
-4.57833
-4.57931
-4.57801
-4.57995
-4.57963
-4.57898
-4.57574
-4.57866
-4.57833
-4.57898
-4.57834
-4.57575
-4.57381
-4.57219
-4.57089
-4.57186
-4.57316
-4.57477
-4.57477
-4.57477
-4.5751
-4.57509
-4.57606
-4.57671
-4.57444
-4.57769
-4.57931
-4.57996
-4.57932
-4.57705
-4.57899
-4.58158
-4.58351
-4.58513
-4.58577
-4.5861
-4.58448
-4.58449
-4.58449
-4.58482
-4.58611
-4.58417
-4.5832
-4.5819
-4.58157
-4.58092
-4.57995
-4.58124
-4.58027
-4.57995
-4.57995
-4.58061
-4.58255
-4.58223
-4.58157
-4.58125
-4.58092
-4.58189
-4.58287
-4.58157
-4.57898
-4.57931
-4.57866
-4.5793
-4.57963
-4.58092
-4.58028
-4.5806
-4.58028
-4.57963
-4.58028
-4.58125
-4.58028
-4.58092
-4.58157
-4.58028
-4.58093
-4.58223
-4.58158
-4.58449
-4.58481
-4.58449
-4.58417
-4.58449
-4.58481
-4.58222
-4.57963
-4.57931
-4.57931
-4.57963
-4.57996
-4.57867
-4.57802
-4.58028
-4.58125
-4.58093
-4.58125
-4.57996
-4.57866
-4.5819
-4.58126
-4.58158
-4.58029
-4.57965
-4.5803
-4.57932
-4.57835
-4.58094
-4.58126
-4.5832
-4.5832
-4.58126
-4.58288
-4.58417
-4.5832
-4.58482
-4.5845
-4.58288
-4.5832
-4.58482
-4.58514
-4.5845
-4.58353
-4.58321
-4.58386
-4.58451
-4.58645
-4.58872
-4.58904
-4.58742
-4.58645
-4.5832
-4.5845
-4.58482
-4.5845
-4.58418
-4.58419
-4.58387
-4.58387
-4.5842
-4.58388
-4.5829
-4.5829
-4.58289
-4.58094
-4.57996
-4.57931
-4.57996
-4.57899
-4.57803
-4.57804
-4.57933
-4.57901
-4.57934
-4.57934
-4.57771
-4.57707
-4.57868
-4.57933
-4.57836
-4.57868
-4.57706
-4.579
-4.57997
-4.58062
-4.5803
-4.58095
-4.58225
-4.58257
-4.58258
-4.5829
-4.58193
-4.58128
-4.58063
-4.58225
-4.58257
-4.58386
-4.5858
-4.58353
-4.58386
-4.58127
-4.58128
-4.58193
-4.58031
-4.57837
-4.57902
-4.57772
-4.57837
-4.57901
-4.57837
-4.57675
-4.57902
-4.57966
-4.57836
-4.57933
-4.57966
-4.58031
-4.57998
-4.58354
-4.58419
-4.58451
-4.5829
-4.58193
-4.5829
-4.58258
-4.58258
-4.58517
-4.58225
-4.58322
-4.58225
-4.58193
-4.5829
-4.58289
-4.57998
-4.57933
-4.57803
-4.579
-4.58062
-4.58191
-4.58289
-4.58353
-4.58353
-4.58451
-4.58386
-4.58355
-4.5829
-4.58193
-4.5816
-4.58322
-4.58289
-4.58289
-4.58548
-4.58645
-4.5858
-4.58321
-4.58127
-4.5803
-4.57901
-4.57804
-4.57707
-4.57933
-4.57869
-4.57901
-4.5816
-4.58095
-4.57998
-4.58193
-4.58128
-4.58128
-4.58193
-4.58161
-4.58128
-4.58096
-4.58095
-4.58224
-4.58224
-4.58224
-4.58095
-4.58031
-4.58064
-4.58031
-4.58129
-4.58161
-4.58161
-4.5816
-4.58289
-4.58289
-4.5803
-4.57997
-4.58127
-4.58192
-4.58128
-4.58387
-4.58549
-4.58679
-4.58452
-4.58419
-4.58418
-4.58482
-4.58547
-4.58223
-4.58288
-4.58256
-4.58224
-4.58289
-4.58095
-4.58225
-4.58192
-4.58387
-4.58322
-4.58516
-4.58483
-4.58451
-4.58385
-4.58417
-4.58417
-4.58289
-4.5816
-4.58063
-4.58031
-4.57771
-4.57836
-4.579
-4.57835
-4.57737
-4.57705
-4.57932
-4.57997
-4.57802
-4.57835
-4.57835
-4.579
-4.58062
-4.57997
-4.58288
-4.58288
-4.58224
-4.58126
-4.58353
-4.58126
-4.57932
-4.57932
-4.57867
-4.57867
-4.5777
-4.57997
-4.57997
-4.58029
-4.57866
-4.58125
-4.5819
-4.58158
-4.58223
-4.58159
-4.58418
-4.58159
-4.58289
-4.58321
-4.58256
-4.58514
-4.58319
-4.58189
-4.58222
-4.58027
-4.57931
-4.58093
-4.58093
-4.58061
-4.58223
-4.58223
-4.58321
-4.58029
-4.57964
-4.58061
-4.57737
-4.57575
-4.5751
-4.5751
-4.57543
-4.57607
-4.57445
-4.57574
-4.57768
-4.58028
-4.57963
-4.57899
-4.58224
-4.58062
-4.57933
-4.58192
-4.58063
-4.5803
-4.57932
-4.58126
-4.57866
-4.57995
-4.57962
-4.57865
-4.57962
-4.58027
-4.58125
-4.57996
-4.5777
-4.57834
-4.57802
-4.57802
-4.57833
-4.57639
-4.57573
-4.57508
-4.57508
-4.57573
-4.57833
-4.57995
-4.57996
-4.57899
-4.57737
-4.57866
-4.57931
-4.57898
-4.5793
-4.57962
-4.58124
-4.57995
-4.58027
-4.5806
-4.58027
-4.57898
-4.58028
-4.57898
-4.57866
-4.57963
-4.57995
-4.58028
-4.5806
-4.58125
-4.58222
-4.58416
-4.58319
-4.58222
-4.58255
-4.5819
-4.5832
-4.58093
-4.57964
-4.57964
-4.57866
-4.57769
-4.57703
-4.57897
-4.58124
-4.58092
-4.58157
-4.58158
-4.5832
-4.58191
-4.58126
-4.57996
-4.57899
-4.57931
-4.58028
-4.58125
-4.57996
-4.5806
-4.58125
-4.5819
-4.58222
-4.58223
-4.58223
-4.58223
-4.58094
-4.57996
-4.58093
-4.58028
-4.57964
-4.57931
-4.57867
-4.57673
-4.57349
-4.57382
-4.57413
-4.57348
-4.5738
-4.57477
-4.57444
-4.57542
-4.57413
-4.57542
-4.57672
-4.57737
-4.57867
-4.5777
-4.57737
-4.57802
-4.57866
-4.57963
-4.58028
-4.58125
-4.58158
-4.58384
-4.58287
-4.58417
-4.58255
-4.58028
-4.57834
-4.57834
-4.57834
-4.57769
-4.58126
-4.58158
-4.57931
-4.57963
-4.57898
-4.57898
-4.57866
-4.57996
-4.58158
-4.58029
-4.58061
-4.58158
-4.5832
-4.58385
-4.58449
-4.58352
-4.58352
-4.58417
-4.58546
-4.58449
-4.58448
-4.58351
-4.58319
-4.58287
-4.5845
-4.58482
-4.58385
-4.58321
-4.58482
-4.58644
-4.58514
-4.58222
-4.5819
-4.58157
-4.58125
-4.58092
-4.57865
-4.5793
-4.57833
-4.57866
-4.57899
-4.57932
-4.58029
-4.58061
-4.58385
-4.58352
-4.58158
-4.58288
-4.58288
-4.58028
-4.58125
-4.58222
-4.58287
-4.58222
-4.58125
-4.58028
-4.57996
-4.57866
-4.57866
-4.57704
-4.57671
-4.57575
-4.57348
-4.57381
-4.57414
-4.57446
-4.5751
-4.57575
-4.57607
-4.57671
-4.57833
-4.57769
-4.57996
-4.58126
-4.58094
-4.58158
-4.58255
-4.5832
-4.5832
-4.58385
-4.58353
-4.58418
-4.58224
-4.57932
-4.58029
-4.58028
-4.58093
-4.58093
-4.58061
-4.57996
-4.57801
-4.58028
-4.57867
-4.57705
-4.57738
-4.579
-4.57996
-4.58191
-4.58385
-4.58352
-4.5845
-4.58255
-4.58417
-4.5832
-4.58256
-4.58256
-4.58158
-4.58385
-4.5845
-4.5832
-4.58158
-4.58191
-4.58159
-4.57965
-4.58289
-4.58224
-4.58289
-4.58127
-4.58256
-4.58158
-4.58223
-4.58288
-4.58255
-4.58191
-4.58288
-4.58288
-4.58288
-4.58321
-4.58353
-4.58256
-4.5845
-4.58191
-4.57932
-4.579
-4.58126
-4.58094
-4.58224
-4.58029
-4.58029
-4.57997
-4.58094
-4.58386
-4.58288
-4.5832
-4.58417
-4.58547
-4.58677
-4.58645
-4.5858
-4.58354
-4.58418
-4.58159
-4.58386
-4.58127
-4.58094
-4.58224
-4.58062
-4.58029
-4.57932
-4.57835
-4.57867
-4.57867
-4.58062
-4.58061
-4.58288
-4.58353
-4.58321
-4.58451
-4.58386
-4.58516
-4.58516
-4.58548
-4.58451
-4.58483
-4.58418
-4.58223
-4.57899
-4.58093
-4.5819
-4.58255
-4.58385
-4.58515
-4.58482
-4.58353
-4.58159
-4.58386
-4.58257
-4.58095
-4.58128
-4.58192
-4.58127
-4.57933
-4.57835
-4.57932
-4.58029
-4.58029
-4.58158
-4.58158
-4.57835
-4.57738
-4.57964
-4.58029
-4.57964
-4.58093
-4.58158
-4.58061
-4.57931
-4.5806
-4.58223
-4.58191
-4.58029
-4.58224
-4.58159
-4.58127
-4.58127
-4.58094
-4.57996
-4.57996
-4.57801
-4.57996
-4.58158
-4.58029
-4.57964
-4.58029
-4.57899
-4.58061
-4.57899
-4.58125
-4.58029
-4.58353
-4.58547
-4.5858
-4.58385
-4.58579
-4.58547
-4.58514
-4.58643
-4.58578
-4.58643
-4.5874
-4.58675
-4.5861
-4.58513
-4.58708
-4.58611
-4.58579
-4.58644
-4.58547
-4.5845
-4.58255
-4.58255
-4.58222
-4.58222
-4.58319
-4.58286
-4.58092
-4.57962
-4.57963
-4.57898
-4.58028
-4.58288
-4.58353
-4.58321
-4.58354
-4.58354
-4.58418
-4.58288
-4.58352
-4.5819
-4.5819
-4.57931
-4.57964
-4.58061
-4.58126
-4.58223
-4.58094
-4.58417
-4.58482
-4.58191
-4.58256
-4.58288
-4.58386
-4.58224
-4.58257
-4.58224
-4.58353
-4.58385
-4.58481
-4.58352
-4.5845
-4.58515
-4.58289
-4.58094
-4.58094
-4.58061
-4.57899
-4.57867
-4.579
-4.57997
-4.58062
-4.58256
-4.58353
-4.58191
-4.58321
-4.58515
-4.58386
-4.58224
-4.58224
-4.58159
-4.58224
-4.58256
-4.58353
-4.58255
-4.58223
-4.58191
-4.58158
-4.58029
-4.57964
-4.57673
-4.57673
-4.57673
-4.57576
-4.57706
-4.57836
-4.57673
-4.57771
-4.57997
-4.58159
-4.58288
-4.58126
-4.58224
-4.58256
-4.58094
-4.5803
-4.57965
-4.5803
-4.57933
-4.5803
-4.58159
-4.58062
-4.57997
-4.58062
-4.58256
-4.58353
-4.58159
-4.58224
-4.58224
-4.5816
-4.58193
-4.58031
-4.57934
-4.57836
-4.57803
-4.5777
-4.579
-4.57705
-4.57803
-4.58126
-4.58062
-4.57932
-4.57932
-4.57868
-4.57965
-4.58062
-4.58127
-4.58127
-4.57998
-4.57706
-4.57868
-4.57836
-4.58063
-4.58095
-4.5816
-4.58321
-4.58321
-4.58418
-4.58288
-4.58352
-4.58449
-4.58352
-4.58126
-4.58191
-4.58127
-4.5803
-4.57998
-4.57901
-4.57933
-4.57965
-4.58192
-4.58289
-4.58062
-4.57965
-4.58127
-4.57965
-4.58191
-4.58127
-4.57965
-4.57803
-4.57965
-4.57965
-4.57836
-4.57934
-4.57966
-4.57966
-4.57869
-4.5803
-4.58127
-4.58126
-4.58288
-4.58094
-4.57932
-4.57868
-4.57804
-4.57771
-4.57933
-4.57933
-4.579
-4.58127
-4.58192
-4.58095
-4.57933
-4.57933
-4.57901
-4.57835
-4.57706
-4.57543
-4.57446
-4.57317
-4.57349
-4.57219
-4.57284
-4.57284
-4.57187
-4.57219
-4.57543
-4.57544
-4.57803
-4.58127
-4.58256
-4.58482
-4.58352
-4.58352
-4.58449
-4.58255
-4.58482
-4.58547
-4.5845
-4.58386
-4.58289
-4.58385
-4.58482
-4.58644
-4.58514
-4.59032
-4.5887
-4.58708
-4.58741
-4.58675
-4.58513
-4.58222
-4.58028
-4.58029
-4.58029
-4.58062
-4.57932
-4.58062
-4.57899
-4.57867
-4.58028
-4.58158
-4.58384
-4.58741
-4.58611
-4.58676
-4.58514
-4.58482
-4.58353
-4.58386
-4.58353
-4.58191
-4.58288
-4.58223
-4.58126
-4.58126
-4.5832
-4.58126
-4.57932
-4.57867
-4.58127
-4.58159
-4.58353
-4.58126
-4.58029
-4.57737
-4.57802
-4.5777
-4.57673
-4.57802
-4.57738
-4.57641
-4.57706
-4.57868
-4.57673
-4.579
-4.58062
-4.58289
-4.5829
-4.58452
-4.58225
-4.5829
-4.58322
-4.58192
-4.58192
-4.58127
-4.58224
-4.58094
-4.5803
-4.57933
-4.58452
-4.58484
-4.58258
-4.58258
-4.5816
-4.58128
-4.5816
-4.58225
-4.58063
-4.57966
-4.58063
-4.57998
-4.57869
-4.57837
-4.57804
-4.58063
-4.57836
-4.57674
-4.57674
-4.57577
-4.57383
-4.57383
-4.57416
-4.57578
-4.57869
-4.57999
-4.58128
-4.57966
-4.58031
-4.58031
-4.57869
-4.57675
-4.57642
-4.57739
-4.57837
-4.58064
-4.58226
-4.58258
-4.58322
-4.58193
-4.5803
-4.58095
-4.57869
-4.57998
-4.58096
-4.58063
-4.57934
-4.57707
-4.57998
-4.57804
-4.57837
-4.57966
-4.58225
-4.57966
-4.57933
-4.57966
-4.5803
-4.58127
-4.58127
-4.5816
-4.58322
-4.58192
-4.58224
-4.58386
-4.58322
-4.58322
-4.58355
-4.58517
-4.58291
-4.58193
-4.58095
-4.58257
-4.58321
-4.5845
-4.58256
-4.58029
-4.57965
-4.579
-4.57997
-4.57965
-4.5803
-4.57998
-4.58128
-4.5816
-4.5829
-4.58225
-4.58258
-4.58225
-4.58225
-4.58031
-4.57869
-4.57998
-4.57997
-4.58094
-4.57965
-4.57835
-4.57771
-4.57577
-4.57739
-4.57934
-4.57966
-4.58096
-4.57966
-4.57804
-4.57868
-4.57836
-4.57707
-4.57869
-4.57868
-4.58063
-4.5816
-4.5816
-4.5816
-4.58192
-4.58224
-4.58419
-4.58321
-4.58289
-4.58451
-4.58613
-4.5858
-4.58387
-4.58452
-4.58614
-4.58646
-4.58808
-4.58354
-4.58353
-4.5832
-4.58255
-4.58126
-4.579
-4.57771
-4.57771
-4.57901
-4.57739
-4.57804
-4.57933
-4.57965
-4.58224
-4.58321
-4.58062
-4.58063
-4.5816
-4.58322
-4.58354
-4.58484
-4.58807
-4.58839
-4.58872
-4.58645
-4.58548
-4.58516
-4.58484
-4.58451
-4.5829
-4.58193
-4.58128
-4.57999
-4.58129
-4.58388
-4.58323
-4.58517
-4.58452
-4.58614
-4.58452
-4.58516
-4.58678
-4.58679
-4.58744
-4.58646
-4.58225
-4.58161
-4.5829
-4.58323
-4.58128
-4.58225
-4.58257
-4.58386
-4.58387
-4.58128
-4.58129
-4.58226
-4.58291
-4.58162
-4.58097
-4.58096
-4.58322
-4.58645
-4.5858
-4.58386
-4.58062
-4.5816
-4.58226
-4.58
-4.57871
-4.57903
-4.57968
-4.57968
-4.57903
-4.5787
-4.58128
-4.58355
-4.58419
-4.58322
-4.58549
-4.58452
-4.58387
-4.58258
-4.58032
-4.58064
-4.58
-4.57935
-4.57935
-4.58032
-4.58032
-4.58194
-4.58065
-4.58
-4.58
-4.58291
-4.58161
-4.58258
-4.58259
-4.58227
-4.58227
-4.58454
-4.58324
-4.58032
-4.57903
-4.57999
-4.58258
-4.58517
-4.58323
-4.58258
-4.58226
-4.58032
-4.58032
-4.57838
-4.57935
-4.57999
-4.5787
-4.58193
-4.58031
-4.57902
-4.57999
-4.58096
-4.58096
-4.57967
-4.57837
-4.57707
-4.57934
-4.57967
-4.5829
-4.58355
-4.58193
-4.58192
-4.58322
-4.58322
-4.58322
-4.58096
-4.57901
-4.57869
-4.5774
-4.57772
-4.57805
-4.57837
-4.5761
-4.57513
-4.57643
-4.57545
-4.57383
-4.57545
-4.57545
-4.57674
-4.57836
-4.57837
-4.57804
-4.57837
-4.5774
-4.57935
-4.57967
-4.57999
-4.57999
-4.58225
-4.58225
-4.5816
-4.58257
-4.58257
-4.58031
-4.57901
-4.58063
-4.57934
-4.58096
-4.5816
-4.58225
-4.58031
-4.57836
-4.58095
-4.58225
-4.58354
-4.58516
-4.58289
-4.58031
-4.58063
-4.58096
-4.58096
-4.58323
-4.58194
-4.58323
-4.58549
-4.58581
-4.58322
-4.58289
-4.58322
-4.58354
-4.58451
-4.58289
-4.5816
-4.57934
-4.58063
-4.58161
-4.57934
-4.58096
-4.57934
-4.5816
-4.58451
-4.58386
-4.58224
-4.58256
-4.58159
-4.58256
-4.58126
-4.58127
-4.58192
-4.58192
-4.58355
-4.58193
-4.57966
-4.57836
-4.57738
-4.57641
-4.57641
-4.57965
-4.57998
-4.5803
-4.58127
-4.58031
-4.58031
-4.58193
-4.58258
-4.58193
-4.58258
-4.58452
-4.58549
-4.58322
-4.58354
-4.58224
-4.58192
-4.58159
-4.58127
-4.57998
-4.57739
-4.57771
-4.57772
-4.57934
-4.58031
-4.57902
-4.57836
-4.57966
-4.5816
-4.5803
-4.57868
-4.57738
-4.579
-4.57608
-4.57706
-4.57804
-4.58063
-4.57804
-4.58192
-4.58063
-4.57965
-4.58159
-4.57997
-4.58126
-4.57965
-4.58288
-4.58386
-4.58483
-4.5858
-4.58418
-4.58483
-4.58418
-4.58354
-4.58289
-4.58483
-4.58548
-4.58483
-4.58418
-4.58385
-4.58385
-4.58126
-4.57931
-4.57867
-4.57997
-4.57964
-4.57932
-4.58159
-4.58127
-4.57933
-4.57707
-4.57739
-4.57448
-4.57609
-4.57836
-4.57738
-4.57673
-4.57738
-4.57609
-4.57738
-4.58062
-4.579
-4.579
-4.57932
-4.57867
-4.58029
-4.57965
-4.57738
-4.57901
-4.57836
-4.57836
-4.57869
-4.57901
-4.57674
-4.57901
-4.57868
-4.58127
-4.57836
-4.5803
-4.57933
-4.57966
-4.5816
-4.5829
-4.58258
-4.58516
-4.58386
-4.5845
-4.58385
-4.58288
-4.58256
-4.58225
-4.58258
-4.58032
-4.58129
-4.58129
-4.58225
-4.58419
-4.58322
-4.58224
-4.58127
-4.58321
-4.58063
-4.57999
-4.57902
-4.57934
-4.58095
-4.58127
-4.58191
-4.5803
-4.58063
-4.57869
-4.57967
-4.57967
-4.57934
-4.57999
-4.57869
-4.58193
-4.5816
-4.58063
-4.57837
-4.58063
-4.5842
-4.57902
-4.58031
-4.58161
-4.58031
-4.58031
-4.57771
-4.57675
-4.57416
-4.57675
-4.57935
-4.58033
-4.58
-4.58033
-4.58066
-4.58324
-4.58356
-4.58226
-4.5816
-4.58095
-4.5816
-4.58128
-4.58096
-4.58032
-4.58065
-4.58065
-4.58065
-4.57969
-4.58033
-4.58065
-4.58324
-4.5855
-4.58485
-4.5855
-4.58518
-4.58259
-4.58162
-4.58194
-4.58097
-4.58162
-4.57968
-4.58033
-4.57871
-4.57903
-4.57774
-4.57838
-4.57903
-4.58
-4.57902
-4.57708
-4.57611
-4.57644
-4.57871
-4.57903
-4.58033
-4.58
-4.58
-4.58195
-4.58227
-4.58227
-4.58291
-4.58129
-4.58161
-4.58258
-4.58031
-4.58032
-4.58065
-4.58033
-4.58098
-4.58098
-4.58228
-4.58325
-4.58584
-4.58389
-4.58259
-4.58162
-4.5829
-4.58258
-4.58226
-4.58097
-4.57935
-4.57741
-4.57644
-4.57838
-4.57806
-4.57967
-4.58097
-4.58032
-4.57934
-4.57805
-4.58096
-4.58064
-4.58388
-4.58389
-4.58324
-4.5826
-4.58098
-4.5813
-4.5813
-4.5813
-4.58032
-4.57935
-4.57999
-4.58193
-4.58063
-4.57837
-4.57708
-4.57709
-4.57644
-4.57774
-4.57774
-4.57839
-4.57871
-4.57871
-4.57935
-4.57935
-4.57967
-4.58064
-4.58128
-4.58193
-4.5829
-4.58096
-4.58323
-4.58323
-4.58291
-4.58194
-4.58292
-4.58324
-4.58227
-4.58163
-4.58227
-4.58161
-4.58031
-4.58161
-4.58193
-4.58355
-4.58194
-4.58032
-4.57967
-4.57838
-4.57903
-4.57838
-4.58032
-4.57838
-4.58
-4.57968
-4.58097
-4.58162
-4.58
-4.57903
-4.58064
-4.5787
-4.57934
-4.57837
-4.57869
-4.57933
-4.57998
-4.57966
-4.57999
-4.58064
-4.57999
-4.58064
-4.58064
-4.58064
-4.57934
-4.58064
-4.57999
-4.57999
-4.58129
-4.58258
-4.58226
-4.58161
-4.58259
-4.58356
-4.58323
-4.58323
-4.58356
-4.58259
-4.58226
-4.58356
-4.58324
-4.58421
-4.58421
-4.58485
-4.58453
-4.58421
-4.58324
-4.58129
-4.58033
-4.58098
-4.58
-4.57936
-4.57806
-4.57644
-4.57482
-4.57643
-4.57837
-4.57967
-4.58032
-4.58194
-4.58227
-4.58356
-4.58356
-4.58356
-4.58518
-4.58389
-4.58291
-4.58388
-4.58517
-4.58582
-4.58453
-4.58744
-4.58614
-4.58615
-4.58324
-4.58292
-4.58227
-4.58324
-4.58486
-4.58389
-4.58292
-4.58227
-4.58065
-4.58
-4.57805
-4.57902
-4.57804
-4.58226
-4.58291
-4.58258
-4.58161
-4.57967
-4.58226
-4.58162
-4.58226
-4.58226
-4.58
-4.57902
-4.57837
-4.57999
-4.58032
-4.58129
-4.58097
-4.58097
-4.58033
-4.57935
-4.57806
-4.5787
-4.57967
-4.58162
-4.58259
-4.58388
-4.58486
-4.58551
-4.58422
-4.58357
-4.58292
-4.58163
-4.58033
-4.57936
-4.5813
-4.58001
-4.58131
-4.58358
-4.58325
-4.58066
-4.58098
-4.58227
-4.58195
-4.58131
-4.58034
-4.58196
-4.58196
-4.58099
-4.58228
-4.58292
-4.5826
-4.58389
-4.58648
-4.58454
-4.5826
-4.58422
-4.58293
-4.58228
-4.5826
-4.58325
-4.58455
-4.5839
-4.58552
-4.58292
-4.58162
-4.58259
-4.58389
-4.58292
-4.58227
-4.58163
-4.58098
-4.5813
-4.58065
-4.58032
-4.58
-4.57968
-4.58065
-4.57806
-4.57968
-4.57839
-4.58033
-4.57936
-4.58131
-4.58034
-4.58293
-4.58422
-4.58421
-4.58421
-4.58421
-4.58291
-4.58324
-4.58162
-4.58195
-4.58195
-4.58325
-4.5826
-4.5826
-4.58455
-4.58357
-4.58066
-4.57871
-4.58
-4.5787
-4.5787
-4.58031
-4.58064
-4.58
-4.58162
-4.58162
-4.58066
-4.58034
-4.58001
-4.57969
-4.57969
-4.57871
-4.57903
-4.57709
-4.57643
-4.57772
-4.57966
-4.57999
-4.57903
-4.57806
-4.58066
-4.58292
-4.58454
-4.58583
-4.5855
-4.5855
-4.58452
-4.58355
-4.58388
-4.58485
-4.5868
-4.58551
-4.58551
-4.58583
-4.58389
-4.58324
-4.58032
-4.58064
-4.58193
-4.58193
-4.58323
-4.58258
-4.58258
-4.58356
-4.58291
-4.57935
-4.57903
-4.57968
-4.57935
-4.57935
-4.57773
-4.57934
-4.57999
-4.58096
-4.58162
-4.58292
-4.58324
-4.58227
-4.58065
-4.58227
-4.58129
-4.58227
-4.58388
-4.58647
-4.58648
-4.58583
-4.58583
-4.58616
-4.58389
-4.58357
-4.58519
-4.58357
-4.58357
-4.58227
-4.58324
-4.58356
-4.58162
-4.58356
-4.58389
-4.58162
-4.58195
-4.5826
-4.58195
-4.58324
-4.5826
-4.58195
-4.58097
-4.58227
-4.58259
-4.58129
-4.58421
-4.58421
-4.58357
-4.58195
-4.58162
-4.58
-4.58291
-4.58324
-4.58129
-4.5813
-4.5813
-4.58389
-4.58357
-4.58259
-4.58356
-4.58194
-4.58129
-4.58194
-4.58162
-4.58162
-4.5813
-4.58227
-4.58001
-4.58033
-4.57968
-4.57936
-4.57935
-4.58
-4.58
-4.58065
-4.58195
-4.58065
-4.58163
-4.58324
-4.58292
-4.58097
-4.58097
-4.58098
-4.58195
-4.58196
-4.57872
-4.57807
-4.57677
-4.57903
-4.58226
-4.58097
-4.58097
-4.58064
-4.58
-4.5813
-4.57936
-4.57872
-4.57839
-4.58001
-4.58196
-4.58163
-4.5839
-4.5852
-4.58649
-4.58843
-4.59037
-4.58972
-4.58907
-4.5894
-4.5881
-4.58681
-4.58681
-4.58519
-4.58778
-4.58649
-4.58584
-4.5839
-4.58519
-4.58324
-4.58227
-4.58
-4.58259
-4.58194
-4.58162
-4.5813
-4.58065
-4.57935
-4.57741
-4.57805
-4.58
-4.57968
-4.57742
-4.57709
-4.57548
-4.57677
-4.57839
-4.57903
-4.57741
-4.57708
-4.57935
-4.57902
-4.57773
-4.58
-4.57968
-4.57968
-4.57839
-4.57968
-4.58097
-4.58032
-4.57806
-4.57676
-4.5787
-4.58
-4.58129
-4.5813
-4.58162
-4.58227
-4.58325
-4.58325
-4.5813
-4.58195
-4.58259
-4.58259
-4.58193
-4.58193
-4.58226
-4.58226
-4.58259
-4.58454
-4.58649
-4.58649
-4.58552
-4.58519
-4.58324
-4.58421
-4.58324
-4.58032
-4.57837
-4.58032
-4.57935
-4.57967
-4.58032
-4.58096
-4.58258
-4.57999
-4.57805
-4.57773
-4.57708
-4.57611
-4.57709
-4.57774
-4.57806
-4.5787
-4.58162
-4.58323
-4.58324
-4.58389
-4.58486
-4.58518
-4.58486
-4.58486
-4.58583
-4.58648
-4.58713
-4.58842
-4.58972
-4.58875
-4.58681
-4.58649
-4.58487
-4.58195
-4.58163
-4.5813
-4.58226
-4.58194
-4.58259
-4.58389
-4.5826
-4.58001
-4.58164
-4.58229
-4.58229
-4.58164
-4.58196
-4.58131
-4.58228
-4.58196
-4.58196
-4.58422
-4.58357
-4.58324
-4.58259
-4.58453
-4.58551
-4.58292
-4.58098
-4.58228
-4.58196
-4.58132
-4.5784
-4.5784
-4.58131
-4.58293
-4.5826
-4.58196
-4.58001
-4.57807
-4.58034
-4.58164
-4.58196
-4.58261
-4.58196
-4.58195
-4.58033
-4.58163
-4.57969
-4.5784
-4.5784
-4.57905
-4.57873
-4.58002
-4.57873
-4.58002
-4.58163
-4.58099
-4.58099
-4.58034
-4.57969
-4.58067
-4.58035
-4.58035
-4.581
-4.58133
-4.58003
-4.581
-4.58003
-4.58165
-4.58293
-4.58131
-4.58066
-4.58164
-4.58068
-4.57971
-4.581
-4.581
-4.58165
-4.58327
-4.58165
-4.58327
-4.5839
-4.58325
-4.5826
-4.58099
-4.58002
-4.58068
-4.58004
-4.57907
-4.5781
-4.57939
-4.57971
-4.58197
-4.57808
-4.5797
-4.57905
-4.5784
-4.57905
-4.58132
-4.58068
-4.58262
-4.58424
-4.58197
-4.581
-4.58262
-4.58035
-4.58133
-4.58003
-4.58262
-4.58262
-4.58391
-4.58293
-4.58325
-4.58358
-4.58164
-4.58197
-4.58294
-4.58262
-4.58133
-4.5823
-4.58327
-4.58197
-4.58423
-4.58391
-4.58391
-4.58293
-4.58099
-4.58164
-4.58068
-4.57906
-4.58101
-4.58165
-4.58262
-4.58198
-4.581
-4.58197
-4.5797
-4.58099
-4.58132
-4.58358
-4.58618
-4.58553
-4.58585
-4.58488
-4.58553
-4.58521
-4.58294
-4.58164
-4.58196
-4.58326
-4.58326
-4.58165
-4.5836
-4.58198
-4.58069
-4.5781
-4.58036
-4.57971
-4.57939
-4.58101
-4.58068
-4.58069
-4.58134
-4.58037
-4.58101
-4.57939
-4.57939
-4.57971
-4.58198
-4.58134
-4.58199
-4.58199
-4.57908
-4.5794
-4.58069
-4.58004
-4.58133
-4.58554
-4.58684
-4.58684
-4.58619
-4.58943
-4.58717
-4.58814
-4.58684
-4.58522
-4.58522
-4.58523
-4.58458
-4.58232
-4.58329
-4.58199
-4.58069
-4.58068
-4.58133
-4.58392
-4.58328
-4.58199
-4.58296
-4.58231
-4.58004
-4.58102
-4.58134
-4.58166
-4.58198
-4.58101
-4.58166
-4.58199
-4.58264
-4.58426
-4.58037
-4.58328
-4.58166
-4.58004
-4.58004
-4.58004
-4.58037
-4.5794
-4.58005
-4.5807
-4.58167
-4.58102
-4.57907
-4.5781
-4.57681
-4.57616
-4.58036
-4.57842
-4.58068
-4.58036
-4.58134
-4.58069
-4.57973
-4.57973
-4.57843
-4.57973
-4.58005
-4.58005
-4.58005
-4.58069
-4.58037
-4.58069
-4.58199
-4.58166
-4.58296
-4.58361
-4.58393
-4.58361
-4.58232
-4.57972
-4.58102
-4.58264
-4.58231
-4.58328
-4.58264
-4.58523
-4.58491
-4.58588
-4.58685
-4.58588
-4.58523
-4.58426
-4.58425
-4.58166
-4.58329
-4.58167
-4.58005
-4.57746
-4.57843
-4.57811
-4.57779
-4.57844
-4.57876
-4.58006
-4.57876
-4.57811
-4.57811
-4.57875
-4.57811
-4.58037
-4.58037
-4.58102
-4.58134
-4.5807
-4.58135
-4.58038
-4.57941
-4.57812
-4.57812
-4.57747
-4.57811
-4.58005
-4.57778
-4.57745
-4.57875
-4.58037
-4.57713
-4.57584
-4.57875
-4.57681
-4.57811
-4.58038
-4.5807
-4.58361
-4.58297
-4.58394
-4.58491
-4.58458
-4.5849
-4.58619
-4.58749
-4.58878
-4.58749
-4.5862
-4.58393
-4.58263
-4.58328
-4.58198
-4.58101
-4.5823
-4.58036
-4.58068
-4.57939
-4.58004
-4.58133
-4.58166
-4.57713
-4.57615
-4.57648
-4.5768
-4.57809
-4.57971
-4.58068
-4.57809
-4.5781
-4.57939
-4.57972
-4.57778
-4.57778
-4.57907
-4.57971
-4.58165
-4.58262
-4.58327
-4.58133
-4.581
-4.58068
-4.58197
-4.58197
-4.58036
-4.58262
-4.58392
-4.5836
-4.58295
-4.58262
-4.58553
-4.58521
-4.58488
-4.58294
-4.58359
-4.58294
-4.58132
-4.58391
-4.58715
-4.58812
-4.58683
-4.58716
-4.58813
-4.58716
-4.58619
-4.58651
-4.58747
-4.5865
-4.58228
-4.58228
-4.58131
-4.58002
-4.58002
-4.58035
-4.58003
-4.58035
-4.581
-4.5797
-4.58035
-4.58164
-4.58067
-4.58197
-4.58229
-4.58035
-4.581
-4.58133
-4.58165
-4.58101
-4.57939
-4.5768
-4.57809
-4.57776
-4.57678
-4.5784
-4.57678
-4.57711
-4.57906
-4.57841
-4.57971
-4.5823
-4.58166
-4.57971
-4.58068
-4.58036
-4.57873
-4.57809
-4.57873
-4.57906
-4.58003
-4.58262
-4.57873
-4.5797
-4.58132
-4.58294
-4.58196
-4.58099
-4.5797
-4.58099
-4.58229
-4.58326
-4.58326
-4.58196
-4.58196
-4.58293
-4.58228
-4.58293
-4.58293
-4.58358
-4.58359
-4.58262
-4.58358
-4.5839
-4.58196
-4.58131
-4.58261
-4.58229
-4.58196
-4.58196
-4.58196
-4.5839
-4.58326
-4.58455
-4.58423
-4.58487
-4.58584
-4.58423
-4.58585
-4.58326
-4.58327
-4.58359
-4.58456
-4.58553
-4.5865
-4.58683
-4.5852
-4.5852
-4.5826
-4.57968
-4.58066
-4.58358
-4.58131
-4.58164
-4.58132
-4.58035
-4.57938
-4.58035
-4.58132
-4.58099
-4.57937
-4.58196
-4.58229
-4.58164
-4.58197
-4.57969
-4.57839
-4.57936
-4.58066
-4.58131
-4.58131
-4.57905
-4.58099
-4.58099
-4.58132
-4.58099
-4.58034
-4.57937
-4.57872
-4.58131
-4.5826
-4.58454
-4.58649
-4.5839
-4.58325
-4.58196
-4.58099
-4.58002
-4.57905
-4.58067
-4.58164
-4.58067
-4.58034
-4.57937
-4.57774
-4.57871
-4.57871
-4.57903
-4.58162
-4.58227
-4.58066
-4.58098
-4.58195
-4.58195
-4.58034
-4.57839
-4.57839
-4.57742
-4.57677
-4.57905
-4.58066
-4.58131
-4.58358
-4.58326
-4.58261
-4.5784
-4.57969
-4.58066
-4.58131
-4.58163
-4.58196
-4.58422
-4.5839
-4.58552
-4.58585
-4.58131
-4.58293
-4.5826
-4.58066
-4.58163
-4.58228
-4.5813
-4.58001
-4.5813
-4.58001
-4.57839
-4.57807
-4.57904
-4.58034
-4.5797
-4.58197
-4.58067
-4.57743
-4.57937
-4.58066
-4.5826
-4.58325
-4.58292
-4.58325
-4.5839
-4.58099
-4.581
-4.58132
-4.58133
-4.58262
-4.58164
-4.58229
-4.58292
-4.58195
-4.58357
-4.58325
-4.58196
-4.58229
-4.58132
-4.58197
-4.58229
-4.58165
-4.58002
-4.58197
-4.58197
-4.5797
-4.57905
-4.57905
-4.58035
-4.58099
-4.58132
-4.58261
-4.58067
-4.58099
-4.57775
-4.57516
-4.57613
-4.57613
-4.57775
-4.57774
-4.57774
-4.57936
-4.57839
-4.57839
-4.57904
-4.57871
-4.57969
-4.57872
-4.58034
-4.57969
-4.57969
-4.58293
-4.58519
-4.58552
-4.58389
-4.58357
-4.58356
-4.58292
-4.58227
-4.58454
-4.58194
-4.58324
-4.58162
-4.58065
-4.58162
-4.5813
-4.5813
-4.58324
-4.58357
-4.58486
-4.58519
-4.58487
-4.58454
-4.58713
-4.58648
-4.58519
-4.58584
-4.58454
-4.58519
-4.58745
-4.5868
-4.58421
-4.58519
-4.58292
-4.58066
-4.58098
-4.58131
-4.58066
-4.57969
-4.58066
-4.58227
-4.58065
-4.57903
-4.57969
-4.58195
-4.58292
-4.58454
-4.58389
-4.58195
-4.58163
-4.58325
-4.58455
-4.58326
-4.58261
-4.58228
-4.58228
-4.5826
-4.5839
-4.5839
-4.58422
-4.58746
-4.58811
-4.58682
-4.58585
-4.58488
-4.58682
-4.58423
-4.5839
-4.58067
-4.58132
-4.58002
-4.58067
-4.58067
-4.58099
-4.5839
-4.58422
-4.58358
-4.58099
-4.57904
-4.57937
-4.58099
-4.58293
-4.58099
-4.58229
-4.58164
-4.58067
-4.58002
-4.57969
-4.57872
-4.57969
-4.58001
-4.58131
-4.58292
-4.5826
-4.58099
-4.58391
-4.58423
-4.58326
-4.58488
-4.58423
-4.58391
-4.58488
-4.5839
-4.58455
-4.58552
-4.58552
-4.58779
-4.58584
-4.58552
-4.5852
-4.58746
-4.58488
-4.58261
-4.58197
-4.58294
-4.58132
-4.58326
-4.58617
-4.58423
-4.58163
-4.58261
-4.58358
-4.58229
-4.58294
-4.58132
-4.58197
-4.58585
-4.58456
-4.58326
-4.58294
-4.58326
-4.58132
-4.58164
-4.58034
-4.57743
-4.57744
-4.57679
-4.57517
-4.57582
-4.57614
-4.57549
-4.5742
-4.57355
-4.57485
-4.57712
-4.57906
-4.58132
-4.58261
-4.58229
-4.58327
-4.58198
-4.57939
-4.58068
-4.58132
-4.58034
-4.57808
-4.57711
-4.5784
-4.58002
-4.57905
-4.57937
-4.58067
-4.58002
-4.5797
-4.57906
-4.58068
-4.58068
-4.57842
-4.58036
-4.57842
-4.57842
-4.57809
-4.57841
-4.58068
-4.58166
-4.58004
-4.57907
-4.57809
-4.57549
-4.57646
-4.57743
-4.58035
-4.58165
-4.58165
-4.58198
-4.5823
-4.58004
-4.58069
-4.57842
-4.58069
-4.57842
-4.57906
-4.57809
-4.57842
-4.58036
-4.57939
-4.58037
-4.58036
-4.58068
-4.58068
-4.58036
-4.58004
-4.57972
-4.58037
-4.58135
-4.58264
-4.58264
-4.58393
-4.58457
-4.58457
-4.58587
-4.58586
-4.58425
-4.58263
-4.58197
-4.57938
-4.58067
-4.581
-4.58197
-4.57971
-4.58037
-4.58037
-4.57973
-4.57714
-4.57908
-4.57811
-4.5794
-4.58004
-4.5823
-4.58327
-4.58488
-4.58133
-4.5836
-4.58295
-4.58264
-4.58135
-4.5807
-4.57746
-4.57875
-4.58069
-4.58101
-4.58166
-4.58036
-4.57874
-4.57971
-4.57744
-4.57518
-4.57615
-4.57486
-4.57519
-4.57616
-4.57551
-4.57616
-4.57745
-4.57777
-4.57842
-4.58068
-4.58133
-4.58068
-4.5823
-4.58328
-4.58457
-4.58393
-4.58264
-4.58328
-4.5849
-4.58295
-4.58165
-4.58359
-4.58036
-4.5823
-4.57939
-4.57842
-4.57875
-4.57746
-4.57648
-4.57649
-4.57616
-4.57778
-4.57843
-4.57875
-4.57648
-4.57712
-4.57647
-4.5755
-4.57582
-4.57938
-4.57906
-4.5794
-4.58005
-4.57908
-4.5794
-4.58005
-4.57908
-4.57875
-4.58037
-4.58166
-4.58134
-4.58263
-4.58328
-4.58134
-4.58134
-4.58231
-4.58425
-4.58425
-4.58619
-4.5862
-4.58717
-4.5862
-4.58394
-4.58427
-4.58362
-4.58296
-4.58167
-4.58102
-4.58037
-4.58167
-4.58297
-4.5833
-4.58362
-4.5833
-4.58395
-4.5833
-4.58298
-4.58265
-4.58071
-4.58199
-4.58296
-4.58524
-4.58557
-4.58427
-4.58394
-4.58426
-4.58264
-4.58135
-4.57941
-4.58071
-4.58168
-4.58233
-4.58394
-4.58394
-4.58491
-4.58556
-4.58459
-4.58362
-4.58297
-4.5833
-4.58362
-4.58298
-4.58298
-4.58265
-4.58362
-4.58232
-4.58264
-4.58394
-4.58491
-4.58686
-4.58816
-4.58622
-4.58623
-4.5859
-4.58622
-4.58395
-4.58265
-4.58232
-4.5807
-4.58037
-4.57973
-4.58005
-4.58038
-4.5807
-4.58102
-4.58102
-4.57908
-4.57973
-4.58005
-4.57843
-4.57973
-4.57941
-4.58168
-4.58265
-4.58232
-4.582
-4.58167
-4.5794
-4.58135
-4.58264
-4.58297
-4.58103
-4.58071
-4.58103
-4.58297
-4.58329
-4.58232
-4.58102
-4.58135
-4.58135
-4.58005
-4.58005
-4.5807
-4.58168
-4.58103
-4.58071
-4.58232
-4.57973
-4.582
-4.58103
-4.58135
-4.58232
-4.58297
-4.5833
-4.58297
-4.58265
-4.58329
-4.58167
-4.58329
-4.5807
-4.58005
-4.58231
-4.58166
-4.58166
-4.58037
-4.5807
-4.582
-4.5833
-4.58297
-4.58135
-4.5794
-4.58167
-4.58069
-4.58037
-4.58005
-4.5794
-4.57973
-4.57941
-4.57941
-4.57812
-4.57779
-4.57779
-4.57973
-4.57973
-4.57972
-4.58069
-4.58102
-4.57908
-4.57908
-4.57973
-4.57876
-4.58005
-4.58199
-4.58296
-4.58264
-4.58264
-4.58232
-4.58199
-4.58297
-4.57973
-4.57909
-4.58006
-4.57909
-4.57747
-4.57747
-4.57747
-4.57585
-4.57455
-4.5752
-4.57196
-4.5739
-4.57681
-4.57843
-4.58037
-4.58232
-4.58297
-4.58168
-4.58103
-4.58233
-4.58038
-4.58071
-4.58038
-4.58103
-4.58232
-4.58264
-4.58232
-4.58394
-4.58555
-4.5862
-4.58426
-4.58491
-4.58814
-4.58653
-4.58394
-4.58329
-4.58167
-4.58135
-4.58231
-4.58296
-4.58263
-4.58069
-4.58069
-4.58296
-4.58361
-4.58231
-4.58134
-4.58264
-4.5807
-4.57746
-4.57875
-4.57973
-4.58038
-4.57908
-4.5807
-4.58069
-4.58296
-4.58328
-4.58134
-4.58101
-4.58166
-4.58134
-4.58101
-4.58069
-4.58101
-4.58295
-4.58457
-4.58393
-4.58458
-4.58522
-4.58296
-4.58004
-4.58037
-4.58069
-4.58037
-4.58134
-4.58199
-4.58134
-4.58198
-4.57939
-4.58263
-4.5836
-4.58198
-4.58166
-4.58263
-4.58198
-4.58263
-4.58295
-4.58263
-4.58393
-4.58393
-4.58069
-4.58004
-4.58296
-4.58295
-4.5836
-4.58392
-4.58263
-4.58133
-4.58133
-4.5836
-4.58392
-4.58295
-4.58133
-4.58036
-4.58068
-4.58101
-4.58101
-4.57874
-4.57777
-4.58101
-4.58004
-4.58101
-4.58068
-4.58004
-4.57972
-4.58036
-4.58133
-4.58036
-4.57809
-4.58035
-4.58132
-4.58197
-4.58198
-4.58165
-4.58101
-4.5836
-4.58554
-4.58489
-4.58328
-4.58457
-4.58522
-4.58296
-4.58361
-4.5849
-4.58587
-4.58392
-4.58326
-4.58164
-4.58164
-4.58067
-4.58164
-4.58164
-4.58068
-4.58133
-4.58036
-4.58068
-4.58101
-4.58068
-4.58133
-4.58165
-4.58099
-4.58067
-4.58293
-4.58455
-4.58455
-4.58455
-4.58326
-4.57938
-4.57939
-4.57939
-4.57809
-4.57679
-4.57647
-4.57582
-4.57841
-4.57873
-4.57937
-4.5797
-4.57775
-4.57581
-4.57582
-4.57679
-4.57938
-4.58003
-4.58004
-4.58004
-4.57874
-4.57809
-4.57905
-4.57969
-4.57937
-4.57937
-4.58035
-4.58198
-4.58263
-4.58587
-4.58619
-4.58489
-4.58619
-4.58651
-4.58747
-4.58521
-4.58521
-4.58618
-4.58488
-4.58488
-4.58649
-4.5852
-4.58455
-4.58131
-4.58099
-4.58132
-4.58391
-4.58359
-4.58295
-4.5823
-4.58133
-4.58262
-4.5852
-4.58456
-4.58552
-4.58455
-4.58649
-4.58584
-4.58324
-4.5826
-4.58098
-4.58164
-4.58002
-4.58035
-4.58035
-4.58002
-4.58034
-4.57937
-4.57904
-4.57969
-4.58131
-4.58196
-4.58034
-4.58066
-4.58099
-4.58164
-4.5797
-4.57776
-4.57873
-4.58002
-4.58229
-4.58358
-4.58488
-4.58617
-4.58521
-4.58489
-4.58651
-4.58586
-4.58553
-4.58164
-4.58196
-4.58519
-4.58422
-4.58228
-4.58099
-4.58359
-4.58068
-4.58035
-4.58294
-4.58229
-4.58326
-4.58391
-4.58197
-4.58262
-4.58197
-4.57971
-4.58068
-4.57939
-4.58262
-4.58586
-4.58683
-4.5852
-4.58099
-4.57872
-4.5784
-4.58002
-4.5797
-4.5797
-4.58035
-4.58003
-4.57906
-4.58133
-4.58165
-4.58035
-4.58035
-4.58067
-4.58002
-4.57937
-4.57808
-4.57614
-4.57679
-4.57744
-4.57841
-4.58067
-4.58067
-4.58099
-4.58035
-4.581
-4.58197
-4.58035
-4.57937
-4.58228
-4.58067
-4.58132
-4.58197
-4.58456
-4.58391
-4.58262
-4.581
-4.58003
-4.57776
-4.57938
-4.581
-4.58294
-4.58293
-4.5839
-4.5839
-4.58099
-4.58067
-4.58229
-4.58197
-4.58326
-4.58132
-4.58196
-4.58261
-4.5839
-4.58261
-4.58164
-4.5797
-4.58002
-4.5784
-4.57808
-4.57775
-4.57678
-4.57743
-4.57517
-4.57743
-4.57646
-4.57711
-4.57808
-4.57872
-4.58131
-4.5784
-4.57969
-4.58325
-4.58358
-4.58229
-4.58196
-4.58067
-4.5784
-4.57808
-4.58164
-4.58326
-4.58294
-4.58294
-4.58229
-4.58359
-4.58196
-4.58099
-4.58196
-4.58261
-4.58358
-4.58326
-4.58229
-4.581
-4.58067
-4.57841
-4.57646
-4.57776
-4.5797
-4.5797
-4.58034
-4.58099
-4.58131
-4.58293
-4.58228
-4.58164
-4.58164
-4.58002
-4.58067
-4.5797
-4.58034
-4.57937
-4.58002
-4.57872
-4.5784
-4.5784
-4.5784
-4.57905
-4.5784
-4.5758
-4.5771
-4.57969
-4.57904
-4.5784
-4.58196
-4.58293
-4.58261
-4.58358
-4.58261
-4.58164
-4.5797
-4.58067
-4.58035
-4.58099
-4.57905
-4.57743
-4.57517
-4.57614
-4.57646
-4.5742
-4.57517
-4.57582
-4.57646
-4.57614
-4.57678
-4.57678
-4.57646
-4.57484
-4.57614
-4.57679
-4.57485
-4.5742
-4.57549
-4.57905
-4.58002
-4.58066
-4.58164
-4.58261
-4.58131
-4.58099
-4.58358
-4.58423
-4.58423
-4.58423
-4.58228
-4.57905
-4.58196
-4.58229
-4.581
-4.57971
-4.57905
-4.57937
-4.57872
-4.5784
-4.57872
-4.57937
-4.57711
-4.57614
-4.57679
-4.58003
-4.58197
-4.58359
-4.58327
-4.58456
-4.58488
-4.58455
-4.5839
-4.58358
-4.58294
-4.58262
-4.58197
-4.58489
-4.58489
-4.58489
-4.58392
-4.5865
-4.58488
-4.5852
-4.58585
-4.58617
-4.5852
-4.58553
-4.58488
-4.58682
-4.58553
-4.58488
-4.58197
-4.58197
-4.5797
-4.58099
-4.58164
-4.58164
-4.58358
-4.58521
-4.58391
-4.58585
-4.5839
-4.58228
-4.58163
-4.58261
-4.58552
-4.58456
-4.58391
-4.58197
-4.58035
-4.58002
-4.5784
-4.57808
-4.57872
-4.57743
-4.57904
-4.57872
-4.58066
-4.57937
-4.58066
-4.58001
-4.57937
-4.58099
-4.58261
-4.58035
-4.58067
-4.58067
-4.58035
-4.58099
-4.58326
-4.58358
-4.58553
-4.58391
-4.58261
-4.5797
-4.58132
-4.58229
-4.58293
-4.58293
-4.58294
-4.58165
-4.58132
-4.58165
-4.58003
-4.58003
-4.58326
-4.5839
-4.58358
-4.58262
-4.58392
-4.58295
-4.58327
-4.58198
-4.58327
-4.58262
-4.5823
-4.58165
-4.58132
-4.58067
-4.58261
-4.58294
-4.58196
-4.58067
-4.58165
-4.58262
-4.58068
-4.58133
-4.5823
-4.58166
-4.58457
-4.58522
-4.58133
-4.58036
-4.57939
-4.57907
-4.57939
-4.57971
-4.58004
-4.58068
-4.58035
-4.58067
-4.58035
-4.581
-4.58003
-4.57971
-4.58133
-4.57939
-4.57745
-4.57648
-4.57842
-4.57906
-4.57906
-4.58132
-4.58132
-4.581
-4.57971
-4.581
-4.58133
-4.5823
-4.5849
-4.58425
-4.58457
-4.58457
-4.58295
-4.5836
-4.58392
-4.58392
-4.58295
-4.58133
-4.57809
-4.5755
-4.57486
-4.57421
-4.57389
-4.57615
-4.57906
-4.57873
-4.57808
-4.57776
-4.57776
-4.57906
-4.58068
-4.581
-4.58198
-4.58166
-4.5823
-4.5836
-4.58683
-4.58586
-4.58618
-4.58424
-4.58392
-4.58165
-4.5823
-4.58359
-4.5823
-4.58327
-4.58132
-4.57874
-4.58036
-4.57906
-4.57874
-4.58036
-4.58004
-4.58068
-4.57744
-4.57809
-4.57873
-4.57712
-4.57873
-4.58068
-4.57971
-4.58165
-4.57906
-4.58036
-4.58166
-4.58166
-4.58069
-4.58198
-4.58037
-4.58004
-4.57939
-4.58068
-4.58165
-4.58392
-4.58456
-4.58521
-4.58424
-4.58424
-4.58068
-4.58069
-4.57908
-4.57779
-4.57585
-4.57779
-4.57908
-4.57907
-4.58036
-4.58036
-4.5794
-4.58037
-4.57972
-4.58102
-4.58491
-4.5849
-4.5836
-4.58425
-4.5836
-4.58457
-4.58263
-4.58166
-4.58328
-4.58393
-4.5849
-4.58523
-4.58134
-4.58329
-4.58393
-4.58198
-4.58295
-4.58101
-4.57971
-4.57939
-4.58069
-4.57843
-4.57746
-4.57746
-4.57746
-4.58037
-4.58199
-4.58134
-4.58134
-4.57875
-4.57746
-4.57908
-4.57875
-4.57746
-4.57972
-4.57875
-4.5781
-4.5807
-4.58005
-4.58006
-4.58135
-4.582
-4.58103
-4.57973
-4.582
-4.58135
-4.58265
-4.58232
-4.58232
-4.58232
-4.58297
-4.58329
-4.58328
-4.58102
-4.58297
-4.58233
-4.5833
-4.582
-4.58038
-4.58103
-4.5807
-4.57973
-4.582
-4.58233
-4.582
-4.58394
-4.58394
-4.58394
-4.58654
-4.58556
-4.58524
-4.58589
-4.58491
-4.58394
-4.58459
-4.58492
-4.58557
-4.58623
-4.58526
-4.58493
-4.58687
-4.58493
-4.58525
-4.58265
-4.58201
-4.58201
-4.58168
-4.58233
-4.58233
-4.58233
-4.58201
-4.57942
-4.5791
-4.57878
-4.57942
-4.57942
-4.58104
-4.58006
-4.58103
-4.57844
-4.57682
-4.57844
-4.57909
-4.57812
-4.58038
-4.58135
-4.582
-4.58297
-4.58136
-4.58298
-4.58201
-4.58298
-4.58395
-4.58524
-4.58491
-4.58393
-4.58232
-4.58329
-4.58491
-4.58265
-4.58297
-4.58167
-4.58006
-4.57941
-4.57942
-4.58202
-4.58169
-4.58169
-4.58169
-4.58201
-4.57941
-4.57908
-4.57908
-4.58037
-4.58102
-4.58071
-4.58104
-4.58395
-4.58395
-4.58427
-4.58233
-4.5833
-4.5833
-4.58492
-4.58395
-4.58459
-4.58492
-4.58524
-4.58621
-4.58557
-4.58427
-4.58525
-4.58492
-4.58233
-4.58201
-4.58103
-4.58168
-4.58007
-4.5804
-4.58137
-4.58169
-4.58104
-4.58104
-4.58233
-4.58362
-4.5833
-4.58362
-4.58459
-4.58363
-4.58622
-4.5859
-4.58655
-4.5846
-4.58363
-4.58331
-4.58104
-4.5791
-4.57845
-4.5791
-4.57748
-4.57813
-4.57683
-4.57585
-4.57779
-4.58006
-4.57844
-4.57811
-4.57715
-4.57553
-4.57747
-4.5765
-4.5778
-4.57715
-4.57812
-4.57845
-4.57748
-4.58007
-4.57974
-4.57974
-4.58135
-4.58232
-4.58199
-4.58005
-4.58005
-4.58168
-4.58104
-4.5804
-4.58105
-4.58072
-4.58169
-4.58006
-4.58006
-4.58006
-4.58071
-4.57909
-4.57845
-4.57684
-4.5762
-4.57393
-4.57619
-4.57652
-4.5791
-4.57974
-4.58265
-4.58362
-4.58557
-4.58524
-4.5833
-4.58201
-4.58266
-4.5833
-4.58168
-4.58039
-4.58006
-4.57812
-4.57844
-4.58103
-4.58233
-4.58136
-4.58168
-4.58298
-4.58233
-4.58363
-4.58395
-4.58363
-4.58298
-4.58331
-4.58396
-4.5804
-4.57878
-4.58105
-4.57845
-4.57683
-4.57619
-4.57554
-4.57748
-4.57942
-4.57813
-4.58072
-4.58169
-4.58298
-4.58234
-4.58234
-4.58169
-4.58105
-4.5804
-4.57878
-4.58007
-4.58104
-4.58039
-4.58072
-4.57942
-4.57749
-4.57684
-4.58008
-4.58105
-4.58104
-4.57942
-4.57812
-4.57747
-4.57585
-4.57715
-4.57749
-4.57911
-4.57879
-4.57944
-4.5817
-4.58137
-4.58266
-4.58168
-4.5807
-4.58006
-4.57941
-4.58039
-4.58168
-4.58266
-4.58266
-4.58331
-4.58331
-4.58105
-4.57845
-4.57749
-4.57813
-4.5791
-4.58104
-4.57845
-4.58007
-4.58104
-4.58201
-4.58039
-4.57878
-4.5791
-4.57877
-4.57748
-4.57812
-4.57812
-4.57618
-4.57554
-4.57618
-4.57845
-4.57942
-4.5791
-4.5791
-4.57846
-4.58007
-4.5778
-4.57715
-4.57845
-4.58072
-4.58104
-4.58169
-4.58169
-4.57845
-4.57586
-4.57748
-4.57748
-4.57943
-4.58105
-4.58202
-4.58396
-4.58558
-4.58622
-4.58298
-4.58266
-4.58234
-4.58396
-4.58429
-4.58396
-4.58332
-4.58396
-4.58332
-4.58396
-4.58525
-4.58299
-4.58169
-4.58202
-4.5817
-4.5817
-4.58105
-4.58331
-4.58137
-4.58234
-4.58201
-4.58201
-4.58104
-4.58039
-4.58105
-4.5804
-4.58105
-4.57911
-4.57879
-4.58106
-4.58106
-4.5817
-4.58202
-4.58137
-4.58105
-4.57813
-4.57812
-4.57715
-4.5778
-4.58006
-4.57877
-4.5804
-4.58202
-4.583
-4.58397
-4.58527
-4.58462
-4.58462
-4.58268
-4.58073
-4.57846
-4.57782
-4.57619
-4.57846
-4.57846
-4.57781
-4.57975
-4.583
-4.58332
-4.58203
-4.583
-4.58203
-4.583
-4.58365
-4.58235
-4.5804
-4.57879
-4.57943
-4.58267
-4.58105
-4.58008
-4.58234
-4.58234
-4.58299
-4.58364
-4.58332
-4.583
-4.58267
-4.58462
-4.5817
-4.58137
-4.58169
-4.58136
-4.58169
-4.58137
-4.58073
-4.5817
-4.58235
-4.58138
-4.58106
-4.58105
-4.5804
-4.57975
-4.58137
-4.58104
-4.58234
-4.58169
-4.58104
-4.58008
-4.57976
-4.57814
-4.57814
-4.57619
-4.57587
-4.57684
-4.57716
-4.57425
-4.57489
-4.57295
-4.57586
-4.57619
-4.57942
-4.58201
-4.58233
-4.58298
-4.58169
-4.58266
-4.58266
-4.58298
-4.58104
-4.58201
-4.58265
-4.58362
-4.58525
-4.58234
-4.58396
-4.58202
-4.58039
-4.58039
-4.58039
-4.58007
-4.58039
-4.58007
-4.58202
-4.58202
-4.58396
-4.58299
-4.58104
-4.57975
-4.58137
-4.5817
-4.5817
-4.5817
-4.57976
-4.57976
-4.58008
-4.57813
-4.5778
-4.58072
-4.57845
-4.57974
-4.57845
-4.57781
-4.5791
-4.57716
-4.57716
-4.57878
-4.5762
-4.57781
-4.57813
-4.57586
-4.57618
-4.57682
-4.57715
-4.57813
-4.57813
-4.58105
-4.5817
-4.58332
-4.58397
-4.58364
-4.58267
-4.58331
-4.58202
-4.5804
-4.57975
-4.57943
-4.57975
-4.58072
-4.58007
-4.58201
-4.58072
-4.58234
-4.58039
-4.57974
-4.57909
-4.57845
-4.57845
-4.57716
-4.57845
-4.57943
-4.5791
-4.57846
-4.57878
-4.5804
-4.57813
-4.57909
-4.57812
-4.57812
-4.57488
-4.57521
-4.57359
-4.57165
-4.57295
-4.57262
-4.5723
-4.57229
-4.57358
-4.57164
-4.57229
-4.57391
-4.57391
-4.5765
-4.5765
-4.57909
-4.58071
-4.5778
-4.57748
-4.57748
-4.5778
-4.58104
-4.58039
-4.57909
-4.57844
-4.58136
-4.58201
-4.58395
-4.58395
-4.58298
-4.58168
-4.57974
-4.57942
-4.58072
-4.58137
-4.57975
-4.58072
-4.58039
-4.58072
-4.58007
-4.58039
-4.58039
-4.58039
-4.58072
-4.5804
-4.58105
-4.58234
-4.58299
-4.58202
-4.58007
-4.58137
-4.58137
-4.58072
-4.58072
-4.58072
-4.58071
-4.58201
-4.58428
-4.58202
-4.58332
-4.58299
-4.5817
-4.58331
-4.58137
-4.58331
-4.58396
-4.58493
-4.58363
-4.58331
-4.58136
-4.58136
-4.57975
-4.58072
-4.58137
-4.58072
-4.58104
-4.57878
-4.57943
-4.58072
-4.57943
-4.57749
-4.57846
-4.57943
-4.57716
-4.57457
-4.57651
-4.57683
-4.5791
-4.57716
-4.57975
-4.5804
-4.57814
-4.58073
-4.58073
-4.58105
-4.58072
-4.58299
-4.58201
-4.57878
-4.58007
-4.57911
-4.58008
-4.58008
-4.58267
-4.58266
-4.58104
-4.58071
-4.58039
-4.58103
-4.58071
-4.57974
-4.5791
-4.57748
-4.57975
-4.57942
-4.57748
-4.57844
-4.57941
-4.57941
-4.58103
-4.57973
-4.58265
-4.58168
-4.58201
-4.58071
-4.58201
-4.58136
-4.58136
-4.58104
-4.58169
-4.58266
-4.58072
-4.58169
-4.58104
-4.58071
-4.58006
-4.5794
-4.57843
-4.58038
-4.58006
-4.57942
-4.58234
-4.58234
-4.58395
-4.58557
-4.58492
-4.58654
-4.5846
-4.5833
-4.58071
-4.58007
-4.58104
-4.58039
-4.57877
-4.57941
-4.58038
-4.58005
-4.58038
-4.58103
-4.58135
-4.58135
-4.582
-4.58297
-4.58103
-4.58135
-4.58006
-4.57876
-4.57909
-4.58007
-4.58072
-4.58137
-4.58137
-4.58299
-4.58234
-4.58266
-4.58201
-4.58428
-4.5859
-4.58654
-4.58622
-4.58493
-4.58493
-4.5859
-4.58494
-4.58494
-4.58364
-4.58331
-4.58202
-4.58267
-4.58105
-4.5817
-4.58365
-4.58332
-4.58203
-4.58267
-4.57878
-4.57878
-4.57942
-4.57651
-4.57618
-4.57715
-4.57715
-4.58039
-4.58072
-4.5804
-4.57813
-4.57911
-4.58138
-4.58073
-4.58202
-4.5817
-4.58364
-4.58397
-4.58299
-4.58169
-4.5804
-4.57943
-4.57845
-4.5791
-4.5778
-4.57845
-4.57846
-4.57975
-4.58073
-4.58235
-4.58137
-4.58299
-4.58364
-4.5872
-4.5859
-4.58428
-4.5846
-4.58201
-4.58201
-4.58427
-4.58589
-4.58719
-4.58557
-4.58622
-4.58493
-4.58363
-4.58363
-4.58363
-4.58265
-4.58071
-4.58168
-4.58233
-4.58201
-4.58136
-4.57942
-4.57878
-4.58137
-4.58331
-4.5846
-4.5846
-4.58362
-4.58362
-4.58071
-4.58038
-4.58039
-4.58071
-4.58201
-4.58363
-4.58299
-4.58428
-4.58331
-4.58072
-4.58072
-4.58136
-4.58265
-4.58168
-4.5833
-4.58201
-4.58299
-4.58396
-4.58363
-4.58363
-4.58363
-4.58233
-4.58168
-4.58136
-4.58072
-4.58364
-4.58396
-4.58299
-4.58202
-4.58299
-4.58266
-4.58362
-4.58362
-4.58588
-4.58621
-4.58654
-4.58557
-4.58493
-4.58428
-4.58234
-4.58557
-4.58622
-4.58492
-4.58525
-4.58395
-4.58427
-4.58265
-4.58233
-4.57941
-4.58038
-4.58168
-4.5833
-4.58232
-4.58167
-4.582
-4.58265
-4.58136
-4.57974
-4.57909
-4.57909
-4.57877
-4.57876
-4.57941
-4.57617
-4.57618
-4.5778
-4.57813
-4.58299
-4.58234
-4.58655
-4.58655
-4.58688
-4.58882
-4.58752
-4.58396
-4.58493
-4.58525
-4.58298
-4.58201
-4.58104
-4.58104
-4.58072
-4.58169
-4.58266
-4.58267
-4.58234
-4.58008
-4.57975
-4.5804
-4.58104
-4.58136
-4.5833
-4.5807
-4.58071
-4.58233
-4.58363
-4.58299
-4.58235
-4.58397
-4.583
-4.58138
-4.58105
-4.5791
-4.57975
-4.57845
-4.5804
-4.57976
-4.58267
-4.58332
-4.58235
-4.58171
-4.58138
-4.58171
-4.58235
-4.58267
-4.5817
-4.58137
-4.5804
-4.58202
-4.57846
-4.57976
-4.57846
-4.57845
-4.57845
-4.57747
-4.57877
-4.57813
-4.58008
-4.58073
-4.57944
-4.57815
-4.57847
-4.57749
-4.57781
-4.57878
-4.58007
-4.57877
-4.57748
-4.57975
-4.5804
-4.58234
-4.58234
-4.58526
-4.58429
-4.58105
-4.58072
-4.58008
-4.57781
-4.57684
-4.57555
-4.57619
-4.57846
-4.57975
-4.5817
-4.58332
-4.58364
-4.58364
-4.58591
-4.58363
-4.5846
-4.58363
-4.58396
-4.58267
-4.5817
-4.58009
-4.58138
-4.58106
-4.58009
-4.58138
-4.58106
-4.583
-4.58494
-4.58493
-4.58396
-4.58137
-4.57911
-4.57846
-4.57781
-4.57814
-4.57911
-4.57911
-4.58073
-4.58073
-4.58138
-4.58462
-4.58268
-4.583
-4.583
-4.58364
-4.58526
-4.58461
-4.58461
-4.58364
-4.58364
-4.58137
-4.57846
-4.57846
-4.57717
-4.5749
-4.57426
-4.5762
-4.57911
-4.57748
-4.57619
-4.57716
-4.57814
-4.57814
-4.57684
-4.57781
-4.57878
-4.58299
-4.58429
-4.58558
-4.58396
-4.58202
-4.58073
-4.58299
-4.58299
-4.58299
-4.58235
-4.58137
-4.58073
-4.58137
-4.57975
-4.57975
-4.57911
-4.57943
-4.57976
-4.57717
-4.57815
-4.57912
-4.57782
-4.58009
-4.58397
-4.58526
-4.58332
-4.58364
-4.58235
-4.58364
-4.58203
-4.58171
-4.58041
-4.57977
-4.57976
-4.57782
-4.57814
-4.58041
-4.58074
-4.57977
-4.58009
-4.58009
-4.57943
-4.57943
-4.57846
-4.57845
-4.57878
-4.57716
-4.57716
-4.57975
-4.58234
-4.58429
-4.58396
-4.58429
-4.58397
-4.583
-4.58332
-4.58494
-4.58396
-4.58493
-4.58526
-4.58234
-4.58234
-4.5804
-4.58202
-4.58234
-4.58169
-4.58072
-4.58169
-4.58169
-4.58105
-4.5804
-4.57912
-4.57847
-4.57945
-4.58204
-4.58236
-4.58333
-4.583
-4.58105
-4.5817
-4.58235
-4.58364
-4.58202
-4.58331
-4.58169
-4.5804
-4.57846
-4.57814
-4.57685
-4.57879
-4.57911
-4.58105
-4.57911
-4.58008
-4.57846
-4.57976
-4.57813
-4.57813
-4.57814
-4.58008
-4.58137
-4.57943
-4.5791
-4.5804
-4.58073
-4.57943
-4.57911
-4.57911
-4.57813
-4.57878
-4.58105
-4.57814
-4.57846
-4.58138
-4.58364
-4.58267
-4.58332
-4.58493
-4.58492
-4.58136
-4.58039
-4.58039
-4.58072
-4.58105
-4.58008
-4.58008
-4.57943
-4.57976
-4.57943
-4.58106
-4.58009
-4.58074
-4.58041
-4.5817
-4.58202
-4.58137
-4.58395
-4.58363
-4.58331
-4.58008
-4.57814
-4.57619
-4.57393
-4.57198
-4.57295
-4.57554
-4.57716
-4.57748
-4.57748
-4.57683
-4.57619
-4.57748
-4.57878
-4.57911
-4.57846
-4.5791
-4.5804
-4.58137
-4.58169
-4.58039
-4.58072
-4.58363
-4.58266
-4.58072
-4.58007
-4.57943
-4.58105
-4.58396
-4.58299
-4.58461
-4.58428
-4.58331
-4.58169
-4.58267
-4.5817
-4.58138
-4.58202
-4.58364
-4.58396
-4.58493
-4.58493
-4.58201
-4.58104
-4.5804
-4.57976
-4.57943
-4.58073
-4.57879
-4.57814
-4.57879
-4.58008
-4.58072
-4.58007
-4.57975
-4.5791
-4.57974
-4.57974
-4.57942
-4.58039
-4.57942
-4.58039
-4.58169
-4.58267
-4.58332
-4.58494
-4.58494
-4.58429
-4.58202
-4.58169
-4.57942
-4.58103
-4.58071
-4.58136
-4.57943
-4.58137
-4.57976
-4.58137
-4.57975
-4.57943
-4.57975
-4.57878
-4.58072
-4.58008
-4.58072
-4.57878
-4.5817
-4.58105
-4.58137
-4.58137
-4.58008
-4.57781
-4.57976
-4.57944
-4.57846
-4.57879
-4.57846
-4.57846
-4.57781
-4.57716
-4.57652
-4.57554
-4.57619
-4.57652
-4.57814
-4.57911
-4.5817
-4.58235
-4.58235
-4.58073
-4.5791
-4.57943
-4.57781
-4.57878
-4.58073
-4.5804
-4.58138
-4.58137
-4.58105
-4.58266
-4.58072
-4.58104
-4.57943
-4.57878
-4.58137
-4.58266
-4.58266
-4.58169
-4.58202
-4.58202
-4.57846
-4.57749
-4.57749
-4.57846
-4.57975
-4.58007
-4.58169
-4.58103
-4.57974
-4.5778
-4.57845
-4.57975
-4.58169
-4.58169
-4.58201
-4.58622
-4.58557
-4.58396
-4.58234
-4.58395
-4.58363
-4.5846
-4.58493
-4.58427
-4.58394
-4.58265
-4.582
-4.58136
-4.58071
-4.57942
-4.57845
-4.57812
-4.57812
-4.57715
-4.57747
-4.58005
-4.58134
-4.58264
-4.58361
-4.58264
-4.58361
-4.58491
-4.58491
-4.58427
-4.5833
-4.58135
-4.58135
-4.58135
-4.58296
-4.58426
-4.58393
-4.58361
-4.58168
-4.582
-4.58232
-4.58168
-4.58103
-4.5807
-4.58038
-4.57973
-4.57908
-4.57876
-4.57908
-4.57843
-4.57487
-4.57617
-4.57617
-4.57843
-4.57551
-4.57551
-4.57713
-4.57584
-4.57778
-4.57973
-4.582
-4.582
-4.58427
-4.58395
-4.58492
-4.58492
-4.58589
-4.58459
-4.58394
-4.58361
-4.58361
-4.58459
-4.58491
-4.58556
-4.58653
-4.58848
-4.58589
-4.58589
-4.58589
-4.58427
-4.58265
-4.58103
-4.58038
-4.57973
-4.58232
-4.58168
-4.58168
-4.57973
-4.57974
-4.58168
-4.5833
-4.58363
-4.58427
-4.5833
-4.58298
-4.58493
-4.58396
-4.58395
-4.58524
-4.58589
-4.58848
-4.58848
-4.58751
-4.58557
-4.58428
-4.58299
-4.58105
-4.58267
-4.58202
-4.58039
-4.57909
-4.58038
-4.5807
-4.58038
-4.57942
-4.57975
-4.58072
-4.58234
-4.58233
-4.58298
-4.5833
-4.58492
-4.58395
-4.58331
-4.58396
-4.58332
-4.58396
-4.58267
-4.58234
-4.5804
-4.57975
-4.57844
-4.57844
-4.57779
-4.57812
-4.57747
-4.58007
-4.57845
-4.57651
-4.5778
-4.57941
-4.57941
-4.57973
-4.5807
-4.582
-4.57941
-4.58168
-4.58039
-4.57844
-4.57877
-4.58104
-4.58007
-4.5791
-4.57813
-4.57781
-4.57878
-4.57974
-4.58103
-4.57909
-4.57876
-4.57811
-4.57908
-4.57812
-4.58006
-4.57909
-4.57747
-4.57877
-4.57845
-4.58136
-4.58104
-4.58104
-4.58169
-4.58071
-4.57941
-4.57876
-4.58005
-4.57908
-4.58006
-4.58168
-4.58006
-4.58039
-4.57942
-4.58071
-4.58168
-4.58103
-4.57876
-4.57714
-4.57811
-4.57811
-4.57941
-4.58103
-4.58168
-4.582
-4.58233
-4.58168
-4.58135
-4.58071
-4.5807
-4.58362
-4.58394
-4.58167
-4.58361
-4.58491
-4.58588
-4.58556
-4.58361
-4.582
-4.58232
-4.58135
-4.58297
-4.58265
-4.58427
-4.58297
-4.58265
-4.58167
-4.58232
-4.58264
-4.58264
-4.58297
-4.58492
-4.58395
-4.5833
-4.58298
-4.58071
-4.58168
-4.58135
-4.58071
-4.58136
-4.58039
-4.57942
-4.57877
-4.57812
-4.58006
-4.57779
-4.57714
-4.57909
-4.57779
-4.57715
-4.57682
-4.57877
-4.58233
-4.58265
-4.58362
-4.58298
-4.5846
-4.5846
-4.58428
-4.5846
-4.58427
-4.58233
-4.58039
-4.58104
-4.58071
-4.57974
-4.57877
-4.57942
-4.57877
-4.57974
-4.57941
-4.58006
-4.58102
-4.58038
-4.5807
-4.58037
-4.5794
-4.58167
-4.58102
-4.58135
-4.58232
-4.58201
-4.58395
-4.58428
-4.58622
-4.58653
-4.58556
-4.58555
-4.58361
-4.58329
-4.58135
-4.58006
-4.58233
-4.58297
-4.58362
-4.58264
-4.58232
-4.58005
-4.58296
-4.58587
-4.58587
-4.58782
-4.58685
-4.58556
-4.58556
-4.58459
-4.58427
-4.58297
-4.58167
-4.58265
-4.58329
-4.58329
-4.58394
-4.58459
-4.58264
-4.58361
-4.58134
-4.58231
-4.58004
-4.58037
-4.57907
-4.5781
-4.57778
-4.57811
-4.57779
-4.57585
-4.57553
-4.57715
-4.57811
-4.57875
-4.57972
-4.58068
-4.58133
-4.58165
-4.57874
-4.58004
-4.58004
-4.58166
-4.58134
-4.58005
-4.58134
-4.58134
-4.57939
-4.57939
-4.5823
-4.58101
-4.58004
-4.57972
-4.58037
-4.58004
-4.57842
-4.57842
-4.58165
-4.5823
-4.58165
-4.5823
-4.58424
-4.58165
-4.58166
-4.58069
-4.58198
-4.58133
-4.58166
-4.58004
-4.58198
-4.58101
-4.58134
-4.58361
-4.58199
-4.57972
-4.58101
-4.57971
-4.58004
-4.58069
-4.5836
-4.58457
-4.58328
-4.58134
-4.58166
-4.58069
-4.57875
-4.57778
-4.5768
-4.57485
-4.57615
-4.57647
-4.57809
-4.57938
-4.57809
-4.5781
-4.57486
-4.57551
-4.57713
-4.57907
-4.57842
-4.57939
-4.57874
-4.58068
-4.58262
-4.58392
-4.58554
-4.58587
-4.5836
-4.58328
-4.58295
-4.58425
-4.58198
-4.58068
-4.58165
-4.58197
-4.58294
-4.58521
-4.58488
-4.58359
-4.58262
-4.58099
-4.58197
-4.58035
-4.58068
-4.58198
-4.58133
-4.58198
-4.58165
-4.58166
-4.58133
-4.58036
-4.57841
-4.57808
-4.5784
-4.57775
-4.57808
-4.57613
-4.57775
-4.57678
-4.57581
-4.57679
-4.57581
-4.57711
-4.57678
-4.57711
-4.5784
-4.57776
-4.58035
-4.58132
-4.58326
-4.58164
-4.58164
-4.58164
-4.58066
-4.57872
-4.58066
-4.58164
-4.58067
-4.58099
-4.57873
-4.58034
-4.58164
-4.58067
-4.57905
-4.581
-4.58035
-4.58035
-4.58002
-4.57905
-4.57742
-4.58034
-4.57743
-4.58035
-4.58068
-4.5836
-4.58522
-4.58554
-4.58327
-4.58165
-4.58165
-4.58002
-4.57938
-4.5784
-4.5797
-4.57808
-4.57906
-4.57873
-4.57938
-4.57905
-4.5797
-4.58003
-4.58003
-4.58165
-4.58133
-4.58165
-4.58132
-4.58229
-4.58132
-4.58196
-4.58293
-4.58228
-4.58325
-4.58099
-4.58067
-4.58132
-4.57971
-4.57744
-4.57647
-4.57614
-4.57615
-4.57647
-4.57583
-4.57874
-4.58068
-4.5823
-4.57971
-4.58068
-4.58068
-4.58262
-4.581
-4.5823
-4.58165
-4.581
-4.581
-4.58165
-4.58197
-4.58036
-4.5823
-4.58198
-4.58295
-4.58231
-4.58652
-4.58458
-4.5849
-4.5836
-4.58457
-4.5836
-4.58489
-4.58586
-4.58586
-4.58618
-4.58715
-4.58489
-4.58424
-4.58651
-4.58586
-4.58522
-4.58328
-4.58198
-4.5823
-4.5823
-4.58262
-4.58359
-4.58359
-4.58391
-4.58326
-4.58359
-4.58359
-4.58391
-4.58391
-4.58327
-4.5823
-4.58262
-4.5823
-4.58069
-4.58036
-4.58004
-4.57971
-4.57906
-4.58036
-4.581
-4.58068
-4.57906
-4.57776
-4.57744
-4.57776
-4.57582
-4.57712
-4.57647
-4.57614
-4.57938
-4.58036
-4.58003
-4.58165
-4.58036
-4.58165
-4.581
-4.58198
-4.58263
-4.58425
-4.58134
-4.5807
-4.58005
-4.57907
-4.57777
-4.57549
-4.57678
-4.57711
-4.57614
-4.57745
-4.57972
-4.58166
-4.58134
-4.58231
-4.58134
-4.58264
-4.58102
-4.58134
-4.58068
-4.581
-4.58132
-4.58165
-4.58133
-4.58133
-4.5836
-4.58133
-4.58004
-4.57842
-4.57777
-4.57778
-4.57939
-4.58036
-4.58133
-4.58198
-4.58328
-4.58166
-4.58231
-4.5823
-4.58327
-4.58294
-4.57938
-4.57873
-4.57808
-4.57905
-4.57679
-4.57744
-4.57712
-4.57551
-4.57551
-4.57551
-4.57582
-4.57614
-4.57549
-4.57646
-4.57711
-4.57906
-4.57938
-4.57647
-4.57744
-4.57744
-4.58068
-4.58295
-4.58199
-4.58199
-4.58005
-4.58102
-4.58199
-4.58134
-4.58231
-4.58263
-4.58069
-4.58069
-4.58133
-4.58296
-4.58393
-4.58231
-4.58134
-4.58037
-4.58069
-4.58166
-4.58555
-4.5849
-4.58522
-4.5823
-4.5823
-4.58295
-4.58327
-4.5823
-4.58263
-4.58166
-4.58133
-4.58295
-4.58328
-4.58263
-4.5849
-4.58295
-4.58101
-4.57939
-4.58198
-4.58198
-4.58295
-4.5823
-4.58262
-4.5823
-4.58166
-4.58068
-4.5823
-4.58263
-4.58489
-4.58522
-4.58587
-4.5849
-4.58425
-4.58393
-4.58296
-4.58166
-4.58295
-4.58295
-4.58166
-4.58198
-4.58004
-4.5823
-4.58392
-4.58619
-4.58619
-4.5836
-4.58327
-4.58327
-4.58262
-4.58262
-4.581
-4.58068
-4.58036
-4.58069
-4.58263
-4.58263
-4.58457
-4.58327
-4.58521
-4.58585
-4.58649
-4.58681
-4.58617
-4.58293
-4.58164
-4.58165
-4.58198
-4.58036
-4.5781
-4.57583
-4.57648
-4.57648
-4.57777
-4.57907
-4.5781
-4.57809
-4.57615
-4.57582
-4.5784
-4.57937
-4.58002
-4.58198
-4.58328
-4.5849
-4.58587
-4.5836
-4.5823
-4.58068
-4.58263
-4.5836
-4.58392
-4.58262
-4.58262
-4.58456
-4.58586
-4.58392
-4.58392
-4.58328
-4.58264
-4.58361
-4.58167
-4.58069
-4.58036
-4.58166
-4.58457
-4.58359
-4.58165
-4.58099
-4.58229
-4.58262
-4.58197
-4.58328
-4.58328
-4.58587
-4.58393
-4.58328
-4.58296
-4.58457
-4.58522
-4.58781
-4.58489
-4.58327
-4.58457
-4.58328
-4.58166
-4.58198
-4.58132
-4.58132
-4.58294
-4.58197
-4.58165
-4.58069
-4.58069
-4.58004
-4.58101
-4.57971
-4.57873
-4.57743
-4.57614
-4.5768
-4.57518
-4.57713
-4.57778
-4.57745
-4.57777
-4.57907
-4.58101
-4.57971
-4.57809
-4.57906
-4.57938
-4.57938
-4.57776
-4.57679
-4.57615
-4.57744
-4.57679
-4.57776
-4.58068
-4.58035
-4.58165
-4.58328
-4.58393
-4.58263
-4.58198
-4.58295
-4.58327
-4.58359
-4.58358
-4.58423
-4.58456
-4.58359
-4.58327
-4.58327
-4.5836
-4.58199
-4.58102
-4.58232
-4.5807
-4.57907
-4.57972
-4.57842
-4.57938
-4.58003
-4.58068
-4.58068
-4.5823
-4.57971
-4.57906
-4.57971
-4.58069
-4.57972
-4.5794
-4.57648
-4.57681
-4.57842
-4.57939
-4.58101
-4.58198
-4.58133
-4.58101
-4.58424
-4.58327
-4.57906
-4.57777
-4.57874
-4.58004
-4.58036
-4.57875
-4.57745
-4.57713
-4.57841
-4.57938
-4.58002
-4.58067
-4.58229
-4.58067
-4.58132
-4.58197
-4.58294
-4.58359
-4.58359
-4.58521
-4.58424
-4.5836
-4.5823
-4.58263
-4.58133
-4.58165
-4.5797
-4.57873
-4.58002
-4.58067
-4.58067
-4.58003
-4.581
-4.57971
-4.57712
-4.57291
-4.57129
-4.57323
-4.57452
-4.57517
-4.57549
-4.57711
-4.57841
-4.57938
-4.57938
-4.58068
-4.57971
-4.58133
-4.58197
-4.58165
-4.58197
-4.58456
-4.58424
-4.58358
-4.58553
-4.58488
-4.58521
-4.58424
-4.58489
-4.5836
-4.58424
-4.58521
-4.58618
-4.58521
-4.58262
-4.58327
-4.58068
-4.57744
-4.57777
-4.57874
-4.57842
-4.5781
-4.58036
-4.58069
-4.58069
-4.58231
-4.57971
-4.57712
-4.57614
-4.57581
-4.57711
-4.58002
-4.58133
-4.58295
-4.58328
-4.58329
-4.58102
-4.58069
-4.58392
-4.58295
-4.58197
-4.581
-4.57938
-4.58132
-4.5823
-4.58392
-4.58683
-4.58586
-4.58619
-4.58393
-4.58361
-4.58329
-4.58393
-4.58296
-4.58263
-4.58036
-4.58132
-4.58164
-4.58261
-4.58488
-4.58489
-4.58457
-4.58328
-4.58329
-4.58135
-4.5807
-4.58135
-4.58231
-4.58069
-4.58101
-4.58166
-4.58263
-4.58198
-4.58165
-4.58327
-4.57874
-4.58101
-4.58069
-4.58037
-4.58199
-4.58264
-4.58328
-4.58327
-4.58295
-4.58262
-4.58133
-4.58262
-4.58586
-4.58521
-4.58457
-4.58457
-4.58197
-4.58262
-4.58327
-4.5823
-4.58262
-4.58067
-4.57873
-4.57873
-4.58003
-4.57971
-4.58036
-4.57971
-4.57971
-4.58003
-4.58132
-4.58002
-4.58001
-4.58066
-4.57968
-4.58098
-4.58098
-4.58293
-4.58164
-4.58066
-4.57905
-4.57905
-4.58067
-4.58294
-4.58294
-4.58391
-4.58715
-4.58585
-4.58391
-4.58391
-4.58391
-4.58455
-4.58325
-4.58163
-4.58066
-4.57937
-4.58002
-4.58002
-4.58099
-4.5797
-4.57905
-4.58003
-4.58035
-4.58165
-4.581
-4.58229
-4.58229
-4.58326
-4.58359
-4.58262
-4.58133
-4.5823
-4.58067
-4.5797
-4.58261
-4.58132
-4.58197
-4.58359
-4.5823
-4.58036
-4.58101
-4.58166
-4.5836
-4.58263
-4.58197
-4.58067
-4.58164
-4.58067
-4.58067
-4.58229
-4.58164
-4.58327
-4.58165
-4.58166
-4.58133
-4.58134
-4.58167
-4.58199
-4.57972
-4.58134
-4.58037
-4.58166
-4.58165
-4.5823
-4.58263
-4.58101
-4.5836
-4.58295
-4.58231
-4.58198
-4.58101
-4.57971
-4.57874
-4.57907
-4.58004
-4.58165
-4.58133
-4.58036
-4.58231
-4.58296
-4.58328
-4.58327
-4.5823
-4.58295
-4.58134
-4.58069
-4.58134
-4.58491
-4.58491
-4.5849
-4.58555
-4.58619
-4.58457
-4.58425
-4.58295
-4.5823
-4.58231
-4.58393
-4.58295
-4.58489
-4.58198
-4.58036
-4.57744
-4.57874
-4.58134
-4.58069
-4.57972
-4.58037
-4.58037
-4.58036
-4.58198
-4.5823
-4.581
-4.581
-4.57841
-4.57906
-4.57939
-4.58166
-4.58167
-4.5807
-4.58297
-4.58135
-4.5833
-4.58329
-4.58297
-4.58232
-4.58556
-4.58523
-4.58684
-4.58684
-4.58652
-4.58555
-4.5862
-4.58361
-4.58329
-4.58231
-4.58038
-4.57876
-4.57973
-4.58006
-4.58168
-4.58362
-4.58459
-4.58686
-4.58524
-4.58426
-4.58361
-4.58459
-4.58686
-4.58621
-4.58654
-4.58686
-4.58589
-4.58589
-4.58686
-4.58523
-4.58329
-4.58199
-4.58328
-4.5794
-4.57778
-4.57713
-4.58005
-4.58005
-4.57973
-4.58005
-4.58038
-4.58167
-4.58296
-4.58361
-4.58167
-4.58264
-4.58263
-4.58393
-4.58296
-4.58135
-4.58167
-4.582
-4.5807
-4.58135
-4.58232
-4.58329
-4.58199
-4.58166
-4.58101
-4.58166
-4.58296
-4.58198
-4.58231
-4.58393
-4.58491
-4.58394
-4.58491
-4.58264
-4.58167
-4.58167
-4.58102
-4.58232
-4.58134
-4.5823
-4.58295
-4.58198
-4.58069
-4.58199
-4.57972
-4.58005
-4.5794
-4.57714
-4.57811
-4.5794
-4.57875
-4.5807
-4.58199
-4.58134
-4.57842
-4.58004
-4.57939
-4.58036
-4.58295
-4.58068
-4.58295
-4.58101
-4.58166
-4.58361
-4.58523
-4.58556
-4.58685
-4.58361
-4.58264
-4.58329
-4.58361
-4.58199
-4.58231
-4.57971
-4.58036
-4.5823
-4.5836
-4.58393
-4.58328
-4.58361
-4.58231
-4.58166
-4.58231
-4.58231
-4.58166
-4.58166
-4.58166
-4.57939
-4.57907
-4.57971
-4.57939
-4.58004
-4.57875
-4.57875
-4.57778
-4.5781
-4.57907
-4.57939
-4.57907
-4.57874
-4.57777
-4.5781
-4.57777
-4.5781
-4.57907
-4.57745
-4.57875
-4.57907
-4.58101
-4.58296
-4.58166
-4.58263
-4.58263
-4.5836
-4.58166
-4.58263
-4.58231
-4.58166
-4.58328
-4.58166
-4.58263
-4.58263
-4.58198
-4.58101
-4.58036
-4.58036
-4.58037
-4.58102
-4.58134
-4.57875
-4.57875
-4.57907
-4.57777
-4.5781
-4.57745
-4.57778
-4.57907
-4.57714
-4.58005
-4.57973
-4.57908
-4.58036
-4.57874
-4.57809
-4.58101
-4.58263
-4.58231
-4.58329
-4.58329
-4.58329
-4.58102
-4.58328
-4.58328
-4.58296
-4.58134
-4.58069
-4.57972
-4.58037
-4.58134
-4.58004
-4.57972
-4.57939
-4.58198
-4.57907
-4.5781
-4.57939
-4.58037
-4.57875
-4.57778
-4.57746
-4.57648
-4.57778
-4.57907
-4.57777
-4.57777
-4.57939
-4.58004
-4.58069
-4.58069
-4.58036
-4.58101
-4.58587
-4.58749
-4.58717
-4.58685
-4.58879
-4.58912
-4.58847
-4.58815
-4.58815
-4.58816
-4.58524
-4.5846
-4.58492
-4.58459
-4.58264
-4.58231
-4.57874
-4.57583
-4.57422
-4.5739
-4.57552
-4.5752
-4.57553
-4.57684
-4.57813
-4.57845
-4.5765
-4.57681
-4.5794
-4.57908
-4.5807
-4.5794
-4.58005
-4.58135
-4.58297
-4.582
-4.58168
-4.58233
-4.58265
-4.58298
-4.58136
-4.58168
-4.58265
-4.58394
-4.58328
-4.58069
-4.58393
-4.58199
-4.58264
-4.58362
-4.58265
-4.58038
-4.58006
-4.582
-4.58168
-4.58135
-4.58264
-4.58459
-4.58556
-4.58653
-4.58621
-4.58718
-4.5888
-4.58815
-4.5846
-4.58298
-4.58169
-4.58169
-4.58136
-4.58006
-4.58038
-4.57746
-4.57745
-4.57842
-4.57907
-4.57972
-4.57875
-4.57876
-4.57844
-4.57941
-4.57715
-4.57585
-4.5752
-4.57488
-4.57262
-4.57326
-4.57326
-4.57488
-4.57455
-4.57487
-4.57422
-4.57325
-4.57519
-4.57875
-4.57908
-4.57778
-4.57714
-4.57844
-4.58006
-4.57974
-4.57974
-4.57748
-4.57812
-4.5778
-4.57909
-4.58103
-4.58233
-4.58427
-4.58297
-4.58589
-4.58459
-4.5833
-4.58233
-4.58232
-4.58329
-4.58393
-4.58264
-4.58393
-4.582
-4.58071
-4.58168
-4.58298
-4.58104
-4.58168
-4.58233
-4.57973
-4.57875
-4.58102
-4.58296
-4.58232
-4.58265
-4.5833
-4.58298
-4.5833
-4.5833
-4.58266
-4.58006
-4.57553
-4.57423
-4.57455
-4.57778
-4.57907
-4.58037
-4.58231
-4.58232
-4.58265
-4.58201
-4.58136
-4.58104
-4.58136
-4.57876
-4.57553
-4.5778
-4.57618
-4.57716
-4.57619
-4.57651
-4.57521
-4.57586
-4.5765
-4.57715
-4.57844
-4.57812
-4.57747
-4.5765
-4.57845
-4.57748
-4.57716
-4.57554
-4.57683
-4.57489
-4.57456
-4.57586
-4.57748
-4.57813
-4.58039
-4.58039
-4.58104
-4.5846
-4.58621
-4.58654
-4.58686
-4.58395
-4.5859
-4.58525
-4.58525
-4.58525
-4.5846
-4.58428
-4.58427
-4.58395
-4.5833
-4.58427
-4.58524
-4.58687
-4.58752
-4.58946
-4.58719
-4.58654
-4.58395
-4.58589
-4.58427
-4.58524
-4.58621
-4.58557
-4.58428
-4.58428
-4.5859
-4.58589
-4.58718
-4.58654
-4.58621
-4.58492
-4.58654
-4.58491
-4.58362
-4.58264
-4.58297
-4.58102
-4.58167
-4.58167
-4.58037
-4.58037
-4.57972
-4.5794
-4.58038
-4.58168
-4.58168
-4.58265
-4.582
-4.58265
-4.58362
-4.58491
-4.58297
-4.58199
-4.58199
-4.58134
-4.58133
-4.58133
-4.58166
-4.58133
-4.57939
-4.58231
-4.58134
-4.58264
-4.58232
-4.58588
-4.58556
-4.58523
-4.58555
-4.58393
-4.58392
-4.58263
-4.58133
-4.58068
-4.58166
-4.58134
-4.58328
-4.58166
-4.57907
-4.57971
-4.57777
-4.58004
-4.58004
-4.58069
-4.58134
-4.57971
-4.58133
-4.58295
-4.58295
-4.58262
-4.5823
-4.5836
-4.58231
-4.58263
-4.58166
-4.58263
-4.58393
-4.58392
-4.58619
-4.58587
-4.58586
-4.58619
-4.58554
-4.58489
-4.5836
-4.58392
-4.58586
-4.58554
-4.58619
-4.58425
-4.58457
-4.58457
-4.58328
-4.58586
-4.58651
-4.58748
-4.58748
-4.58553
-4.58747
-4.58456
-4.58391
-4.58456
-4.58262
-4.58132
-4.58003
-4.58132
-4.581
-4.58197
-4.58327
-4.58424
-4.58327
-4.58294
-4.58262
-4.58553
-4.58521
-4.58326
-4.58099
-4.57937
-4.57904
-4.57775
-4.57678
-4.57322
-4.57646
-4.57873
-4.581
-4.58294
-4.5823
-4.58197
-4.58197
-4.58197
-4.58067
-4.58034
-4.57936
-4.58162
-4.58162
-4.58195
-4.58163
-4.58454
-4.58617
-4.58715
-4.58618
-4.58553
-4.58586
-4.58326
-4.58261
-4.58358
-4.58487
-4.58325
-4.58163
-4.58163
-4.58228
-4.57839
-4.57969
-4.58131
-4.58067
-4.57905
-4.5784
-4.57775
-4.57678
-4.57677
-4.57839
-4.58325
-4.58228
-4.58195
-4.58034
-4.58195
-4.57872
-4.57807
-4.57678
-4.58002
-4.5797
-4.57743
-4.58035
-4.58067
-4.58067
-4.58229
-4.58228
-4.58131
-4.58325
-4.58131
-4.58034
-4.58196
-4.58455
-4.5852
-4.58359
-4.58294
-4.58262
-4.58229
-4.58067
-4.58229
-4.58197
-4.58262
-4.58326
-4.58164
-4.58035
-4.58067
-4.58099
-4.58228
-4.58293
-4.5826
-4.58293
-4.58487
-4.58585
-4.58586
-4.58586
-4.58424
-4.58683
-4.5865
-4.58358
-4.58326
-4.58034
-4.58164
-4.58002
-4.58003
-4.58067
-4.58196
-4.58131
-4.58163
-4.5826
-4.58293
-4.58261
-4.58228
-4.58131
-4.58455
-4.58358
-4.58358
-4.58488
-4.58585
-4.58617
-4.58553
-4.58423
-4.58455
-4.58423
-4.58487
-4.58487
-4.58325
-4.58422
-4.58196
-4.58164
-4.58261
-4.58196
-4.58326
-4.58488
-4.58293
-4.58228
-4.58066
-4.58098
-4.57936
-4.57969
-4.5771
-4.57808
-4.57873
-4.57776
-4.58002
-4.58001
-4.58033
-4.57838
-4.57838
-4.58065
-4.57968
-4.5813
-4.58325
-4.58195
-4.58098
-4.58099
-4.58099
-4.58164
-4.5784
-4.57839
-4.57904
-4.57806
-4.57612
-4.57579
-4.57418
-4.57483
-4.57904
-4.57839
-4.57872
-4.58066
-4.58098
-4.58098
-4.58131
-4.58066
-4.57969
-4.58001
-4.57904
-4.57775
-4.57872
-4.58066
-4.57905
-4.58099
-4.58099
-4.58034
-4.57872
-4.58001
-4.58098
-4.58325
-4.5852
-4.58585
-4.58682
-4.58585
-4.58391
-4.58261
-4.58099
-4.58066
-4.58195
-4.58292
-4.5826
-4.5826
-4.5852
-4.58455
-4.5826
-4.5826
-4.5826
-4.58196
-4.58066
-4.58131
-4.58131
-4.58325
-4.58292
-4.58325
-4.58486
-4.58519
-4.58584
-4.58454
-4.58293
-4.58163
-4.58261
-4.58131
-4.57936
-4.58097
-4.58033
-4.58001
-4.58098
-4.57872
-4.57904
-4.58033
-4.57936
-4.57806
-4.57903
-4.57968
-4.58001
-4.58325
-4.58358
-4.58196
-4.58228
-4.58131
-4.58293
-4.58228
-4.58163
-4.58292
-4.58389
-4.58259
-4.58162
-4.58389
-4.58519
-4.58681
-4.58584
-4.58357
-4.58422
-4.58228
-4.5826
-4.5826
-4.58033
-4.5787
-4.57967
-4.57838
-4.58064
-4.58097
-4.58
-4.58098
-4.57968
-4.58227
-4.58195
-4.58195
-4.58259
-4.58518
-4.58421
-4.58421
-4.58388
-4.58324
-4.58227
-4.58324
-4.58422
-4.58421
-4.58454
-4.58487
-4.58292
-4.5826
-4.58325
-4.58163
-4.58357
-4.58357
-4.58616
-4.58648
-4.58778
-4.58616
-4.58648
-4.58519
-4.58389
-4.58453
-4.5842
-4.5842
-4.58453
-4.58615
-4.58551
-4.58681
-4.5852
-4.5839
-4.58455
-4.58454
-4.58227
-4.58518
-4.58388
-4.58193
-4.58064
-4.58195
-4.58163
-4.58293
-4.58228
-4.58001
-4.57872
-4.57904
-4.5787
-4.58064
-4.58129
-4.58032
-4.57936
-4.58065
-4.58065
-4.58259
-4.5813
-4.57968
-4.57645
-4.57839
-4.58001
-4.57968
-4.57904
-4.5813
-4.58324
-4.58486
-4.58616
-4.58551
-4.58519
-4.58389
-4.58292
-4.58259
-4.5813
-4.57936
-4.58001
-4.58195
-4.58227
-4.58162
-4.58065
-4.58
-4.58163
-4.58293
-4.58196
-4.58293
-4.58423
-4.58358
-4.58164
-4.58131
-4.58228
-4.58293
-4.58293
-4.58228
-4.58228
-4.58487
-4.58486
-4.58389
-4.58227
-4.58486
-4.58583
-4.58745
-4.58616
-4.58422
-4.58196
-4.58358
-4.5839
-4.58261
-4.58293
-4.58131
-4.58098
-4.58227
-4.58098
-4.57936
-4.58001
-4.58001
-4.57937
-4.58163
-4.58001
-4.58131
-4.58001
-4.57968
-4.58033
-4.58195
-4.5826
-4.58066
-4.58066
-4.58132
-4.58034
-4.58035
-4.57938
-4.57873
-4.57841
-4.5797
-4.58131
-4.58162
-4.58161
-4.58259
-4.58163
-4.58325
-4.58488
-4.58294
-4.58261
-4.58197
-4.58327
-4.58391
-4.58359
-4.58196
-4.58034
-4.58034
-4.58325
-4.58227
-4.58454
-4.58487
-4.58488
-4.58358
-4.58391
-4.5852
-4.58779
-4.5894
-4.58552
-4.58357
-4.58227
-4.58357
-4.58583
-4.58357
-4.58195
-4.58228
-4.58228
-4.58325
-4.58423
-4.58519
-4.58228
-4.58001
-4.57839
-4.57839
-4.57904
-4.57807
-4.57937
-4.57808
-4.57581
-4.57549
-4.57613
-4.57548
-4.57742
-4.57936
-4.58033
-4.58357
-4.5826
-4.58681
-4.58682
-4.58326
-4.58455
-4.5852
-4.58391
-4.58358
-4.58229
-4.58132
-4.57937
-4.5784
-4.5784
-4.58002
-4.57775
-4.57775
-4.57775
-4.5771
-4.57839
-4.58033
-4.57839
-4.57904
-4.57969
-4.58066
-4.58196
-4.58261
-4.58099
-4.58293
-4.5839
-4.5839
-4.58099
-4.58002
-4.58034
-4.58001
-4.58033
-4.58033
-4.58357
-4.58358
-4.58423
-4.58488
-4.58747
-4.58682
-4.5852
-4.58325
-4.58228
-4.58033
-4.58033
-4.57903
-4.58065
-4.58065
-4.57839
-4.57872
-4.58001
-4.58066
-4.58163
-4.58163
-4.5813
-4.5787
-4.57967
-4.57934
-4.58032
-4.58097
-4.58195
-4.58163
-4.58066
-4.58001
-4.5826
-4.58324
-4.58129
-4.58129
-4.58064
-4.57902
-4.5774
-4.57838
-4.57968
-4.58001
-4.57839
-4.57968
-4.57935
-4.58129
-4.58097
-4.58033
-4.58195
-4.58162
-4.58324
-4.58161
-4.58064
-4.58193
-4.58291
-4.58194
-4.57934
-4.5787
-4.58096
-4.58161
-4.58485
-4.58226
-4.58227
-4.58324
-4.58486
-4.58583
-4.58647
-4.58679
-4.58452
-4.58453
-4.58453
-4.58226
-4.58258
-4.58323
-4.58227
-4.58162
-4.58356
-4.58194
-4.58
-4.58258
-4.5829
-4.58355
-4.5842
-4.58453
-4.58324
-4.5826
-4.58486
-4.58421
-4.58227
-4.57967
-4.57903
-4.58032
-4.57968
-4.57903
-4.58
-4.57871
-4.57838
-4.57968
-4.57806
-4.5787
-4.58032
-4.57902
-4.57805
-4.57837
-4.58064
-4.58097
-4.58162
-4.58195
-4.58389
-4.58389
-4.58292
-4.58227
-4.58259
-4.58162
-4.5813
-4.5813
-4.5813
-4.58356
-4.58453
-4.58485
-4.58453
-4.58194
-4.58032
-4.57903
-4.57935
-4.57936
-4.57903
-4.57936
-4.57904
-4.57871
-4.5787
-4.5787
-4.58064
-4.58097
-4.57935
-4.58065
-4.57967
-4.57967
-4.58
-4.58194
-4.58097
-4.58162
-4.58421
-4.5842
-4.58226
-4.58388
-4.58485
-4.58711
-4.5855
-4.58194
-4.58129
-4.58162
-4.58032
-4.58356
-4.58518
-4.58583
-4.58745
-4.5855
-4.58421
-4.58291
-4.58194
-4.58259
-4.58454
-4.5839
-4.58487
-4.58422
-4.58163
-4.58519
-4.58389
-4.58453
-4.58485
-4.58388
-4.58388
-4.58098
-4.57936
-4.57936
-4.57935
-4.57968
-4.58
-4.5813
-4.58162
-4.57968
-4.57773
-4.5787
-4.57871
-4.57871
-4.57968
-4.58001
-4.57969
-4.58033
-4.57968
-4.58097
-4.57903
-4.57839
-4.57871
-4.57871
-4.58065
-4.57969
-4.57904
-4.5784
-4.57807
-4.57613
-4.5771
-4.57742
-4.57709
-4.57579
-4.57579
-4.57805
-4.57708
-4.57482
-4.57741
-4.57871
-4.57774
-4.57968
-4.58033
-4.57967
-4.5787
-4.5787
-4.58
-4.58032
-4.57903
-4.57935
-4.58097
-4.58032
-4.58065
-4.58032
-4.58097
-4.57935
-4.58
-4.5813
-4.58162
-4.58033
-4.57871
-4.57839
-4.57871
-4.57969
-4.57936
-4.57839
-4.57612
-4.57677
-4.57677
-4.57709
-4.57612
-4.5758
-4.57774
-4.57645
-4.57871
-4.57903
-4.58
-4.57838
-4.57968
-4.5813
-4.58033
-4.58034
-4.5852
-4.58617
-4.58553
-4.58423
-4.58488
-4.58617
-4.58714
-4.58714
-4.58584
-4.58389
-4.58227
-4.5813
-4.58227
-4.58292
-4.58098
-4.58228
-4.58228
-4.5826
-4.58228
-4.58066
-4.57969
-4.58066
-4.58099
-4.58066
-4.57936
-4.58033
-4.58034
-4.58196
-4.58099
-4.58163
-4.58325
-4.58422
-4.58519
-4.58649
-4.58553
-4.5865
-4.58779
-4.58714
-4.58551
-4.58551
-4.58552
-4.58293
-4.5839
-4.58326
-4.58455
-4.58585
-4.58488
-4.58359
-4.58424
-4.58132
-4.5797
-4.58067
-4.58067
-4.58067
-4.57807
-4.57872
-4.57905
-4.57743
-4.581
-4.58263
-4.58716
-4.58943
-4.58878
-4.58845
-4.58683
-4.58585
-4.5865
-4.58488
-4.58359
-4.58327
-4.58198
-4.57971
-4.57907
-4.57777
-4.57647
-4.57679
-4.57679
-4.57971
-4.581
-4.58068
-4.57841
-4.57841
-4.57906
-4.57745
-4.57777
-4.57712
-4.5768
-4.5768
-4.5768
-4.5768
-4.57615
-4.5781
-4.57842
-4.57809
-4.57776
-4.57938
-4.58197
-4.58036
-4.58004
-4.58101
-4.58296
-4.58393
-4.58587
-4.5849
-4.58425
-4.58101
-4.57939
-4.58068
-4.58003
-4.57777
-4.5768
-4.57744
-4.5768
-4.57712
-4.58004
-4.5781
-4.57713
-4.57712
-4.57712
-4.57582
-4.57615
-4.57615
-4.57615
-4.57453
-4.57551
-4.57648
-4.57939
-4.57939
-4.58037
-4.58166
-4.5823
-4.58489
-4.58554
-4.58488
-4.58521
-4.58132
-4.58035
-4.58197
-4.58295
-4.58392
-4.58262
-4.581
-4.58003
-4.58036
-4.58036
-4.57778
-4.57972
-4.57907
-4.57842
-4.57939
-4.57744
-4.57647
-4.57712
-4.57809
-4.57841
-4.58101
-4.58068
-4.58036
-4.58036
-4.5823
-4.58294
-4.57873
-4.58067
-4.58197
-4.58035
-4.58036
-4.58165
-4.58101
-4.58554
-4.5849
-4.58263
-4.58263
-4.58295
-4.58327
-4.58229
-4.5839
-4.58422
-4.58422
-4.58196
-4.58067
-4.58262
-4.58392
-4.58295
-4.58068
-4.58166
-4.58198
-4.58231
-4.57971
-4.57744
-4.58003
-4.57937
-4.58067
-4.58164
-4.58196
-4.5839
-4.58358
-4.58001
-4.58034
-4.58067
-4.58164
-4.58197
-4.58262
-4.58197
-4.58294
-4.58261
-4.58358
-4.58326
-4.58326
-4.58229
-4.58132
-4.58035
-4.58067
-4.58034
-4.58002
-4.58326
-4.5852
-4.58423
-4.58488
-4.58682
-4.58455
-4.5839
-4.58358
-4.58455
-4.58325
-4.58196
-4.58228
-4.58358
-4.58487
-4.58487
-4.58552
-4.58358
-4.58197
-4.58067
-4.581
-4.58002
-4.58001
-4.57807
-4.57645
-4.57451
-4.57451
-4.57743
-4.57905
-4.57904
-4.57904
-4.57807
-4.57871
-4.57969
-4.57969
-4.58001
-4.58229
-4.58229
-4.58197
-4.58067
-4.58197
-4.58164
-4.58229
-4.58455
-4.58682
-4.58584
-4.58454
-4.58422
-4.58325
-4.5826
-4.58325
-4.58292
-4.5826
-4.58196
-4.58197
-4.58294
-4.58262
-4.58099
-4.58002
-4.57904
-4.57904
-4.58
-4.57967
-4.58065
-4.57935
-4.58033
-4.5813
-4.58098
-4.58001
-4.57937
-4.57808
-4.57808
-4.5797
-4.58099
-4.58099
-4.58002
-4.57839
-4.57742
-4.57904
-4.58001
-4.57839
-4.57936
-4.57871
-4.57903
-4.57904
-4.58001
-4.57937
-4.57904
-4.58131
-4.58163
-4.58131
-4.58033
-4.58066
-4.57969
-4.58033
-4.57839
-4.58001
-4.58163
-4.58131
-4.58066
-4.58033
-4.58195
-4.58066
-4.57969
-4.5784
-4.58099
-4.58423
-4.58325
-4.58196
-4.58195
-4.58454
-4.58648
-4.58357
-4.58356
-4.58227
-4.58195
-4.5813
-4.58033
-4.5813
-4.5826
-4.58292
-4.5826
-4.58357
-4.5813
-4.58163
-4.5813
-4.58325
-4.58357
-4.58292
-4.58324
-4.58421
-4.58292
-4.58389
-4.58486
-4.5839
-4.58455
-4.58293
-4.58132
-4.58423
-4.58552
-4.58487
-4.58486
-4.58356
-4.58324
-4.58324
-4.58259
-4.58098
-4.5826
-4.58292
-4.5826
-4.58324
-4.5813
-4.58259
-4.58098
-4.58001
-4.57839
-4.57645
-4.57871
-4.58001
-4.5826
-4.58098
-4.57969
-4.58098
-4.5813
-4.5826
-4.5813
-4.58162
-4.58
-4.58097
-4.58
-4.57773
-4.58
-4.5813
-4.58097
-4.58195
-4.58454
-4.58292
-4.5826
-4.58357
-4.58227
-4.58388
-4.58356
-4.58421
-4.58227
-4.58325
-4.58098
-4.5813
-4.58227
-4.58227
-4.57968
-4.57806
-4.57839
-4.57612
-4.57644
-4.57773
-4.57675
-4.57578
-4.57676
-4.57741
-4.57936
-4.57903
-4.57904
-4.58098
-4.58228
-4.58163
-4.58131
-4.58293
-4.58325
-4.5826
-4.5826
-4.58162
-4.58129
-4.58226
-4.58
-4.57999
-4.58064
-4.57838
-4.57741
-4.57968
-4.58098
-4.58033
-4.58097
-4.58291
-4.58291
-4.58259
-4.58324
-4.58324
-4.58227
-4.58292
-4.58227
-4.58227
-4.58259
-4.58356
-4.58064
-4.58097
-4.58226
-4.58389
-4.58324
-4.58389
-4.58551
-4.58584
-4.58422
-4.58228
-4.58066
-4.58098
-4.58163
-4.58001
-4.58001
-4.58065
-4.58195
-4.58357
-4.58422
-4.5839
-4.5826
-4.58196
-4.58034
-4.58066
-4.57775
-4.57743
-4.57678
-4.57742
-4.57612
-4.57774
-4.57709
-4.5758
-4.57677
-4.57775
-4.57872
-4.57679
-4.57744
-4.57873
-4.57905
-4.58099
-4.58196
-4.58099
-4.58131
-4.5797
-4.57905
-4.57873
-4.58132
-4.58002
-4.58228
-4.5826
-4.5826
-4.58164
-4.581
-4.58003
-4.58036
-4.58133
-4.58035
-4.57938
-4.57841
-4.57776
-4.57808
-4.57711
-4.57678
-4.57872
-4.57775
-4.57613
-4.57807
-4.57743
-4.57744
-4.57776
-4.57906
-4.58132
-4.58164
-4.58326
-4.58423
-4.58455
-4.58358
-4.58131
-4.5839
-4.58261
-4.58294
-4.58002
-4.58261
-4.58197
-4.58196
-4.57937
-4.57774
-4.57904
-4.58196
-4.58197
-4.58391
-4.58229
-4.58488
-4.58456
-4.58455
-4.58358
-4.58228
-4.58357
-4.58195
-4.58162
-4.58065
-4.58001
-4.58292
-4.58131
-4.58035
-4.58035
-4.58067
-4.58261
-4.58163
-4.58196
-4.58066
-4.57969
-4.57905
-4.58034
-4.58099
-4.58067
-4.58066
-4.58001
-4.58131
-4.58261
-4.5839
-4.58422
-4.58455
-4.58293
-4.58358
-4.58422
-4.58552
-4.58293
-4.58487
-4.58714
-4.58649
-4.58423
-4.58423
-4.58067
-4.57873
-4.58034
-4.58131
-4.58195
-4.58163
-4.58228
-4.58325
-4.58488
-4.58392
-4.58327
-4.58198
-4.5823
-4.58294
-4.58391
-4.58293
-4.58325
-4.58196
-4.58196
-4.57904
-4.57743
-4.58067
-4.58358
-4.581
-4.5823
-4.58392
-4.58165
-4.58068
-4.58003
-4.58035
-4.581
-4.58067
-4.57937
-4.58002
-4.57937
-4.57905
-4.58002
-4.58067
-4.57873
-4.58099
-4.58067
-4.58099
-4.58422
-4.58358
-4.58163
-4.58164
-4.58293
-4.58164
-4.58229
-4.57905
-4.58132
-4.58294
-4.58358
-4.58294
-4.58196
-4.58067
-4.57808
-4.57646
-4.57807
-4.57839
-4.57807
-4.57807
-4.57937
-4.57905
-4.57776
-4.57452
-4.57517
-4.57484
-4.57354
-4.57548
-4.57743
-4.57905
-4.5797
-4.58229
-4.58261
-4.58165
-4.58132
-4.57841
-4.57809
-4.5797
-4.57906
-4.58003
-4.58197
-4.58067
-4.58002
-4.5797
-4.58034
-4.5797
-4.58326
-4.58197
-4.58229
-4.58165
-4.58198
-4.58133
-4.58036
-4.58004
-4.58068
-4.57906
-4.57938
-4.57938
-4.57939
-4.57939
-4.57906
-4.58003
-4.57679
-4.57841
-4.5784
-4.58002
-4.57873
-4.58003
-4.58133
-4.5823
-4.58294
-4.58327
-4.58651
-4.58651
-4.58684
-4.58748
-4.58619
-4.58553
-4.58488
-4.58456
-4.58391
-4.58294
-4.58359
-4.58359
-4.58326
-4.58165
-4.58327
-4.58295
-4.58166
-4.58263
-4.58554
-4.58683
-4.58553
-4.58456
-4.5823
-4.5823
-4.58197
-4.58133
-4.5823
-4.58198
-4.5836
-4.58521
-4.58651
-4.58651
-4.58327
-4.58262
-4.58424
-4.58424
-4.58326
-4.58423
-4.58391
-4.58294
-4.58489
-4.58425
-4.58393
-4.58361
-4.58264
-4.58328
-4.58425
-4.58456
-4.58651
-4.58618
-4.58424
-4.58586
-4.58489
-4.58328
-4.58425
-4.58198
-4.58328
-4.58328
-4.5823
-4.58425
-4.5823
-4.5823
-4.57939
-4.5781
-4.57939
-4.57972
-4.5794
-4.58037
-4.58005
-4.57875
-4.58037
-4.58198
-4.58069
-4.57938
-4.57841
-4.57711
-4.57744
-4.57906
-4.57971
-4.5794
-4.58004
-4.57939
-4.58133
-4.58295
-4.57939
-4.58036
-4.58165
-4.58133
-4.58069
-4.57874
-4.57907
-4.57939
-4.57874
-4.57938
-4.58132
-4.58165
-4.58165
-4.58166
-4.58198
-4.58328
-4.58101
-4.58134
-4.58004
-4.57972
-4.57971
-4.57809
-4.57874
-4.57938
-4.5797
-4.5797
-4.57712
-4.57874
-4.58101
-4.58198
-4.58262
-4.58229
-4.58229
-4.58003
-4.57647
-4.58003
-4.57777
-4.57615
-4.5768
-4.57712
-4.57745
-4.57841
-4.57971
-4.58262
-4.58392
-4.58327
-4.58133
-4.5823
-4.58003
-4.57874
-4.57776
-4.58035
-4.57938
-4.581
-4.58197
-4.581
-4.5823
-4.58295
-4.58069
-4.58198
-4.58295
-4.5823
-4.58133
-4.5823
-4.58392
-4.58262
-4.58262
-4.58165
-4.5823
-4.58198
-4.58328
-4.58198
-4.58198
-4.58004
-4.58295
-4.58231
-4.58166
-4.58069
-4.58069
-4.58036
-4.58101
-4.57745
-4.57713
-4.57616
-4.57616
-4.57713
-4.57907
-4.57843
-4.57811
-4.57875
-4.5807
-4.58167
-4.58004
-4.58134
-4.58231
-4.5836
-4.5836
-4.58295
-4.58296
-4.58167
-4.58102
-4.58167
-4.57973
-4.5833
-4.58265
-4.58136
-4.58136
-4.58168
-4.58265
-4.58265
-4.58556
-4.58491
-4.58685
-4.58457
-4.58295
-4.58166
-4.58069
-4.58133
-4.57907
-4.5794
-4.58167
-4.58167
-4.5833
-4.58394
-4.58621
-4.58556
-4.58717
-4.58587
-4.58749
-4.58555
-4.58458
-4.58555
-4.58393
-4.58361
-4.58231
-4.57843
-4.57746
-4.57713
-4.57648
-4.5781
-4.57778
-4.57649
-4.57682
-4.57811
-4.57973
-4.57973
-4.5794
-4.5807
-4.58361
-4.58491
-4.58491
-4.58264
-4.58006
-4.58038
-4.58233
-4.58103
-4.58039
-4.58071
-4.58168
-4.58135
-4.57876
-4.57972
-4.58199
-4.58167
-4.58329
-4.5807
-4.58232
-4.58038
-4.58201
-4.58363
-4.58363
-4.58492
-4.5846
-4.5833
-4.58362
-4.58297
-4.58426
-4.58426
-4.58491
-4.58685
-4.58782
-4.58491
-4.58685
-4.58491
-4.58394
-4.5807
-4.58103
-4.58038
-4.5807
-4.57843
-4.58005
-4.57908
-4.58103
-4.57844
-4.57812
-4.5807
-4.58167
-4.58264
-4.58232
-4.58362
-4.58459
-4.58265
-4.58297
-4.58265
-4.58167
-4.58199
-4.58101
-4.58296
-4.58264
-4.58037
-4.5794
-4.57941
-4.57876
-4.5781
-4.57875
-4.57972
-4.58005
-4.57681
-4.57875
-4.57907
-4.57875
-4.57778
-4.5781
-4.58231
-4.58135
-4.58102
-4.58167
-4.58199
-4.58199
-4.58102
-4.5794
-4.58037
-4.58004
-4.58069
-4.58004
-4.58231
-4.58328
-4.58523
-4.58394
-4.5807
-4.58038
-4.57843
-4.57972
-4.58004
-4.57939
-4.57745
-4.57874
-4.58004
-4.57939
-4.58069
-4.58134
-4.58231
-4.58296
-4.58296
-4.58264
-4.58167
-4.58296
-4.58167
-4.5807
-4.58102
-4.58037
-4.58425
-4.58457
-4.58392
-4.58295
-4.5836
-4.58424
-4.58101
-4.58295
-4.5836
-4.58004
-4.57972
-4.57907
-4.57681
-4.57584
-4.57681
-4.57842
-4.57907
-4.57842
-4.58068
-4.58068
-4.58068
-4.58198
-4.58101
-4.58166
-4.58036
-4.57874
-4.57777
-4.57744
-4.57744
-4.57776
-4.57938
-4.58132
-4.58035
-4.58003
-4.58198
-4.58295
-4.58068
-4.58068
-4.58068
-4.581
-4.58197
-4.58295
-4.58004
-4.57971
-4.58069
-4.58101
-4.58036
-4.57972
-4.58134
-4.58328
-4.58457
-4.5836
-4.58262
-4.58165
-4.58165
-4.5823
-4.58166
-4.58037
-4.58231
-4.58167
-4.5794
-4.5807
-4.58167
-4.58199
-4.5794
-4.57907
-4.5781
-4.57875
-4.57907
-4.57971
-4.5823
-4.58425
-4.58198
-4.58199
-4.58102
-4.58134
-4.58102
-4.58037
-4.58166
-4.58199
-4.58231
-4.58328
-4.58425
-4.58296
-4.58166
-4.58199
-4.58295
-4.58328
-4.58166
-4.5823
-4.58198
-4.57972
-4.57875
-4.57973
-4.57908
-4.58037
-4.58134
-4.5794
-4.57875
-4.58036
-4.58004
-4.58036
-4.57842
-4.58003
-4.58133
-4.58068
-4.58328
-4.58327
-4.58198
-4.58069
-4.58037
-4.57972
-4.57875
-4.58037
-4.58231
-4.58328
-4.58393
-4.58458
-4.58522
-4.58652
-4.58619
-4.5836
-4.58166
-4.58004
-4.57874
-4.57583
-4.57939
-4.57972
-4.58069
-4.58102
-4.58167
-4.58297
-4.58297
-4.58394
-4.58652
-4.58619
-4.58522
-4.58328
-4.58392
-4.58263
-4.58489
-4.5849
-4.58555
-4.58588
-4.58491
-4.58556
-4.58491
-4.58555
-4.58652
-4.5849
-4.5836
-4.58295
-4.58198
-4.58037
-4.58134
-4.5807
-4.58135
-4.58297
-4.58426
-4.58393
-4.58328
-4.58393
-4.58327
-4.58262
-4.58392
-4.58424
-4.58456
-4.58392
-4.58263
-4.58295
-4.58425
-4.58588
-4.58491
-4.58459
-4.58297
-4.58102
-4.58133
-4.58164
-4.58133
-4.58166
-4.58231
-4.58166
-4.58134
-4.58069
-4.57842
-4.57745
-4.57777
-4.58068
-4.58004
-4.57777
-4.57744
-4.57809
-4.57841
-4.57906
-4.58101
-4.58036
-4.58198
-4.58166
-4.58198
-4.581
-4.58035
-4.58165
-4.57874
-4.57809
-4.58101
-4.58328
-4.5836
-4.58716
-4.58716
-4.58651
-4.58748
-4.58554
-4.58521
-4.58489
-4.58457
-4.58489
-4.58522
-4.58264
-4.58166
-4.58166
-4.58101
-4.58101
-4.57971
-4.58068
-4.58165
-4.58295
-4.58457
-4.58392
-4.58133
-4.58036
-4.58231
-4.58426
-4.58523
-4.58491
-4.58653
-4.59008
-4.58846
-4.58619
-4.58392
-4.58393
-4.58296
-4.58166
-4.58101
-4.58004
-4.581
-4.58132
-4.581
-4.58197
-4.58101
-4.57971
-4.58036
-4.58198
-4.58069
-4.58198
-4.58198
-4.58328
-4.58263
-4.58327
-4.5823
-4.5823
-4.5836
-4.58295
-4.58489
-4.58425
-4.5836
-4.58295
-4.58554
-4.58587
-4.58522
-4.58587
-4.58586
-4.5836
-4.58262
-4.58198
-4.57842
-4.58037
-4.58102
-4.58134
-4.58069
-4.58198
-4.58263
-4.5823
-4.58263
-4.58166
-4.58069
-4.57972
-4.58037
-4.58199
-4.58231
-4.58134
-4.57843
-4.5781
-4.57778
-4.57907
-4.57842
-4.5768
-4.57809
-4.57745
-4.57713
-4.57583
-4.57777
-4.57874
-4.57874
-4.581
-4.58068
-4.5823
-4.58198
-4.58263
-4.58328
-4.5849
-4.58523
-4.58555
-4.58458
-4.58166
-4.58198
-4.5823
-4.5823
-4.58263
-4.58198
-4.58231
-4.5836
-4.58328
-4.5836
-4.58489
-4.58457
-4.58457
-4.58328
-4.58231
-4.58199
-4.58231
-4.58102
-4.5794
-4.58134
-4.57875
-4.57713
-4.57778
-4.58167
-4.58296
-4.58296
-4.58361
-4.58361
-4.58393
-4.58425
-4.58555
-4.58555
-4.58199
-4.58296
-4.58134
-4.58102
-4.57939
-4.57907
-4.58004
-4.58069
-4.58005
-4.57843
-4.57908
-4.57811
-4.57875
-4.58037
-4.58167
-4.58134
-4.58328
-4.58231
-4.58069
-4.58004
-4.58134
-4.58037
-4.58199
-4.58134
-4.58102
-4.5794
-4.57875
-4.57972
-4.58036
-4.58231
-4.58037
-4.58101
-4.58004
-4.58004
-4.57907
-4.58004
-4.58004
-4.58036
-4.58101
-4.58036
-4.57874
-4.58101
-4.58295
-4.58328
-4.58295
-4.58392
-4.58554
-4.58327
-4.58165
-4.58198
-4.58166
-4.58004
-4.58069
-4.57939
-4.58004
-4.58165
-4.5823
-4.5823
-4.58133
-4.58392
-4.58457
-4.58651
-4.58456
-4.58683
-4.58585
-4.58618
-4.58489
-4.58295
-4.58327
-4.58231
-4.58263
-4.58198
-4.58101
-4.5823
-4.58229
-4.58196
-4.57937
-4.57872
-4.57873
-4.5784
-4.57905
-4.581
-4.58294
-4.58036
-4.58165
-4.58068
-4.58165
-4.58198
-4.58424
-4.581
-4.57938
-4.57971
-4.57776
-4.57549
-4.57517
-4.57581
-4.57679
-4.57582
-4.57744
-4.57938
-4.58035
-4.58132
-4.58327
-4.58165
-4.58165
-4.58197
-4.58294
-4.58294
-4.58197
-4.58327
-4.58456
-4.58488
-4.58326
-4.58132
-4.58067
-4.57906
-4.57841
-4.57873
-4.5797
-4.58068
-4.58165
-4.58003
-4.581
-4.58197
-4.58035
-4.57776
-4.57873
-4.58003
-4.58003
-4.58035
-4.58197
-4.58133
-4.58068
-4.58165
-4.58067
-4.58035
-4.581
-4.58262
-4.58067
-4.5784
-4.57905
-4.58035
-4.5823
-4.58262
-4.58197
-4.58262
-4.58326
-4.58003
-4.58197
-4.58133
-4.58165
-4.58165
-4.58327
-4.58262
-4.581
-4.57939
-4.57939
-4.57809
-4.57744
-4.57841
-4.57679
-4.5755
-4.57647
-4.57712
-4.57679
-4.57679
-4.57873
-4.57905
-4.5784
-4.58197
-4.58197
-4.58197
-4.58295
-4.58003
-4.58068
-4.57874
-4.5755
-4.57549
-4.57485
-4.57647
-4.57679
-4.57777
-4.57874
-4.57874
-4.57906
-4.5797
-4.57969
-4.57937
-4.57872
-4.58066
-4.58229
-4.58067
-4.58132
-4.581
-4.581
-4.58294
-4.58068
-4.58067
-4.58391
-4.58391
-4.58229
-4.58197
-4.58132
-4.58164
-4.58261
-4.58196
-4.58001
-4.58325
-4.58325
-4.58196
-4.58293
-4.58164
-4.58035
-4.58165
-4.58068
-4.58165
-4.581
-4.58035
-4.57905
-4.58099
-4.57905
-4.57937
-4.57775
-4.5771
-4.57418
-4.57547
-4.57645
-4.5758
-4.57807
-4.57807
-4.58034
-4.58261
-4.58358
-4.58391
-4.58423
-4.58488
-4.58423
-4.5852
-4.5852
-4.58196
-4.58422
-4.58455
-4.58163
-4.57969
-4.58196
-4.58164
-4.58293
-4.58358
-4.58196
-4.58001
-4.57937
-4.57872
-4.57904
-4.57937
-4.57937
-4.57873
-4.57775
-4.58066
-4.58131
-4.58227
-4.58486
-4.58454
-4.58357
-4.58228
-4.58325
-4.58488
-4.58229
-4.58456
-4.58294
-4.58164
-4.57969
-4.58001
-4.57775
-4.57839
-4.58034
-4.58261
-4.58163
-4.58099
-4.58131
-4.58066
-4.58033
-4.58228
-4.58098
-4.58066
-4.57872
-4.57775
-4.5771
-4.57743
-4.57743
-4.58002
-4.58099
-4.58164
-4.58293
-4.58228
-4.5826
-4.58001
-4.57937
-4.58002
-4.58131
-4.58099
-4.58132
-4.58229
-4.58326
-4.58262
-4.58132
-4.58261
-4.58391
-4.58423
-4.58391
-4.5823
-4.58165
-4.5836
-4.58392
-4.58198
-4.58133
-4.58262
-4.58099
-4.57937
-4.57969
-4.57969
-4.58164
-4.58294
-4.58456
-4.58456
-4.581
-4.58068
-4.5797
-4.5797
-4.57841
-4.57711
-4.57808
-4.57938
-4.57971
-4.58068
-4.58165
-4.581
-4.58132
-4.58132
-4.58197
-4.58197
-4.58197
-4.58197
-4.58424
-4.58489
-4.58392
-4.58392
-4.58489
-4.58295
-4.58424
-4.58423
-4.58229
-4.58164
-4.58197
-4.58035
-4.58003
-4.57873
-4.57711
-4.57744
-4.57777
-4.57777
-4.57809
-4.57842
-4.57907
-4.57938
-4.5797
-4.58196
-4.58293
-4.58261
-4.58488
-4.58488
-4.58391
-4.5823
-4.58424
-4.58489
-4.58068
-4.57712
-4.57874
-4.57679
-4.57905
-4.5797
-4.57808
-4.57808
-4.57873
-4.5823
-4.58004
-4.58069
-4.58231
-4.58263
-4.58165
-4.58133
-4.58197
-4.58133
-4.58003
-4.58133
-4.5781
-4.57842
-4.57778
-4.57908
-4.57811
-4.58005
-4.57875
-4.58133
-4.58359
-4.58457
-4.58392
-4.58199
-4.58135
-4.57908
-4.58102
-4.58296
-4.58361
-4.58134
-4.58102
-4.58231
-4.5807
-4.58232
-4.58199
-4.58135
-4.58232
-4.58264
-4.58166
-4.58231
-4.5836
-4.58166
-4.58328
-4.58426
-4.58459
-4.58459
-4.582
-4.58297
-4.58199
-4.58135
-4.58296
-4.58037
-4.57972
-4.57907
-4.58004
-4.57939
-4.5781
-4.57972
-4.58038
-4.58297
-4.58394
-4.58135
-4.58459
-4.58427
-4.58524
-4.58491
-4.58361
-4.58296
-4.58393
-4.58458
-4.58393
-4.58587
-4.58587
-4.58523
-4.58264
-4.58167
-4.58426
-4.58361
-4.58329
-4.58491
-4.58264
-4.58232
-4.58167
-4.58102
-4.57972
-4.58231
-4.58005
-4.58199
-4.5807
-4.58005
-4.58037
-4.58037
-4.57779
-4.57585
-4.57876
-4.58103
-4.58102
-4.58037
-4.58102
-4.58005
-4.57875
-4.57843
-4.57584
-4.57423
-4.57714
-4.57876
-4.57746
-4.57908
-4.57972
-4.58199
-4.58199
-4.58231
-4.5836
-4.58424
-4.58359
-4.58294
-4.58327
-4.58262
-4.58133
-4.5823
-4.58198
-4.58361
-4.58523
-4.58263
-4.58361
-4.58425
-4.58361
-4.58231
-4.5794
-4.57972
-4.58004
-4.5768
-4.5781
-4.57875
-4.57875
-4.5794
-4.57842
-4.57907
-4.58069
-4.58102
-4.5794
-4.58005
-4.57972
-4.5794
-4.58101
-4.58134
-4.58198
-4.58069
-4.58231
-4.58231
-4.58328
-4.58101
-4.57972
-4.58231
-4.58393
-4.58393
-4.58329
-4.58264
-4.58199
-4.5807
-4.58037
-4.58069
-4.58101
-4.58134
-4.58102
-4.58199
-4.58458
-4.58134
-4.58102
-4.58231
-4.58069
-4.5823
-4.58197
-4.5823
-4.58294
-4.5823
-4.58133
-4.58101
-4.58004
-4.5794
-4.57843
-4.57778
-4.5794
-4.57907
-4.57939
-4.581
-4.581
-4.58197
-4.58197
-4.58035
-4.58068
-4.57938
-4.58035
-4.5797
-4.58196
-4.58262
-4.58197
-4.58295
-4.58425
-4.58198
-4.58166
-4.58069
-4.57874
-4.57776
-4.57905
-4.57937
-4.58293
-4.58326
-4.58067
-4.57971
-4.57971
-4.58036
-4.58069
-4.58036
-4.58068
-4.58392
-4.58424
-4.58197
-4.581
-4.58262
-4.58165
-4.5823
-4.58198
-4.58133
-4.58004
-4.58101
-4.58198
-4.58359
-4.58391
-4.58456
-4.58359
-4.58553
-4.58488
-4.58488
-4.58262
-4.5823
-4.58296
-4.58328
-4.58393
-4.58457
-4.5836
-4.58295
-4.58165
-4.58327
-4.58522
-4.58425
-4.58328
-4.58296
-4.58134
-4.58328
-4.58392
-4.58295
-4.58263
-4.58068
-4.57939
-4.57906
-4.57938
-4.57971
-4.57907
-4.57843
-4.58329
-4.58329
-4.58167
-4.58296
-4.58425
-4.58393
-4.58263
-4.58166
-4.58457
-4.58262
-4.58456
-4.58359
-4.58359
-4.58263
-4.58231
-4.58199
-4.58134
-4.58394
-4.58555
-4.58555
-4.58814
-4.58652
-4.5849
-4.58651
-4.58618
-4.58586
-4.58489
-4.581
-4.58036
-4.57939
-4.57875
-4.58004
-4.58069
-4.58102
-4.58231
-4.58231
-4.5823
-4.58133
-4.58262
-4.58197
-4.5836
-4.5836
-4.58425
-4.58295
-4.5823
-4.58392
-4.58327
-4.58036
-4.58295
-4.58101
-4.58198
-4.581
-4.58132
-4.58132
-4.58391
-4.58488
-4.58456
-4.58457
-4.58198
-4.5823
-4.58133
-4.57874
-4.58003
-4.58133
-4.58068
-4.58101
-4.58166
-4.58069
-4.57809
-4.57906
-4.57841
-4.57809
-4.58068
-4.58036
-4.57874
-4.57907
-4.57874
-4.57939
-4.57939
-4.57907
-4.58101
-4.58069
-4.57972
-4.58004
-4.58134
-4.58425
-4.58425
-4.58393
-4.58522
-4.58749
-4.58522
-4.58166
-4.57972
-4.57778
-4.57681
-4.57843
-4.58134
-4.58134
-4.58037
-4.58004
-4.58069
-4.58004
-4.57907
-4.57972
-4.58167
-4.58135
-4.57973
-4.5807
-4.58005
-4.58134
-4.58231
-4.58328
-4.58296
-4.58361
-4.58523
-4.5849
-4.58135
-4.58038
-4.58297
-4.58361
-4.5849
-4.58328
-4.58166
-4.57906
-4.58036
-4.57939
-4.58069
-4.58005
-4.57908
-4.5794
-4.57681
-4.57745
-4.57712
-4.57712
-4.57647
-4.57453
-4.5755
-4.57778
-4.57648
-4.57778
-4.57778
-4.57908
-4.57746
-4.57583
-4.57712
-4.57874
-4.57842
-4.58101
-4.58101
-4.58004
-4.58295
-4.57906
-4.57874
-4.57777
-4.57616
-4.5794
-4.57811
-4.5794
-4.57972
-4.58004
-4.57745
-4.57907
-4.57809
-4.57842
-4.57809
-4.57842
-4.57777
-4.5781
-4.58004
-4.57842
-4.57809
-4.57647
-4.5755
-4.57776
-4.57841
-4.57777
-4.58069
-4.58037
-4.58102
-4.58103
-4.582
-4.5833
-4.58394
-4.58264
-4.58038
-4.58231
-4.58199
-4.58069
-4.57972
-4.57939
-4.5794
-4.5781
-4.57972
-4.57973
-4.58102
-4.58167
-4.58199
-4.58232
-4.58135
-4.58134
-4.58134
-4.58036
-4.58133
-4.58036
-4.58101
-4.58198
-4.58296
-4.58231
-4.58199
-4.57843
-4.57746
-4.57843
-4.57648
-4.57745
-4.57842
-4.57938
-4.58133
-4.58198
-4.5823
-4.5823
-4.58198
-4.58328
-4.58263
-4.5836
-4.58555
-4.58522
-4.58425
-4.58458
-4.58392
-4.57841
-4.57874
-4.581
-4.58262
-4.58133
-4.58101
-4.58198
-4.58166
-4.58133
-4.5823
-4.58004
-4.58004
-4.58133
-4.58004
-4.58003
-4.58036
-4.57971
-4.58036
-4.58166
-4.58133
-4.58327
-4.58392
-4.58295
-4.58166
-4.58004
-4.58069
-4.58102
-4.5807
-4.57973
-4.58135
-4.58134
-4.5836
-4.58133
-4.58036
-4.58068
-4.57776
-4.57581
-4.57582
-4.57582
-4.57453
-4.57713
-4.57908
-4.58167
-4.58264
-4.58328
-4.58296
-4.58295
-4.58425
-4.58554
-4.58457
-4.58327
-4.58197
-4.57971
-4.57972
-4.58102
-4.58005
-4.57811
-4.57714
-4.57746
-4.5794
