-5.84355
-5.93399
-6.04537
-6.15525
-6.26151
-6.35146
-6.4231
-6.47439
-6.50721
-6.52328
-6.52066
-6.50409
-6.47733
-6.44418
-6.41026
-6.38241
-6.36089
-6.3492
-6.33995
-6.3353
-6.33507
-6.33996
-6.35171
-6.36702
-6.38222
-6.39137
-6.38608
-6.36604
-6.33176
-6.28938
-6.24066
-6.19441
-6.14899
-6.10465
-6.06594
-6.03722
-6.02073
-6.026
-6.05264
-6.0952
-6.147
-6.19599
-6.23551
-6.26089
-6.27844
-6.29425
-6.30508
-6.3142
-6.3269
-6.33723
-6.34129
-6.33971
-6.33097
-6.31865
-6.30861
-6.29689
-6.28506
-6.27353
-6.26192
-6.25084
-6.24055
-6.23098
-6.2247
-6.22155
-6.22684
-6.23589
-6.25259
-6.27067
-6.28803
-6.29871
-6.30554
-6.30815
-6.31391
-6.31728
-6.31419
-6.30529
-6.28134
-6.24418
-6.20011
-6.16068
-6.1371
-6.12948
-6.13832
-6.15516
-6.17362
-6.18043
-6.17809
-6.16419
-6.14421
-6.11387
-6.09096
-6.07951
-6.08457
-6.10863
-6.14667
-6.19635
-6.2494
-6.30457
-6.35785
-6.40287
-6.43874
-6.46516
-6.47777
-6.47449
-6.45846
-6.43157
-6.39928
-6.36949
-6.34781
-6.33506
-6.33221
-6.33571
-6.34311
-6.34328
-6.33478
-6.3128
-6.27745
-6.23209
-6.17167
-6.10707
-6.04485
-5.99676
-5.97326
-5.97652
-6.01159
-6.06554
-6.13354
-6.20491
-6.27164
-6.32735
-6.37173
-6.39745
-6.40178
-6.3885
-6.35816
-6.31799
-6.27407
-6.23243
-6.196
-6.17059
-6.15108
-6.14045
-6.145
-6.16068
-6.18769
-6.22008
-6.26046
-6.30018
-6.33244
-6.34858
-6.35274
-6.3451
-6.33312
-6.3157
-6.29772
-6.27917
-6.26208
-6.24902
-6.23424
-6.21106
-6.1785
-6.14003
-6.10722
-6.08735
-6.0922
-6.11838
-6.16252
-6.21476
-6.26598
-6.30774
-6.33907
-6.36052
-6.37235
-6.37373
-6.36288
-6.34219
-6.31222
-6.28015
-6.25106
-6.23234
-6.22558
-6.23107
-6.245
-6.26515
-6.28674
-6.30566
-6.3264
-6.34278
-6.35643
-6.36546
-6.37929
-6.38864
-6.39643
-6.39771
-6.38875
-6.36994
-6.34049
-6.30206
-6.25998
-6.21651
-6.17534
-6.13661
-6.10255
-6.07416
-6.05272
-6.04323
-6.04827
-6.06689
-6.10449
-6.14663
-6.18518
-6.21257
-6.22403
-6.22433
-6.2121
-6.19137
-6.17038
-6.15692
-6.15722
-6.16954
-6.19206
-6.21655
-6.23896
-6.25809
-6.26864
-6.27371
-6.27227
-6.26822
-6.26409
-6.26341
-6.27115
-6.28349
-6.30154
-6.32025
-6.33361
-6.337
-6.32528
-6.30356
-6.27941
-6.25962
-6.24919
-6.24614
-6.24518
-6.2447
-6.24782
-6.25061
-6.25571
-6.26181
-6.26979
-6.2754
-6.27934
-6.27796
-6.27047
-6.25897
-6.24541
-6.2328
-6.22947
-6.23451
-6.24195
-6.25005
-6.254
-6.25158
-6.25127
-6.24969
-6.24964
-6.25102
-6.25337
-6.25498
-6.25189
-6.24584
-6.23821
-6.22689
-6.21271
-6.19705
-6.17996
-6.16482
-6.155
-6.14819
-6.14702
-6.15596
-6.17374
-6.20093
-6.23912
-6.27572
-6.31114
-6.3388
-6.35795
-6.36719
-6.36281
-6.34748
-6.32779
-6.3023
-6.27928
-6.25867
-6.24289
-6.23859
-6.24117
-6.24642
-6.25662
-6.2656
-6.27372
-6.28461
-6.29779
-6.31016
-6.32072
-6.32806
-6.3308
-6.32741
-6.31609
-6.29886
-6.27672
-6.24966
-6.21977
-6.19217
-6.16807
-6.16023
-6.16911
-6.19799
-6.24515
-6.30289
-6.35891
-6.40228
-6.42445
-6.42093
-6.39319
-6.34845
-6.29417
-6.23846
-6.19419
-6.1688
-6.1672
-6.18499
-6.21705
-6.25467
-6.28844
-6.30857
-6.31442
-6.30608
-6.2858
-6.26062
-6.23557
-6.21001
-6.18519
-6.16588
-6.15117
-6.14872
-6.15514
-6.17044
-6.19152
-6.21666
-6.24161
-6.26114
-6.27285
-6.27482
-6.26368
-6.2411
-6.2093
-6.17468
-6.138
-6.10576
-6.08282
-6.07027
-6.07902
-6.10312
-6.14295
-6.18894
-6.23067
-6.26441
-6.29003
-6.30278
-6.30815
-6.30626
-6.29711
-6.28176
-6.26588
-6.24596
-6.22484
-6.20968
-6.19914
-6.19416
-6.19306
-6.20171
-6.21577
-6.23998
-6.27244
-6.31258
-6.35717
-6.39893
-6.43622
-6.46775
-6.48138
-6.48424
-6.47183
-6.45033
-6.42363
-6.39126
-6.35259
-6.31484
-6.27792
-6.24801
-6.22652
-6.21468
-6.21332
-6.22177
-6.23755
-6.25867
-6.27797
-6.29271
-6.29848
-6.29349
-6.27935
-6.26005
-6.23549
-6.21185
-6.19481
-6.18244
-6.17568
-6.1739
-6.17819
-6.18674
-6.19618
-6.20537
-6.21325
-6.22343
-6.23103
-6.24148
-6.25684
-6.27104
-6.28552
-6.30211
-6.31433
-6.3244
-6.33047
-6.32801
-6.31531
-6.29233
-6.26431
-6.24168
-6.23135
-6.23902
-6.26043
-6.28924
-6.3165
-6.3334
-6.33803
-6.32783
-6.30516
-6.27456
-6.24326
-6.21468
-6.19184
-6.18088
-6.18003
-6.18463
-6.191
-6.19953
-6.20116
-6.19265
-6.16977
-6.14136
-6.11322
-6.09539
-6.09602
-6.11595
-6.16212
-6.22376
-6.29288
-6.36091
-6.41649
-6.46029
-6.4851
-6.4945
-6.48436
-6.46142
-6.42354
-6.3779
-6.33208
-6.29722
-6.27889
-6.27468
-6.2759
-6.27028
-6.24982
-6.21117
-6.16633
-6.12147
-6.08303
-6.05632
-6.0443
-6.04906
-6.06476
-6.08732
-6.11784
-6.15043
-6.18375
-6.21667
-6.24484
-6.27288
-6.29302
-6.30651
-6.31347
-6.31822
-6.31477
-6.31025
-6.30797
-6.30565
-6.30295
-6.29557
-6.28561
-6.26769
-6.24813
-6.23185
-6.23338
-6.25187
-6.28736
-6.33481
-6.38157
-6.42138
-6.43738
-6.43477
-6.40987
-6.36796
-6.32107
-6.27018
-6.2285
-6.20259
-6.1904
-6.19273
-6.20558
-6.21779
-6.22437
-6.22338
-6.20979
-6.18709
-6.15297
-6.11681
-6.08117
-6.04271
-6.00882
-5.97959
-5.95518
-5.93632
-5.92563
-5.92474
-5.94416
-5.9862
-6.0527
-6.13711
-6.23504
-6.33908
-6.4283
-6.49734
-6.54299
-6.55532
-6.54157
-6.50625
-6.46138
-6.40846
-6.36367
-6.32729
-6.30389
-6.29756
-6.30514
-6.32295
-6.34063
-6.35037
-6.34872
-6.32872
-6.29363
-6.24934
-6.2014
-6.16186
-6.13663
-6.13074
-6.1443
-6.17402
-6.20954
-6.24273
-6.26885
-6.28549
-6.29605
-6.29857
-6.29558
-6.29219
-6.29146
-6.29788
-6.30871
-6.32762
-6.34998
-6.37114
-6.38683
-6.39717
-6.39455
-6.38152
-6.3593
-6.32879
-6.29484
-6.26239
-6.23642
-6.21957
-6.21242
-6.20914
-6.21046
-6.21601
-6.22178
-6.22792
-6.22537
-6.21561
-6.19793
-6.1721
-6.14438
-6.12285
-6.11774
-6.13154
-6.16015
-6.20044
-6.24172
-6.27855
-6.3019
-6.31375
-6.31269
-6.30037
-6.27909
-6.2507
-6.21861
-6.18588
-6.16283
-6.15323
-6.1607
-6.18419
-6.21736
-6.25064
-6.27535
-6.287
-6.28989
-6.2913
-6.29299
-6.299
-6.30841
-6.31648
-6.31711
-6.306
-6.28591
-6.25451
-6.21627
-6.18192
-6.16009
-6.15381
-6.16571
-6.18841
-6.22106
-6.25498
-6.28423
-6.3065
-6.31795
-6.32335
-6.32647
-6.32938
-6.33424
-6.34097
-6.34983
-6.35895
-6.36994
-6.37662
-6.38342
-6.38445
-6.38172
-6.37613
-6.36894
-6.35735
-6.3396
-6.31965
-6.2897
-6.25146
-6.2138
-6.17946
-6.15684
-6.14847
-6.15394
-6.16524
-6.1723
-6.17585
-6.17392
-6.16648
-6.1519
-6.1312
-6.10367
-6.07403
-6.04524
-6.02143
-6.00437
-6.00185
-6.01504
-6.04559
-6.08912
-6.14089
-6.18985
-6.22922
-6.25623
-6.2712
-6.27276
-6.26081
-6.24076
-6.22157
-6.20568
-6.19771
-6.20123
-6.21643
-6.24847
-6.29089
-6.34209
-6.39409
-6.4397
-6.47395
-6.49315
-6.50166
-6.49536
-6.47765
-6.45321
-6.41695
-6.36893
-6.31965
-6.27146
-6.229
-6.19326
-6.16391
-6.13869
-6.11683
-6.09786
-6.08726
-6.08529
-6.09571
-6.11423
-6.13541
-6.15743
-6.17276
-6.17911
-6.17846
-6.17599
-6.17904
-6.19462
-6.22568
-6.2663
-6.31595
-6.36453
-6.40646
-6.44154
-6.46846
-6.48726
-6.49846
-6.50334
-6.49936
-6.48691
-6.46112
-6.42371
-6.38197
-6.33565
-6.29126
-6.25035
-6.21461
-6.18609
-6.16642
-6.16198
-6.16226
-6.16627
-6.17142
-6.17501
-6.17557
-6.17646
-6.17842
-6.18067
-6.18804
-6.19681
-6.21231
-6.22599
-6.23848
-6.24921
-6.25734
-6.26889
-6.28103
-6.29514
-6.31323
-6.33608
-6.35778
-6.37277
-6.38387
-6.38024
-6.36792
-6.34626
-6.32409
-6.30011
-6.28173
-6.26938
-6.26189
-6.25765
-6.25564
-6.25124
-6.2447
-6.23583
-6.22338
-6.20549
-6.18757
-6.16525
-6.1466
-6.1365
-6.13605
-6.13914
-6.14825
-6.1567
-6.16792
-6.17775
-6.18607
-6.19319
-6.1956
-6.20301
-6.21878
-6.2431
-6.27206
-6.29818
-6.31702
-6.32368
-6.32213
-6.30812
-6.29274
-6.26885
-6.24455
-6.21872
-6.18647
-6.15331
-6.12128
-6.09651
-6.08432
-6.08361
-6.0951
-6.11401
-6.14498
-6.18388
-6.22857
-6.27647
-6.3176
-6.34974
-6.36532
-6.36459
-6.34765
-6.32138
-6.28941
-6.25777
-6.23184
-6.22135
-6.22051
-6.228
-6.24208
-6.26099
-6.28511
-6.31875
-6.36264
-6.41563
-6.46051
-6.49249
-6.50929
-6.5081
-6.48868
-6.45455
-6.41326
-6.37177
-6.33329
-6.29968
-6.27371
-6.25178
-6.23007
-6.21181
-6.19614
-6.1773
-6.15635
-6.13859
-6.12465
-6.1173
-6.12109
-6.14046
-6.17185
-6.20857
-6.24478
-6.27857
-6.29813
-6.30283
-6.29201
-6.26763
-6.23543
-6.20492
-6.17949
-6.16669
-6.1597
-6.15216
-6.14579
-6.14199
-6.13946
-6.14503
-6.15448
-6.17541
-6.19741
-6.22139
-6.23557
-6.23642
-6.22358
-6.20597
-6.18141
-6.1564
-6.13643
-6.12107
-6.11613
-6.12321
-6.14299
-6.1789
-6.22937
-6.2918
-6.35075
-6.39935
-6.43008
-6.43662
-6.42085
-6.38554
-6.33975
-6.28886
-6.24162
-6.20591
-6.18416
-6.1772
-6.18583
-6.20811
-6.23918
-6.27822
-6.32018
-6.35568
-6.37818
-6.38255
-6.36489
-6.32882
-6.27957
-6.23188
-6.19176
-6.16907
-6.15998
-6.16588
-6.17883
-6.19343
-6.2089
-6.22356
-6.24575
-6.26877
-6.29114
-6.31884
-6.34556
-6.36763
-6.3758
-6.37
-6.34738
-6.31501
-6.27858
-6.2479
-6.22493
-6.21392
-6.20783
-6.19874
-6.18784
-6.17958
-6.17726
-6.18315
-6.19876
-6.2197
-6.24223
-6.26248
-6.27998
-6.29145
-6.29578
-6.29995
-6.30318
-6.30224
-6.29978
-6.29723
-6.29195
-6.28589
-6.27793
-6.27004
-6.26102
-6.25465
-6.25081
-6.24911
-6.24772
-6.2471
-6.24332
-6.2411
-6.23781
-6.23288
-6.22907
-6.22272
-6.20966
-6.1962
-6.18437
-6.17671
-6.1762
-6.1799
-6.191
-6.20391
-6.21603
-6.22964
-6.24308
-6.25627
-6.26443
-6.26955
-6.26955
-6.26285
-6.25462
-6.24942
-6.25138
-6.26173
-6.28008
-6.3106
-6.34538
-6.3771
-6.39938
-6.40311
-6.38822
-6.35574
-6.31156
-6.26217
-6.21618
-6.17396
-6.14442
-6.12786
-6.11843
-6.11978
-6.13412
-6.15825
-6.19101
-6.22611
-6.25959
-6.28948
-6.31486
-6.33508
-6.35498
-6.36595
-6.3705
-6.36291
-6.34541
-6.31976
-6.28575
-6.24973
-6.21343
-6.18677
-6.17326
-6.17345
-6.18725
-6.21485
-6.24686
-6.27966
-6.3107
-6.33523
-6.35157
-6.35623
-6.3518
-6.33788
-6.31573
-6.29228
-6.27116
-6.24959
-6.23784
-6.23116
-6.2315
-6.23828
-6.25196
-6.26394
-6.26998
-6.26927
-6.25586
-6.22944
-6.19115
-6.1489
-6.10648
-6.07258
-6.0582
-6.06224
-6.08603
-6.12247
-6.16155
-6.19684
-6.22714
-6.24978
-6.26866
-6.28853
-6.30452
-6.31311
-6.31093
-6.29754
-6.2714
-6.23575
-6.19474
-6.15286
-6.11433
-6.08067
-6.05622
-6.04034
-6.03909
-6.05135
-6.07641
-6.11386
-6.16081
-6.20569
-6.24906
-6.28501
-6.30968
-6.32792
-6.33992
-6.35612
-6.37983
-6.40741
-6.44277
-6.4745
-6.49595
-6.50329
-6.49315
-6.46896
-6.43322
-6.39205
-6.3465
-6.30893
-6.26841
-6.2337
-6.20818
-6.19115
-6.18753
-6.20155
-6.23287
-6.27222
-6.30647
-6.32907
-6.33577
-6.33154
-6.31362
-6.29011
-6.26593
-6.24264
-6.22452
-6.21405
-6.20662
-6.21038
-6.22131
-6.241
-6.26286
-6.2838
-6.29691
-6.29963
-6.29721
-6.28911
-6.28058
-6.27477
-6.2722
-6.26556
-6.25771
-6.24902
-6.24027
-6.22492
-6.20687
-6.1822
-6.15966
-6.13938
-6.12896
-6.12446
-6.12589
-6.13584
-6.14951
-6.16701
-6.18808
-6.21049
-6.23015
-6.25677
-6.28633
-6.31708
-6.33993
-6.35298
-6.34854
-6.33524
-6.3138
-6.28716
-6.26176
-6.23877
-6.22424
-6.21941
-6.23027
-6.25317
-6.28735
-6.31441
-6.33145
-6.34115
-6.34137
-6.33767
-6.3348
-6.33554
-6.33736
-6.3407
-6.34339
-6.339
-6.32687
-6.30841
-6.28342
-6.25647
-6.22235
-6.19009
-6.16469
-6.14672
-6.13729
-6.13819
-6.14453
-6.15301
-6.16036
-6.16306
-6.16469
-6.16514
-6.17112
-6.17948
-6.18887
-6.20152
-6.2207
-6.24561
-6.27099
-6.29211
-6.30257
-6.30161
-6.29481
-6.28558
-6.28044
-6.28465
-6.29279
-6.3087
-6.32433
-6.33493
-6.339
-6.33706
-6.33685
-6.32966
-6.32303
-6.3156
-6.30783
-6.29397
-6.28246
-6.27283
-6.26583
-6.26275
-6.26344
-6.26945
-6.28097
-6.29226
-6.30652
-6.3228
-6.33708
-6.35009
-6.3568
-6.35234
-6.32704
-6.28478
-6.22743
-6.16524
-6.10519
-6.05942
-6.03107
-6.02497
-6.0408
-6.07281
-6.11827
-6.16967
-6.22412
-6.27451
-6.31913
-6.35253
-6.37508
-6.383
-6.37868
-6.36007
-6.32855
-6.28426
-6.23467
-6.18947
-6.15111
-6.12631
-6.11394
-6.11617
-6.1316
-6.15413
-6.18307
-6.20993
-6.22906
-6.24169
-6.24505
-6.24355
-6.24235
-6.23996
-6.23719
-6.23826
-6.23917
-6.24409
-6.2501
-6.25642
-6.26296
-6.26955
-6.27647
-6.28696
-6.29831
-6.31564
-6.34092
-6.37129
-6.4017
-6.42711
-6.4453
-6.44881
-6.43176
-6.39701
-6.34192
-6.28617
-6.23616
-6.20162
-6.18695
-6.19011
-6.20666
-6.22896
-6.25061
-6.26339
-6.27017
-6.26843
-6.25814
-6.24773
-6.23999
-6.2366
-6.24099
-6.24483
-6.24204
-6.22913
-6.21099
-6.19324
-6.17563
-6.16469
-6.15988
-6.16541
-6.17937
-6.1988
-6.2213
-6.24333
-6.26444
-6.28117
-6.28893
-6.28788
-6.27564
-6.24905
-6.21753
-6.18111
-6.15034
-6.12453
-6.11158
-6.10952
-6.11273
-6.12013
-6.12708
-6.13067
-6.13713
-6.14456
-6.14974
-6.15161
-6.15696
-6.16553
-6.18288
-6.20858
-6.23857
-6.27017
-6.29138
-6.29254
-6.26857
-6.22496
-6.1701
-6.11783
-6.08058
-6.0655
-6.08092
-6.12369
-6.18933
-6.26106
-6.3253
-6.37755
-6.41334
-6.4288
-6.42275
-6.39708
-6.35718
-6.31255
-6.26884
-6.23304
-6.21044
-6.20688
-6.21356
-6.23032
-6.25256
-6.27647
-6.30156
-6.31984
-6.32904
-6.32909
-6.3218
-6.30763
-6.29136
-6.27059
-6.25147
-6.2368
-6.23122
-6.22946
-6.23919
-6.2559
-6.275
-6.28963
-6.29575
-6.2858
-6.26447
-6.24023
-6.21958
-6.20688
-6.2037
-6.20648
-6.22026
-6.24197
-6.26673
-6.29414
-6.31577
-6.33265
-6.33967
-6.33651
-6.33408
-6.32885
-6.32996
-6.33911
-6.35039
-6.35872
-6.36126
-6.35883
-6.35177
-6.34302
-6.32502
-6.30069
-6.26505
-6.22202
-6.18072
-6.14544
-6.1161
-6.0942
-6.07644
-6.06432
-6.05827
-6.05475
-6.05493
-6.05579
-6.05644
-6.05452
-6.05514
-6.06094
-6.06886
-6.08165
-6.10456
-6.13469
-6.17714
-6.23163
-6.29389
-6.35942
-6.42123
-6.46977
-6.50452
-6.51991
-6.51972
-6.50776
-6.4914
-6.47077
-6.45126
-6.43678
-6.42337
-6.40602
-6.38369
-6.3556
-6.31552
-6.27085
-6.22046
-6.16869
-6.11671
-6.07088
-6.03938
-6.01937
-6.01432
-6.02526
-6.04684
-6.07952
-6.12199
-6.1662
-6.20689
-6.24249
-6.26445
-6.27823
-6.28373
-6.28092
-6.27197
-6.26452
-6.25942
-6.25934
-6.26886
-6.28647
-6.31237
-6.33899
-6.36441
-6.37992
-6.38013
-6.37176
-6.34926
-6.32272
-6.29238
-6.25711
-6.22211
-6.19343
-6.17245
-6.16691
-6.17355
-6.19161
-6.21328
-6.23064
-6.24145
-6.23919
-6.22817
-6.21486
-6.20469
-6.20241
-6.21142
-6.23397
-6.26257
-6.29873
-6.34125
-6.38414
-6.4245
-6.45638
-6.47232
-6.47066
-6.45613
-6.43264
-6.40191
-6.36525
-6.33172
-6.3003
-6.27626
-6.26008
-6.25198
-6.2501
-6.25269
-6.26184
-6.27093
-6.27672
-6.27108
-6.24927
-6.21616
-6.1793
-6.144
-6.1095
-6.07888
-6.05403
-6.04288
-6.04478
-6.06842
-6.10073
-6.1316
-6.14758
-6.16009
-6.16057
-6.15834
-6.15985
-6.1625
-6.17639
-6.19802
-6.23485
-6.27657
-6.32089
-6.36387
-6.40087
-6.43513
-6.46044
-6.47424
-6.47337
-6.45946
-6.42991
-6.38755
-6.33793
-6.28715
-6.24168
-6.20461
-6.18275
-6.17713
-6.18648
-6.2052
-6.23341
-6.27143
-6.30907
-6.34035
-6.36031
-6.36868
-6.35989
-6.34436
-6.32212
-6.29346
-6.2654
-6.24086
-6.21667
-6.19624
-6.17801
-6.15594
-6.13957
-6.13254
-6.13845
-6.16327
-6.20131
-6.24829
-6.30245
-6.35014
-6.38822
-6.41298
-6.4236
-6.41947
-6.41098
-6.39459
-6.37885
-6.35742
-6.34119
-6.32078
-6.29688
-6.26614
-6.22436
-6.1715
-6.11682
-6.06249
-6.0266
-6.01729
-6.03962
-6.08757
-6.14515
-6.19679
-6.2283
-6.24143
-6.23316
-6.2093
-6.17524
-6.13425
-6.09807
-6.07507
-6.07232
-6.07997
-6.09709
-6.11303
-6.12438
-6.13244
-6.14212
-6.16466
-6.20276
-6.25802
-6.31721
-6.3745
-6.41735
-6.44291
-6.4549
-6.45659
-6.46014
-6.45974
-6.45722
-6.44942
-6.43999
-6.42454
-6.39282
-6.36087
-6.32488
-6.28744
-6.25961
-6.24377
-6.24595
-6.25924
-6.28405
-6.3087
-6.32537
-6.32831
-6.31412
-6.2791
-6.2268
-6.15966
-6.09027
-6.03428
-6.00127
-5.99701
-6.01827
-6.06152
-6.11978
-6.18663
-6.25291
-6.3117
-6.35625
-6.38584
-6.39865
-6.40038
-6.39323
-6.3795
-6.36724
-6.35688
-6.34864
-6.34653
-6.34846
-6.34888
-6.34759
-6.33785
-6.32341
-6.29925
-6.2707
-6.23606
-6.20166
-6.16904
-6.14229
-6.12239
-6.11197
-6.11289
-6.12358
-6.14126
-6.15817
-6.17424
-6.18583
-6.1954
-6.20482
-6.20965
-6.21007
-6.20809
-6.20563
-6.21441
-6.23981
-6.27965
-6.33485
-6.39499
-6.45053
-6.49662
-6.5273
-6.54125
-6.53417
-6.50657
-6.45326
-6.38435
-6.30854
-6.2392
-6.18259
-6.1448
-6.12186
-6.10662
-6.09127
-6.07292
-6.05363
-6.03156
-6.0157
-6.00853
-6.0123
-6.03109
-6.06547
-6.11816
-6.1776
-6.24466
-6.3058
-6.35755
-6.396
-6.41727
-6.42284
-6.4103
-6.38134
-6.33877
-6.29056
-6.24836
-6.22205
-6.21309
-6.22311
-6.24876
-6.28349
-6.31785
-6.34665
-6.36051
-6.35921
-6.34453
-6.32164
-6.29495
-6.26358
-6.22868
-6.19391
-6.16515
-6.15134
-6.15939
-6.18702
-6.2357
-6.28935
-6.34029
-6.38084
-6.40847
-6.41676
-6.40196
-6.36432
-6.30871
-6.24542
-6.19339
-6.1666
-6.15877
-6.1653
-6.17804
-6.19803
-6.22336
-6.24889
-6.27445
-6.29559
-6.31644
-6.33144
-6.34826
-6.36017
-6.36828
-6.36792
-6.3562
-6.33611
-6.31035
-6.27403
-6.23573
-6.19552
-6.16213
-6.14061
-6.13441
-6.14249
-6.16268
-6.189
-6.21425
-6.23684
-6.25225
-6.26009
-6.25887
-6.25271
-6.23781
-6.2187
-6.19922
-6.18164
-6.16676
-6.15654
-6.15229
-6.1514
-6.15165
-6.15374
-6.15657
-6.15715
-6.15637
-6.15471
-6.14953
-6.1456
-6.14314
-6.14637
-6.15509
-6.16994
-6.18829
-6.20719
-6.22602
-6.24309
-6.25324
-6.25711
-6.2536
-6.24404
-6.23093
-6.22039
-6.21289
-6.2104
-6.21441
-6.22558
-6.23836
-6.25068
-6.25638
-6.25435
-6.24573
-6.22761
-6.20663
-6.18847
-6.17487
-6.16732
-6.16679
-6.18214
-6.20721
-6.24668
-6.29117
-6.33897
-6.3808
-6.41417
-6.43512
-6.43845
-6.42609
-6.39964
-6.36129
-6.31848
-6.27557
-6.24325
-6.22115
-6.2177
-6.22188
-6.23181
-6.24289
-6.25077
-6.25835
-6.25639
-6.24872
-6.23367
-6.21159
-6.19018
-6.17426
-6.17082
-6.17766
-6.19286
-6.20767
-6.21755
-6.21876
-6.21264
-6.2028
-6.19581
-6.19357
-6.19861
-6.2097
-6.22786
-6.25123
-6.277
-6.29903
-6.31508
-6.32153
-6.31789
-6.3078
-6.29591
-6.28814
-6.27886
-6.27155
-6.26113
-6.24239
-6.21793
-6.19915
-6.19134
-6.19547
-6.20989
-6.22651
-6.24005
-6.24255
-6.23631
-6.22938
-6.22351
-6.22124
-6.22612
-6.23761
-6.24857
-6.26126
-6.27674
-6.28666
-6.29328
-6.29592
-6.29323
-6.28545
-6.27111
-6.257
-6.24043
-6.23089
-6.23183
-6.24074
-6.2514
-6.26169
-6.26797
-6.26975
-6.27027
-6.2711
-6.27629
-6.28584
-6.29761
-6.30988
-6.31536
-6.32035
-6.31775
-6.3149
-6.30684
-6.29888
-6.28319
-6.26567
-6.24432
-6.22437
-6.21197
-6.20998
-6.21782
-6.23773
-6.26416
-6.29777
-6.33162
-6.36157
-6.37856
-6.38031
-6.36539
-6.32918
-6.27634
-6.21678
-6.16194
-6.11475
-6.08507
-6.07653
-6.08778
-6.11795
-6.16551
-6.21869
-6.26904
-6.31017
-6.33591
-6.34351
-6.33276
-6.30348
-6.26091
-6.20767
-6.15793
-6.12599
-6.1215
-6.14316
-6.18125
-6.22294
-6.26104
-6.28679
-6.29992
-6.30358
-6.30053
-6.29736
-6.29746
-6.30543
-6.32381
-6.35004
-6.37995
-6.40332
-6.41839
-6.41917
-6.40091
-6.36893
-6.32517
-6.28236
-6.24443
-6.2128
-6.1911
-6.1756
-6.16771
-6.16622
-6.16668
-6.16534
-6.16529
-6.1617
-6.15163
-6.13818
-6.12389
-6.11883
-6.12255
-6.13717
-6.15946
-6.18522
-6.20693
-6.21971
-6.22252
-6.22078
-6.21249
-6.20665
-6.20555
-6.21104
-6.21925
-6.23084
-6.24569
-6.26178
-6.27384
-6.284
-6.29096
-6.29006
-6.28779
-6.28288
-6.27995
-6.27653
-6.27176
-6.27318
-6.27633
-6.28019
-6.28859
-6.29757
-6.30406
-6.31034
-6.31147
-6.30883
-6.30251
-6.29686
-6.29133
-6.28765
-6.29222
-6.29617
-6.29909
-6.29898
-6.29873
-6.29822
-6.30581
-6.31502
-6.32395
-6.33248
-6.33389
-6.32771
-6.30821
-6.28008
-6.25058
-6.221
-6.20024
-6.19138
-6.19161
-6.19933
-6.21036
-6.22324
-6.2313
-6.2393
-6.24354
-6.24608
-6.24833
-6.25216
-6.25723
-6.26485
-6.27399
-6.27979
-6.28562
-6.28964
-6.29142
-6.29483
-6.30559
-6.31971
-6.33172
-6.33218
-6.31412
-6.28328
-6.24063
-6.19728
-6.15814
-6.12391
-6.10415
-6.09834
-6.10524
-6.12421
-6.14635
-6.17243
-6.19837
-6.22356
-6.24505
-6.25952
-6.27112
-6.27556
-6.2739
-6.26834
-6.26124
-6.25352
-6.25084
-6.25665
-6.26967
-6.29095
-6.31909
-6.34722
-6.37696
-6.39609
-6.40553
-6.40156
-6.38963
-6.36698
-6.34267
-6.31839
-6.30191
-6.28431
-6.26766
-6.25101
-6.23507
-6.22198
-6.21442
-6.21689
-6.2269
-6.23711
-6.24274
-6.24277
-6.23082
-6.2112
-6.18469
-6.15543
-6.12775
-6.1099
-6.10719
-6.11696
-6.13994
-6.17539
-6.20924
-6.23797
-6.25835
-6.27708
-6.29467
-6.30965
-6.32085
-6.32995
-6.34014
-6.34938
-6.35946
-6.36851
-6.37572
-6.37726
-6.36879
-6.34548
-6.30523
-6.25482
-6.1977
-6.14222
-6.09856
-6.07721
-6.08297
-6.11385
-6.16283
-6.22037
-6.27492
-6.31761
-6.34568
-6.35926
-6.35653
-6.34453
-6.32277
-6.29628
-6.27173
-6.25307
-6.23193
-6.20999
-6.18539
-6.16003
-6.13957
-6.12382
-6.12022
-6.12832
-6.14142
-6.15401
-6.16441
-6.16855
-6.1669
-6.16332
-6.16519
-6.17443
-6.19312
-6.22156
-6.25479
-6.28698
-6.31464
-6.33686
-6.35357
-6.36374
-6.36881
-6.37147
-6.37264
-6.36996
-6.36232
-6.3488
-6.324
-6.28831
-6.24938
-6.21116
-6.18298
-6.16935
-6.17567
-6.1989
-6.22906
-6.2596
-6.28914
-6.30753
-6.31251
-6.30424
-6.28711
-6.2631
-6.23808
-6.21032
-6.18072
-6.15035
-6.11527
-6.08386
-6.06388
-6.06651
-6.09168
-6.13326
-6.18693
-6.24598
-6.29807
-6.34023
-6.36926
-6.39098
-6.4065
-6.41278
-6.41054
-6.40316
-6.39095
-6.37521
-6.35874
-6.33434
-6.30108
-6.26208
-6.22063
-6.18537
-6.15963
-6.15
-6.14812
-6.15315
-6.16092
-6.16772
-6.17069
-6.17233
-6.16872
-6.16584
-6.16312
-6.16112
-6.16651
-6.18111
-6.20611
-6.24052
-6.27662
-6.31067
-6.33808
-6.3539
-6.35428
-6.34252
-6.31613
-6.28428
-6.25256
-6.23007
-6.22955
-6.2503
-6.27858
-6.30636
-6.33032
-6.34347
-6.34449
-6.33097
-6.29898
-6.26019
-6.22012
-6.18964
-6.17854
-6.18843
-6.21687
-6.25573
-6.29095
-6.31384
-6.3191
-6.30848
-6.28268
-6.25145
-6.21474
-6.19184
-6.18098
-6.18718
-6.20987
-6.24322
-6.27516
-6.30517
-6.32723
-6.33715
-6.34053
-6.3393
-6.32734
-6.31189
-6.28769
-6.26151
-6.22882
-6.19781
-6.17086
-6.15698
-6.15743
-6.16894
-6.19257
-6.22173
-6.24913
-6.27044
-6.28581
-6.29188
-6.28738
-6.28113
-6.27194
-6.26839
-6.27343
-6.28769
-6.31103
-6.333
-6.3487
-6.35866
-6.35646
-6.34326
-6.31789
-6.28492
-6.25205
-6.21911
-6.19522
-6.17589
-6.16342
-6.15598
-6.14973
-6.14788
-6.14647
-6.14649
-6.14403
-6.1382
-6.13411
-6.13671
-6.15005
-6.174
-6.20551
-6.24291
-6.27144
-6.29001
-6.29584
-6.29714
-6.29014
-6.28291
-6.281
-6.28158
-6.28401
-6.28276
-6.27036
-6.24972
-6.22298
-6.20335
-6.1967
-6.20581
-6.22144
-6.24138
-6.25804
-6.26504
-6.26654
-6.26207
-6.25468
-6.25576
-6.27029
-6.291
-6.31503
-6.33859
-6.36346
-6.37936
-6.3956
-6.40775
-6.41797
-6.42659
-6.42845
-6.41893
-6.39424
-6.35863
-6.30932
-6.25514
-6.20674
-6.17208
-6.15602
-6.15063
-6.15253
-6.15936
-6.16439
-6.16682
-6.17222
-6.17829
-6.18761
-6.20192
-6.22087
-6.24619
-6.27203
-6.29379
-6.30847
-6.30957
-6.31269
-6.3114
-6.31427
-6.32435
-6.33858
-6.35383
-6.36374
-6.36606
-6.35553
-6.33173
-6.29508
-6.25036
-6.20467
-6.16086
-6.12317
-6.09867
-6.0793
-6.07804
-6.08919
-6.11495
-6.14741
-6.18072
-6.2095
-6.22783
-6.24032
-6.24703
-6.25262
-6.25938
-6.26766
-6.27523
-6.28405
-6.29545
-6.30781
-6.32439
-6.3413
-6.3559
-6.36456
-6.36476
-6.35622
-6.34637
-6.33494
-6.32291
-6.31533
-6.30935
-6.30816
-6.30331
-6.29691
-6.28616
-6.26883
-6.24873
-6.22863
-6.21421
-6.20486
-6.20734
-6.21138
-6.21641
-6.21866
-6.22183
-6.22183
-6.22131
-6.22171
-6.22024
-6.21539
-6.20147
-6.18216
-6.16053
-6.1407
-6.12432
-6.11837
-6.11986
-6.13313
-6.15728
-6.18965
-6.22849
-6.26509
-6.29445
-6.31032
-6.31102
-6.29513
-6.26946
-6.24164
-6.21418
-6.1991
-6.19857
-6.21081
-6.22829
-6.25461
-6.28839
-6.31652
-6.34319
-6.36343
-6.37327
-6.37777
-6.37171
-6.3606
-6.34308
-6.32015
-6.29899
-6.28594
-6.28271
-6.28697
-6.29073
-6.29149
-6.28541
-6.27435
-6.26135
-6.24618
-6.23496
-6.23233
-6.23346
-6.24273
-6.25372
-6.267
-6.2781
-6.28284
-6.2758
-6.26535
-6.25128
-6.23619
-6.22589
-6.22366
-6.22968
-6.23866
-6.25164
-6.26143
-6.26132
-6.2486
-6.23017
-6.21171
-6.19817
-6.19488
-6.19877
-6.20779
-6.21758
-6.23141
-6.24744
-6.26674
-6.285
-6.29937
-6.31176
-6.31352
-6.30165
-6.27786
-6.24645
-6.2163
-6.18714
-6.16614
-6.15251
-6.14886
-6.149
-6.15153
-6.16081
-6.17295
-6.18461
-6.19439
-6.20347
-6.20726
-6.19972
-6.18104
-6.15406
-6.1237
-6.0958
-6.07745
-6.08105
-6.10154
-6.13568
-6.17969
-6.22771
-6.27452
-6.31759
-6.35367
-6.37949
-6.40061
-6.41929
-6.43562
-6.45472
-6.47114
-6.48014
-6.48308
-6.47395
-6.45093
-6.4122
-6.35847
-6.29196
-6.2214
-6.14749
-6.07971
-6.03071
-6.0012
-5.99692
-6.01291
-6.03907
-6.0756
-6.11831
-6.15835
-6.19337
-6.22537
-6.25035
-6.26982
-6.28706
-6.30208
-6.31216
-6.31717
-6.3178
-6.30667
-6.29661
-6.28552
-6.27541
-6.26636
-6.26283
-6.26457
-6.27281
-6.28234
-6.2906
-6.29571
-6.29738
-6.29918
-6.3024
-6.30606
-6.31391
-6.32332
-6.33289
-6.33775
-6.33515
-6.32874
-6.31932
-6.3088
-6.30156
-6.29597
-6.28535
-6.26978
-6.25028
-6.22889
-6.2101
-6.1914
-6.1792
-6.17268
-6.17809
-6.1974
-6.22636
-6.26477
-6.2968
-6.32186
-6.33352
-6.33101
-6.31376
-6.28186
-6.23608
-6.17996
-6.12575
-6.07978
-6.05343
-6.05568
-6.08327
-6.12243
-6.17121
-6.217
-6.25311
-6.27724
-6.29199
-6.29881
-6.30087
-6.30151
-6.30709
-6.3093
-6.30632
-6.29831
-6.28383
-6.27293
-6.27398
-6.28741
-6.30812
-6.32938
-6.34476
-6.35853
-6.36339
-6.36057
-6.34835
-6.32712
-6.29827
-6.26581
-6.23778
-6.21527
-6.204
-6.20393
-6.2088
-6.2233
-6.24383
-6.27029
-6.29996
-6.32904
-6.3555
-6.37174
-6.3733
-6.36166
-6.33758
-6.30604
-6.27664
-6.25117
-6.23402
-6.22762
-6.2261
-6.22628
-6.22935
-6.23176
-6.23102
-6.2272
-6.2237
-6.22555
-6.23156
-6.24259
-6.25883
-6.27406
-6.28605
-6.29624
-6.29929
-6.29628
-6.28417
-6.2749
-6.26745
-6.26608
-6.27213
-6.28505
-6.305
-6.3243
-6.34285
-6.35295
-6.34925
-6.34409
-6.33232
-6.31692
-6.30406
-6.29156
-6.27933
-6.27078
-6.27141
-6.27727
-6.28885
-6.30267
-6.31264
-6.3129
-6.2984
-6.27335
-6.23241
-6.18041
-6.13005
-6.08335
-6.05066
-6.03733
-6.04585
-6.07363
-6.11207
-6.1487
-6.18313
-6.20776
-6.21857
-6.21591
-6.19791
-6.17373
-6.14987
-6.13305
-6.13345
-6.14881
-6.17867
-6.22034
-6.26263
-6.30013
-6.32642
-6.34174
-6.35013
-6.3593
-6.36426
-6.36376
-6.36138
-6.35729
-6.35413
-6.35149
-6.34975
-6.34903
-6.3437
-6.33806
-6.32512
-6.3079
-6.28835
-6.26224
-6.23495
-6.20819
-6.18873
-6.182
-6.18564
-6.20331
-6.23313
-6.27036
-6.31292
-6.35243
-6.38851
-6.41301
-6.42748
-6.43462
-6.43042
-6.41411
-6.38671
-6.3543
-6.3198
-6.28554
-6.25392
-6.22914
-6.20477
-6.19103
-6.18189
-6.18063
-6.18754
-6.19865
-6.2149
-6.23658
-6.25744
-6.27672
-6.28999
-6.29682
-6.29856
-6.29941
-6.29465
-6.28831
-6.28399
-6.27781
-6.27282
-6.26806
-6.25987
-6.25111
-6.24867
-6.24483
-6.23956
-6.23172
-6.21639
-6.19276
-6.16373
-6.13515
-6.11001
-6.08809
-6.07362
-6.06704
-6.06545
-6.06596
-6.07352
-6.08894
-6.11463
-6.15121
-6.19354
-6.2328
-6.26171
-6.28177
-6.29435
-6.30334
-6.31271
-6.32546
-6.33939
-6.3547
-6.37258
-6.38715
-6.3991
-6.4101
-6.41823
-6.42484
-6.42194
-6.41681
-6.40465
-6.39165
-6.37126
-6.34802
-6.32172
-6.29639
-6.2767
-6.25928
-6.24738
-6.24143
-6.24416
-6.25538
-6.27041
-6.28384
-6.28758
-6.28676
-6.27653
-6.26067
-6.2425
-6.22358
-6.20271
-6.18231
-6.16133
-6.14547
-6.13935
-6.14421
-6.15977
-6.18667
-6.21124
-6.22962
-6.24263
-6.24409
-6.23687
-6.22381
-6.2049
-6.1876
-6.17406
-6.16484
-6.16339
-6.16272
-6.16833
-6.17888
-6.19647
-6.21124
-6.22435
-6.2334
-6.237
-6.23212
-6.2276
-6.22395
-6.21826
-6.21682
-6.2245
-6.23682
-6.24949
-6.26423
-6.2747
-6.28407
-6.29292
-6.29321
-6.29033
-6.28556
-6.27958
-6.27169
-6.26983
-6.2731
-6.28178
-6.29696
-6.3101
-6.31757
-6.32267
-6.32559
-6.32855
-6.33259
-6.33748
-6.34151
-6.34076
-6.33378
-6.3257
-6.32143
-6.32133
-6.3219
-6.31068
-6.2835
-6.24649
-6.20177
-6.15806
-6.12356
-6.10293
-6.09422
-6.09227
-6.09414
-6.10625
-6.1304
-6.16307
-6.20364
-6.24815
-6.29624
-6.34084
-6.37796
-6.41108
-6.43032
-6.44153
-6.44374
-6.43911
-6.42892
-6.40842
-6.3743
-6.32967
-6.27747
-6.22366
-6.18289
-6.15896
-6.15559
-6.16505
-6.18022
-6.19567
-6.20643
-6.20803
-6.20597
-6.1957
-6.1867
-6.17266
-6.16409
-6.1588
-6.16042
-6.16763
-6.17296
-6.17917
-6.18372
-6.19073
-6.20309
-6.22277
-6.24896
-6.27729
-6.30269
-6.31928
-6.32437
-6.31603
-6.29834
-6.27228
-6.24228
-6.21499
-6.19079
-6.16965
-6.15261
-6.142
-6.139
-6.15469
-6.18808
-6.24043
-6.30198
-6.36878
-6.42621
-6.46582
-6.48207
-6.48062
-6.45589
-6.4176
-6.36987
-6.32463
-6.28979
-6.27542
-6.27742
-6.30132
-6.32842
-6.3516
-6.36201
-6.35843
-6.33959
-6.31751
-6.29307
-6.26686
-6.24213
-6.21815
-6.19908
-6.19064
-6.18875
-6.19626
-6.21374
-6.23171
-6.24947
-6.26192
-6.26399
-6.25802
-6.24462
-6.2249
-6.20395
-6.1876
-6.17732
-6.17664
-6.18907
-6.20808
-6.22878
-6.24331
-6.24932
-6.24858
-6.24246
-6.23122
-6.22484
-6.23028
-6.24018
-6.2627
-6.28422
-6.30805
-6.33088
-6.34758
-6.35776
-6.35955
-6.3494
-6.32828
-6.29376
-6.24951
-6.19893
-6.15434
-6.11727
-6.09265
-6.08541
-6.1001
-6.12883
-6.1699
-6.21298
-6.24637
-6.2666
-6.2709
-6.25952
-6.23932
-6.21679
-6.19394
-6.17219
-6.15623
-6.14445
-6.13513
-6.13273
-6.13653
-6.14787
-6.16624
-6.19794
-6.23956
-6.29147
-6.34546
-6.39542
-6.43884
-6.46879
-6.48763
-6.49961
-6.51065
-6.52112
-6.53044
-6.53267
-6.52361
-6.50245
-6.46849
-6.42515
-6.37326
-6.31735
-6.25913
-6.19992
-6.15174
-6.12146
-6.11378
-6.11515
-6.11353
-6.10891
-6.1069
-6.11106
-6.12451
-6.14216
-6.16217
-6.17712
-6.1868
-6.19561
-6.20575
-6.22308
-6.24592
-6.26971
-6.29248
-6.31208
-6.32729
-6.33521
-6.33327
-6.32296
-6.30588
-6.28887
-6.27432
-6.27024
-6.2778
-6.29658
-6.32685
-6.36064
-6.38482
-6.39635
-6.39046
-6.37003
-6.33566
-6.29527
-6.25311
-6.21088
-6.17486
-6.14643
-6.12849
-6.11957
-6.11718
-6.11804
-6.11922
-6.11811
-6.11981
-6.12259
-6.12581
-6.13399
-6.14068
-6.14744
-6.14884
-6.14612
-6.1449
-6.15068
-6.16507
-6.19355
-6.22669
-6.25757
-6.27891
-6.29096
-6.29213
-6.28573
-6.27277
-6.25848
-6.24794
-6.24562
-6.25124
-6.26566
-6.29306
-6.33192
-6.37683
-6.41806
-6.45063
-6.473
-6.47964
-6.4826
-6.47711
-6.46968
-6.45975
-6.44499
-6.42374
-6.3947
-6.35909
-6.32023
-6.27888
-6.24501
-6.21385
-6.19184
-6.17968
-6.17258
-6.17649
-6.19081
-6.2161
-6.24511
-6.26917
-6.28187
-6.28326
-6.27765
-6.2745
-6.27072
-6.27275
-6.2802
-6.29128
-6.30454
-6.31476
-6.31928
-6.3139
-6.3001
-6.27825
-6.25236
-6.22195
-6.19267
-6.1687
-6.15027
-6.13563
-6.12735
-6.12212
-6.1166
-6.11515
-6.11776
-6.12385
-6.1324
-6.14297
-6.15285
-6.16188
-6.17266
-6.18155
-6.19621
-6.21454
-6.23036
-6.24231
-6.25154
-6.25677
-6.25676
-6.25277
-6.24575
-6.23149
-6.22401
-6.22595
-6.23993
-6.26769
-6.30407
-6.34074
-6.37081
-6.39338
-6.40907
-6.41332
-6.4121
-6.40212
-6.38449
-6.35919
-6.3266
-6.29072
-6.25865
-6.23243
-6.21349
-6.20113
-6.20014
-6.20907
-6.21754
-6.22542
-6.23178
-6.23131
-6.22627
-6.21907
-6.21208
-6.2085
-6.20943
-6.21715
-6.22912
-6.23963
-6.24941
-6.26349
-6.28524
-6.3077
-6.3292
-6.35137
-6.36613
-6.37178
-6.36645
-6.35569
-6.33619
-6.31332
-6.28526
-6.25521
-6.23087
-6.21406
-6.20273
-6.19592
-6.19215
-6.19216
-6.19796
-6.20827
-6.2203
-6.23536
-6.24988
-6.2597
-6.26729
-6.2772
-6.28617
-6.29189
-6.29376
-6.28829
-6.27502
-6.25981
-6.24295
-6.23756
-6.23674
-6.23831
-6.24275
-6.2472
-6.24772
-6.24757
-6.24565
-6.24129
-6.23511
-6.22237
-6.20042
-6.1763
-6.15404
-6.13072
-6.11268
-6.10033
-6.0926
-6.09075
-6.09561
-6.10801
-6.12372
-6.14314
-6.16595
-6.1916
-6.2184
-6.24246
-6.26151
-6.27294
-6.28089
-6.28966
-6.29167
-6.29222
-6.28575
-6.27122
-6.24894
-6.22119
-6.19073
-6.15986
-6.13428
-6.12458
-6.12798
-6.14614
-6.17691
-6.21664
-6.26046
-6.30718
-6.34909
-6.38163
-6.40508
-6.42312
-6.43157
-6.42622
-6.41002
-6.37885
-6.33286
-6.27454
-6.21674
-6.16726
-6.13734
-6.12876
-6.14354
-6.17358
-6.21206
-6.25543
-6.29561
-6.33093
-6.35551
-6.3654
-6.36156
-6.34516
-6.3204
-6.29517
-6.2787
-6.27316
-6.27974
-6.29812
-6.32149
-6.34114
-6.35635
-6.35832
-6.34468
-6.31961
-6.28897
-6.25571
-6.22629
-6.19795
-6.17648
-6.1637
-6.15833
-6.16176
-6.17414
-6.19217
-6.21311
-6.22847
-6.2336
-6.22418
-6.19779
-6.16123
-6.12639
-6.10453
-6.10402
-6.12672
-6.16622
-6.21147
-6.25076
-6.28121
-6.29526
-6.29505
-6.28667
-6.26842
-6.24406
-6.21216
-6.18075
-6.15102
-6.12246
-6.10213
-6.09478
-6.10057
-6.12619
-6.16857
-6.22952
-6.29961
-6.37124
-6.42986
-6.47064
-6.48984
-6.4868
-6.46722
-6.43514
-6.39113
-6.34447
-6.29573
-6.2545
-6.22045
-6.19829
-6.19301
-6.19893
-6.21337
-6.22512
-6.23318
-6.23234
-6.22228
-6.20587
-6.18455
-6.16414
-6.14796
-6.13744
-6.13085
-6.12713
-6.13147
-6.14329
-6.16332
-6.18686
-6.21279
-6.24004
-6.26368
-6.28459
-6.30291
-6.32125
-6.33869
-6.34913
-6.35018
-6.33888
-6.30985
-6.26873
-6.21835
-6.17513
-6.14586
-6.12838
-6.12629
-6.13744
-6.15943
-6.17785
-6.19765
-6.21806
-6.23365
-6.25122
-6.27089
-6.29136
-6.31656
-6.33922
-6.35447
-6.3631
-6.35731
-6.34405
-6.32139
-6.29137
-6.25876
-6.22839
-6.20823
-6.20022
-6.20509
-6.21871
-6.24213
-6.27302
-6.30533
-6.33334
-6.35446
-6.35843
-6.3446
-6.32066
-6.29547
-6.27781
-6.27261
-6.27567
-6.28043
-6.28504
-6.28423
-6.27758
-6.26757
-6.25492
-6.24783
-6.24776
-6.25399
-6.25978
-6.25898
-6.2568
-6.26139
-6.26802
-6.28375
-6.3028
-6.32184
-6.33143
-6.33319
-6.3287
-6.31994
-6.30449
-6.28676
-6.26342
-6.23733
-6.21046
-6.19017
-6.17746
-6.17076
-6.17306
-6.17912
-6.18049
-6.17881
-6.1718
-6.17132
-6.17959
-6.19704
-6.21607
-6.23469
-6.24832
-6.25914
-6.26371
-6.26711
-6.2697
-6.27137
-6.27374
-6.27092
-6.2692
-6.26039
-6.24988
-6.2378
-6.22557
-6.21786
-6.20963
-6.21181
-6.22159
-6.23071
-6.23727
-6.2411
-6.23923
-6.2327
-6.22688
-6.22635
-6.22664
-6.22742
-6.22909
-6.22879
-6.22879
-6.2267
-6.23061
-6.24594
-6.27171
-6.30633
-6.34355
-6.37843
-6.40653
-6.42595
-6.43191
-6.42552
-6.40889
-6.37946
-6.33637
-6.28613
-6.23407
-6.18693
-6.15272
-6.13147
-6.12524
-6.13074
-6.14038
-6.15407
-6.16706
-6.18401
-6.20307
-6.22713
-6.25003
-6.27036
-6.28272
-6.28336
-6.27262
-6.25201
-6.22719
-6.21069
-6.20419
-6.2034
-6.20856
-6.22022
-6.22971
-6.23892
-6.25216
-6.26654
-6.28169
-6.29334
-6.30358
-6.30904
-6.31359
-6.31385
-6.31085
-6.30121
-6.28783
-6.26828
-6.24375
-6.22297
-6.20383
-6.1872
-6.17326
-6.16633
-6.1671
-6.17621
-6.19006
-6.20832
-6.22291
-6.22882
-6.22901
-6.22548
-6.22189
-6.21764
-6.21849
-6.22673
-6.24164
-6.25911
-6.27981
-6.30337
-6.32357
-6.34148
-6.35833
-6.37234
-6.38302
-6.39511
-6.39614
-6.38347
-6.35674
-6.3175
-6.27065
-6.22158
-6.17887
-6.14743
-6.12821
-6.11684
-6.11543
-6.12185
-6.1342
-6.14526
-6.15234
-6.15117
-6.14544
-6.13677
-6.1332
-6.1428
-6.16915
-6.20813
-6.25347
-6.29763
-6.33891
-6.36633
-6.37991
-6.379
-6.37163
-6.35481
-6.33851
-6.32342
-6.31002
-6.29827
-6.29165
-6.28818
-6.29048
-6.29063
-6.28962
-6.28206
-6.27188
-6.2547
-6.23936
-6.22555
-6.21528
-6.20962
-6.203
-6.1913
-6.18265
-6.17377
-6.17189
-6.17811
-6.19105
-6.20784
-6.21943
-6.2273
-6.22793
-6.22189
-6.21026
-6.1919
-6.17179
-6.15244
-6.13389
-6.12378
-6.11981
-6.12857
-6.14624
-6.17928
-6.22167
-6.27165
-6.32604
-6.37643
-6.41325
-6.43886
-6.44924
-6.44705
-6.43883
-6.42911
-6.41441
-6.39613
-6.36806
-6.3357
-6.30031
-6.27154
-6.24711
-6.2289
-6.21676
-6.21022
-6.20578
-6.20262
-6.19763
-6.18764
-6.1792
-6.17947
-6.18759
-6.20638
-6.23234
-6.26147
-6.28201
-6.2923
-6.28707
-6.27104
-6.24253
-6.20795
-6.171
-6.13623
-6.1064
-6.08804
-6.08062
-6.08724
-6.10903
-6.14529
-6.18791
-6.22736
-6.26428
-6.29464
-6.31754
-6.34
-6.35691
-6.36516
-6.37087
-6.37027
-6.36339
-6.34919
-6.32564
-6.29232
-6.25151
-6.20734
-6.16984
-6.14635
-6.14352
-6.1577
-6.18441
-6.21566
-6.23758
-6.24825
-6.24623
-6.23417
-6.212
-6.18808
-6.17408
-6.17128
-6.18239
-6.20352
-6.23362
-6.26431
-6.29286
-6.31702
-6.33034
-6.33727
-6.33827
-6.33457
-6.33175
-6.32745
-6.3211
-6.31193
-6.30093
-6.28839
-6.27709
-6.26737
-6.25536
-6.24024
-6.22546
-6.21264
-6.20181
-6.19802
-6.2017
-6.21158
-6.2279
-6.25002
-6.27593
-6.30433
-6.32738
-6.34223
-6.34735
-6.34708
-6.33972
-6.33378
-6.32615
-6.31963
-6.30968
-6.30112
-6.29277
-6.28318
-6.27901
-6.2761
-6.27617
-6.28198
-6.28323
-6.28081
-6.274
-6.25891
-6.24012
-6.2159
-6.19789
-6.18585
-6.17995
-6.18623
-6.2005
-6.21729
-6.24034
-6.26044
-6.2837
-6.30273
-6.31234
-6.30996
-6.29786
-6.27205
-6.23947
-6.20265
-6.16914
-6.14233
-6.12819
-6.12579
-6.13679
-6.15925
-6.19555
-6.23929
-6.29197
-6.33918
-6.37242
-6.38274
-6.37231
-6.34162
-6.30148
-6.26641
-6.23929
-6.21954
-6.20789
-6.19974
-6.19712
-6.19799
-6.19395
-6.18863
-6.18881
-6.19436
-6.2085
-6.22423
-6.24245
-6.26308
-6.2823
-6.30069
-6.31462
-6.31636
-6.31314
-6.29876
-6.27739
-6.26237
-6.25428
-6.25904
-6.27492
-6.2979
-6.31727
-6.33301
-6.34114
-6.33883
-6.32923
-6.31026
-6.2848
-6.26016
-6.23612
-6.21657
-6.20088
-6.18281
-6.16495
-6.15593
-6.15323
-6.16224
-6.1847
-6.21034
-6.23805
-6.26371
-6.28257
-6.29341
-6.29905
-6.30478
-6.30416
-6.30102
-6.29068
-6.27492
-6.25472
-6.23401
-6.21799
-6.21453
-6.22555
-6.25266
-6.27912
-6.30179
-6.31475
-6.32142
-6.32668
-6.32902
-6.32921
-6.3306
-6.32697
-6.31904
-6.31019
-6.29727
-6.28295
-6.2702
-6.25365
-6.23938
-6.2306
-6.22764
-6.2341
-6.25133
-6.27419
-6.29745
-6.31385
-6.31581
-6.30237
-6.27561
-6.23335
-6.18797
-6.14078
-6.10126
-6.07038
-6.04845
-6.03779
-6.03755
-6.04823
-6.06792
-6.09193
-6.12151
-6.15096
-6.17856
-6.20143
-6.22185
-6.23656
-6.25191
-6.26463
-6.28108
-6.30374
-6.32673
-6.3469
-6.36759
-6.38459
-6.40011
-6.41441
-6.42081
-6.41901
-6.39805
-6.36099
-6.3094
-6.25145
-6.19515
-6.1501
-6.1203
-6.10768
-6.10675
-6.111
-6.12782
-6.15526
-6.19527
-6.24611
-6.30065
-6.35219
-6.38728
-6.40367
-6.39896
-6.37526
-6.33547
-6.29473
-6.26221
-6.24694
-6.24869
-6.2626
-6.2826
-6.3034
-6.315
-6.31968
-6.3165
-6.31355
-6.30951
-6.30831
-6.30591
-6.30635
-6.3079
-6.31134
-6.31697
-6.32047
-6.31993
-6.31687
-6.3089
-6.2979
-6.29147
-6.28815
-6.28914
-6.28689
-6.28077
-6.266
-6.24036
-6.20433
-6.16168
-6.11735
-6.07757
-6.04983
-6.04226
-6.054
-6.07605
-6.10626
-6.13229
-6.15444
-6.16748
-6.17506
-6.17841
-6.17733
-6.17596
-6.17558
-6.17472
-6.16794
-6.15942
-6.14713
-6.13745
-6.13686
-6.14526
-6.16026
-6.18805
-6.22537
-6.26764
-6.31301
-6.35032
-6.38222
-6.40337
-6.41622
-6.41684
-6.40272
-6.37733
-6.3344
-6.28016
-6.22248
-6.16896
-6.13022
-6.11455
-6.12729
-6.16165
-6.202
-6.23875
-6.26512
-6.27597
-6.27521
-6.26443
-6.25605
-6.25706
-6.27342
-6.3015
-6.33771
-6.37036
-6.39264
-6.3967
-6.38795
-6.36318
-6.33227
-6.29734
-6.26826
-6.24552
-6.23516
-6.23365
-6.23679
-6.24029
-6.24117
-6.2373
-6.22902
-6.22157
-6.21641
-6.21054
-6.20791
-6.20941
-6.21229
-6.21571
-6.22285
-6.23328
-6.24435
-6.2603
-6.27808
-6.29691
-6.3154
-6.33283
-6.34662
-6.35047
-6.34919
-6.34423
-6.32747
-6.30634
-6.28284
-6.25785
-6.23535
-6.21385
-6.19127
-6.17606
-6.16407
-6.15832
-6.15675
-6.16058
-6.16542
-6.16835
-6.16703
-6.16089
-6.15665
-6.15508
-6.15797
-6.16844
-6.18104
-6.19148
-6.19636
-6.19547
-6.18377
-6.16716
-6.15158
-6.14586
-6.15652
-6.18504
-6.2326
-6.28636
-6.33644
-6.36846
-6.37862
-6.36679
-6.33377
-6.29296
-6.25118
-6.2203
-6.2071
-6.21354
-6.23915
-6.27672
-6.31808
-6.35582
-6.38678
-6.40731
-6.4152
-6.41283
-6.40308
-6.38765
-6.36816
-6.34897
-6.32747
-6.31371
-6.30246
-6.29292
-6.28052
-6.26599
-6.25061
-6.2332
-6.21651
-6.20635
-6.20116
-6.19921
-6.20308
-6.21232
-6.22655
-6.24128
-6.25409
-6.2644
-6.2702
-6.27461
-6.27227
-6.26974
-6.26856
-6.26904
-6.26926
-6.27189
-6.27558
-6.2771
-6.27991
-6.28727
-6.29211
-6.29496
-6.28978
-6.27385
-6.24956
-6.21954
-6.18929
-6.16237
-6.15029
-6.15188
-6.16749
-6.18947
-6.21266
-6.23176
-6.24447
-6.24715
-6.24435
-6.23954
-6.23278
-6.23068
-6.2332
-6.23537
-6.23513
-6.22971
-6.22271
-6.20941
-6.20139
-6.19992
-6.21108
-6.2348
-6.26927
-6.30883
-6.34293
-6.36738
-6.37456
-6.36772
-6.34859
-6.3138
-6.26862
-6.21581
-6.15971
-6.10739
-6.06167
-6.03346
-6.02392
-6.0397
-6.08275
-6.14654
-6.23137
-6.32312
-6.40794
-6.47575
-6.52132
-6.54151
-6.54087
-6.51996
-6.48419
-6.43683
-6.38417
-6.32919
-6.28307
-6.2451
-6.2197
-6.20966
-6.2107
-6.21442
-6.21801
-6.22245
-6.22207
-6.22099
-6.21938
-6.21987
-6.22737
-6.24246
-6.26269
-6.28286
-6.29193
-6.29511
-6.29721
-6.29572
-6.29555
-6.29593
-6.29369
-6.28657
-6.27191
-6.25177
-6.22216
-6.19692
-6.18175
-6.18014
-6.19249
-6.21171
-6.23065
-6.24488
-6.2479
-6.23561
-6.20998
-6.1739
-6.13375
-6.09934
-6.07987
-6.07371
-6.08451
-6.10782
-6.14313
-6.18555
-6.23024
-6.27014
-6.3047
-6.3286
-6.34464
-6.35292
-6.35299
-6.3448
-6.33803
-6.32866
-6.3246
-6.31718
-6.3104
-6.30052
-6.2873
-6.27569
-6.26451
-6.25646
-6.24501
-6.22906
-6.20683
-6.18767
-6.17402
-6.1703
-6.17631
-6.18253
-6.19284
-6.19601
-6.19607
-6.1967
-6.1991
-6.20466
-6.21452
-6.22631
-6.24151
-6.2548
-6.26972
-6.28249
-6.2973
-6.31768
-6.34498
-6.37047
-6.38965
-6.39934
-6.39671
-6.38662
-6.36924
-6.34494
-6.32181
-6.30619
-6.29356
-6.29414
-6.30015
-6.31079
-6.3227
-6.32672
-6.32493
-6.3143
-6.28758
-6.25441
-6.21391
-6.17235
-6.14321
-6.13021
-6.13419
-6.15345
-6.18149
-6.21697
-6.24951
-6.27731
-6.29478
-6.30118
-6.29904
-6.29381
-6.28332
-6.26836
-6.2494
-6.22778
-6.20838
-6.19543
-6.18768
-6.18727
-6.18549
-6.18709
-6.1863
-6.19036
-6.20052
-6.21805
-6.24284
-6.27035
-6.30086
-6.32748
-6.34543
-6.35253
-6.3482
-6.33266
-6.30305
-6.27085
-6.23634
-6.20766
-6.18422
-6.17345
-6.16689
-6.16085
-6.15396
-6.13896
-6.11813
-6.09517
-6.07635
-6.06292
-6.06494
-6.08167
-6.10761
-6.14227
-6.17732
-6.21806
-6.26287
-6.30805
-6.35612
-6.3976
-6.42607
-6.44118
-6.43728
-6.42199
-6.40204
-6.38452
-6.36507
-6.34666
-6.32546
-6.30392
-6.28535
-6.27124
-6.26339
-6.25986
-6.25647
-6.25043
-6.24628
-6.24072
-6.23696
-6.2352
-6.23916
-6.24862
-6.26304
-6.27922
-6.29083
-6.29424
-6.2862
-6.26556
-6.23424
-6.19729
-6.16361
-6.13298
-6.10937
-6.09658
-6.09647
-6.11128
-6.14271
-6.18702
-6.23158
-6.27628
-6.30968
-6.32933
-6.33898
-6.3342
-6.32569
-6.31203
-6.29804
-6.28363
-6.27375
-6.26654
-6.26564
-6.26667
-6.27223
-6.27734
-6.27933
-6.2797
-6.27525
-6.27277
-6.2712
-6.2673
-6.26163
-6.25644
-6.24978
-6.24254
-6.24271
-6.25756
-6.27909
-6.30596
-6.32658
-6.34475
-6.34984
-6.33814
-6.31707
-6.28202
-6.24181
-6.20289
-6.1753
-6.15725
-6.15005
-6.15735
-6.1668
-6.17675
-6.18026
-6.17956
-6.17028
-6.15561
-6.14154
-6.13049
-6.12714
-6.132
-6.14483
-6.16233
-6.1772
-6.18957
-6.19092
-6.18318
-6.17425
-6.16627
-6.16389
-6.17414
-6.19395
-6.2289
-6.26761
-6.31145
-6.35372
-6.3949
-6.42708
-6.45013
-6.46145
-6.46166
-6.44986
-6.42258
-6.38578
-6.33678
-6.2825
-6.23079
-6.19189
-6.17292
-6.17869
-6.19938
-6.22889
-6.26332
-6.29105
-6.31456
-6.33238
-6.34289
-6.35105
-6.35113
-6.34753
-6.33821
-6.32573
-6.30866
-6.28264
-6.24834
-6.21089
-6.17266
-6.13808
-6.11439
-6.10304
-6.10154
-6.10647
-6.11579
-6.12733
-6.13742
-6.15237
-6.17034
-6.19446
-6.22533
-6.2578
-6.28471
-6.30075
-6.30228
-6.29177
-6.26795
-6.23788
-6.2033
-6.17131
-6.14181
-6.11882
-6.10755
-6.11167
-6.13299
-6.16603
-6.2005
-6.23305
-6.25821
-6.27833
-6.29389
-6.31005
-6.32262
-6.33352
-6.3379
-6.32916
-6.30781
-6.27918
-6.24182
-6.21006
-6.18509
-6.16476
-6.15619
-6.15956
-6.17466
-6.20686
-6.2487
-6.29861
-6.34989
-6.40203
-6.44806
-6.48004
-6.50044
-6.50467
-6.49691
-6.47458
-6.44026
-6.39783
-6.35114
-6.30457
-6.2621
-6.22967
-6.20735
-6.20049
-6.20386
-6.21327
-6.22035
-6.22155
-6.21221
-6.1983
-6.17785
-6.15619
-6.12673
-6.0954
-6.06653
-6.03828
-6.02021
-6.01638
-6.0271
-6.0526
-6.086
-6.12548
-6.1603
-6.18886
-6.21286
-6.23384
-6.25424
-6.27655
-6.30509
-6.33463
-6.36099
-6.38104
-6.39084
-6.39125
-6.38394
-6.36587
-6.33897
-6.30568
-6.27078
-6.24237
-6.22305
-6.22154
-6.23304
-6.25136
-6.27123
-6.28784
-6.29559
-6.29668
-6.28687
-6.26881
-6.24992
-6.23134
-6.21542
-6.20066
-6.19233
-6.18421
-6.1794
-6.17318
-6.16352
-6.15447
-6.15091
-6.15643
-6.17458
-6.20244
-6.23378
-6.2658
-6.2868
-6.29476
-6.29015
-6.27635
-6.25416
-6.23239
-6.21589
-6.21384
-6.22472
-6.24863
-6.27853
-6.30931
-6.33535
-6.35216
-6.36477
-6.36525
-6.35551
-6.34161
-6.32302
-6.30475
-6.28369
-6.26291
-6.2386
-6.21813
-6.19925
-6.18355
-6.16971
-6.16195
-6.16106
-6.16434
-6.16593
-6.164
-6.15834
-6.14972
-6.14055
-6.13576
-6.13962
-6.15008
-6.17474
-6.21018
-6.24968
-6.29375
-6.32655
-6.3537
-6.36366
-6.36117
-6.3497
-6.32776
-6.30061
-6.27985
-6.26526
-6.2585
-6.26463
-6.28119
-6.30653
-6.33606
-6.36754
-6.39491
-6.41201
-6.4151
-6.40001
-6.37064
-6.32859
-6.27802
-6.22556
-6.18148
-6.14774
-6.13718
-6.14945
-6.17722
-6.20944
-6.23832
-6.25947
-6.26592
-6.26132
-6.25224
-6.24173
-6.23953
-6.24406
-6.25947
-6.27557
-6.29345
-6.30385
-6.30636
-6.30337
-6.29529
-6.2821
-6.26314
-6.23951
-6.21519
-6.19879
-6.19308
-6.19907
-6.20263
-6.20827
-6.20765
-6.2084
-6.21519
-6.23215
-6.26412
-6.30404
-6.34948
-6.38729
-6.40766
-6.40617
-6.38254
-6.33725
-6.28091
-6.22356
-6.17518
-6.13974
-6.12154
-6.12152
-6.13002
-6.14604
-6.16373
-6.18606
-6.20446
-6.21941
-6.23586
-6.25053
-6.26151
-6.27041
-6.27471
-6.27686
-6.27781
-6.2764
-6.27457
-6.26962
-6.25811
-6.24014
-6.22099
-6.19996
-6.19221
-6.19783
-6.22079
-6.25417
-6.29293
-6.32872
-6.35925
-6.37646
-6.38015
-6.37346
-6.35364
-6.32697
-6.29583
-6.26464
-6.2395
-6.22122
-6.21039
-6.20633
-6.20614
-6.21028
-6.21886
-6.23152
-6.25192
-6.27614
-6.30307
-6.3296
-6.34337
-6.34969
-6.34691
-6.33909
-6.32996
-6.31858
-6.30874
-6.29897
-6.2913
-6.28244
-6.27324
-6.26517
-6.25055
-6.22624
-6.19302
-6.15362
-6.11245
-6.07264
-6.04587
-6.03497
-6.03371
-6.0365
-6.0405
-6.04898
-6.06076
-6.08007
-6.10059
-6.12359
-6.14398
-6.16258
-6.17955
-6.19756
-6.21056
-6.22073
-6.22762
-6.2325
-6.2376
-6.24546
-6.25385
-6.26759
-6.28518
-6.30864
-6.33591
-6.36034
-6.38272
-6.39454
-6.39153
-6.38073
-6.36382
-6.34123
-6.31674
-6.29905
-6.28575
-6.2808
-6.27706
-6.2765
-6.27491
-6.27289
-6.27093
-6.26835
-6.27142
-6.28023
-6.28855
-6.29272
-6.29136
-6.28117
-6.26329
-6.24297
-6.22365
-6.21176
-6.20937
-6.21484
-6.23048
-6.25487
-6.28257
-6.30993
-6.33252
-6.35062
-6.36058
-6.3605
-6.35151
-6.33431
-6.30702
-6.27657
-6.24231
-6.2034
-6.16796
-6.13385
-6.10994
-6.09519
-6.09347
-6.10753
-6.13962
-6.18465
-6.23893
-6.29734
-6.35177
-6.39498
-6.41964
-6.42006
-6.39153
-6.34258
-6.28174
-6.21991
-6.16834
-6.12603
-6.09282
-6.06625
-6.05619
-6.0604
-6.08088
-6.11069
-6.14492
-6.17574
-6.20472
-6.22638
-6.24473
-6.25561
-6.26674
-6.27299
-6.28067
-6.28579
-6.29441
-6.30434
-6.31526
-6.32328
-6.32657
-6.33167
-6.33944
-6.34644
-6.34988
-6.35028
-6.34671
-6.34055
-6.33852
-6.34154
-6.33888
-6.33368
-6.3219
-6.2991
-6.26308
-6.22114
-6.17803
-6.13923
-6.11125
-6.10568
-6.12168
-6.15504
-6.19955
-6.2481
-6.29873
-6.3477
-6.39542
-6.43788
-6.47306
-6.49061
-6.49015
-6.46787
-6.42924
-6.37841
-6.32487
-6.28245
-6.25034
-6.23067
-6.21547
-6.20356
-6.18986
-6.17193
-6.14948
-6.12555
-6.10143
-6.07894
-6.06262
-6.05672
-6.0612
-6.07443
-6.09501
-6.11766
-6.13852
-6.15559
-6.17069
-6.18443
-6.19823
-6.21446
-6.23399
-6.26079
-6.2951
-6.32858
-6.36149
-6.39279
-6.41738
-6.43394
-6.4391
-6.42764
-6.40892
-6.3839
-6.36008
-6.34095
-6.32877
-6.31501
-6.29828
-6.27667
-6.25055
-6.22071
-6.19482
-6.17735
-6.16963
-6.17567
-6.1902
-6.2086
-6.22748
-6.2448
-6.25226
-6.25134
-6.24042
-6.21983
-6.19175
-6.16075
-6.13379
-6.11426
-6.10622
-6.10936
-6.12555
-6.15723
-6.20005
-6.25403
-6.31144
-6.36428
-6.40551
-6.43089
-6.43487
-6.41833
-6.38327
-6.33932
-6.29178
-6.25735
-6.23848
-6.23921
-6.24945
-6.26583
-6.27342
-6.27671
-6.27151
-6.26675
-6.26562
-6.26759
-6.27564
-6.28193
-6.28837
-6.29055
-6.29699
-6.30136
-6.31055
-6.32442
-6.34083
-6.35625
-6.3703
-6.37172
-6.36015
-6.33918
-6.31111
-6.28173
-6.25382
-6.22993
-6.21065
-6.1956
-6.1866
-6.18113
-6.1796
-6.17794
-6.17588
-6.16802
-6.15567
-6.14019
-6.12712
-6.12202
-6.12234
-6.13112
-6.14338
-6.15194
-6.15758
-6.15753
-6.15457
-6.15469
-6.15605
-6.16627
-6.18088
-6.20168
-6.23018
-6.2619
-6.29725
-6.33614
-6.3785
-6.41782
-6.44431
-6.45759
-6.45129
-6.42393
-6.37761
-6.31841
-6.25925
-6.20733
-6.1713
-6.15257
-6.15122
-6.16061
-6.17692
-6.19531
-6.21665
-6.24329
-6.26505
-6.28387
-6.29852
-6.31045
-6.31341
-6.31039
-6.3002
-6.28499
-6.27116
-6.26467
-6.27232
-6.29245
-6.31885
-6.34393
-6.36302
-6.37196
-6.36729
-6.34725
-6.31743
-6.28542
-6.25551
-6.23497
-6.22556
-6.22376
-6.22949
-6.23711
-6.24193
-6.24249
-6.23784
-6.22688
-6.21316
-6.19691
-6.18355
-6.17587
-6.17587
-6.18518
-6.19921
-6.21824
-6.23742
-6.25453
-6.26965
-6.28181
-6.28926
-6.29079
-6.28686
-6.27891
-6.26854
-6.25468
-6.23473
-6.21492
-6.1884
-6.16085
-6.13064
-6.11383
-6.11534
-6.13188
-6.16528
-6.20479
-6.24322
-6.27212
-6.29241
-6.29728
-6.29032
-6.27063
-6.24364
-6.21179
-6.1847
-6.16767
-6.16358
-6.17312
-6.19343
-6.22371
-6.26072
-6.29979
-6.32893
-6.34996
-6.35797
-6.35245
-6.33905
-6.32272
-6.30759
-6.29353
-6.28384
-6.27292
-6.26632
-6.26213
-6.26285
-6.26583
-6.26669
-6.26431
-6.26208
-6.25994
-6.25956
-6.25947
-6.25109
-6.23765
-6.22296
-6.21109
-6.2103
-6.2187
-6.23639
-6.25851
-6.28003
-6.29382
-6.29396
-6.28154
-6.25117
-6.20947
-6.16748
-6.13833
-6.12541
-6.12907
-6.14289
-6.15972
-6.17155
-6.17567
-6.17202
-6.16896
-6.17322
-6.1923
-6.22253
-6.26127
-6.30181
-6.33484
-6.35838
-6.36671
-6.36241
-6.34511
-6.32235
-6.29878
-6.28271
-6.27587
-6.2795
-6.28735
-6.29723
-6.29582
-6.28396
-6.26585
-6.24273
-6.21905
-6.20323
-6.19953
-6.20782
-6.22117
-6.24479
-6.26763
-6.29149
-6.31862
-6.3473
-6.36955
-6.3848
-6.38919
-6.38084
-6.36013
-6.328
-6.28924
-6.24583
-6.20814
-6.17826
-6.15983
-6.14881
-6.14836
-6.15076
-6.15692
-6.16906
-6.17999
-6.19082
-6.19183
-6.1853
-6.17273
-6.15515
-6.139
-6.13091
-6.13639
-6.15192
-6.17855
-6.2094
-6.23464
-6.25492
-6.26507
-6.26947
-6.26834
-6.26379
-6.25917
-6.26022
-6.27204
-6.29238
-6.32154
-6.35347
-6.38057
-6.39823
-6.40368
-6.39536
-6.37584
-6.34706
-6.31361
-6.28189
-6.25056
-6.22295
-6.20767
-6.20001
-6.19924
-6.20323
-6.21127
-6.22524
-6.24583
-6.26704
-6.2887
-6.30221
-6.30904
-6.3045
-6.29532
-6.28451
-6.2792
-6.28097
-6.29064
-6.30632
-6.32399
-6.33322
-6.33331
-6.32406
-6.30656
-6.29122
-6.27792
-6.26903
-6.26391
-6.25482
-6.23862
-6.21312
-6.17902
-6.14275
-6.10276
-6.06979
-6.04805
-6.03256
-6.02609
-6.02703
-6.03746
-6.05893
-6.08947
-6.13352
-6.18519
-6.24212
-6.29499
-6.34208
-6.38313
-6.4159
-6.43837
-6.45132
-6.45724
-6.45291
-6.43922
-6.41702
-6.38767
-6.34808
-6.30189
-6.24847
-6.1939
-6.14219
-6.09624
-6.06319
-6.04513
-6.04419
-6.06428
-6.09709
-6.14161
-6.19002
-6.23143
-6.26133
-6.27083
-6.26256
-6.23749
-6.20449
-6.17673
-6.16029
-6.16099
-6.17015
-6.18112
-6.18972
-6.18819
-6.17965
-6.1666
-6.15612
-6.1497
-6.15759
-6.17692
-6.20525
-6.24534
-6.28759
-6.3282
-6.3629
-6.38565
-6.39779
-6.40075
-6.39962
-6.39839
-6.39253
-6.3784
-6.35537
-6.32315
-6.2811
-6.23794
-6.19161
-6.15277
-6.11877
-6.09879
-6.09161
-6.10118
-6.12715
-6.16497
-6.20565
-6.23922
-6.26111
-6.26654
-6.25206
-6.22199
-6.18542
-6.15299
-6.13421
-6.1342
-6.14907
-6.18063
-6.21639
-6.25313
-6.28297
-6.30431
-6.31983
-6.32633
-6.3262
-6.32846
-6.33887
-6.35109
-6.36532
-6.3755
-6.37728
-6.3673
-6.34676
-6.32199
-6.29904
-6.27699
-6.26144
-6.2576
-6.26529
-6.27552
-6.2906
-6.30231
-6.31103
-6.31204
-6.30982
-6.30401
-6.30214
-6.29798
-6.29381
-6.28726
-6.27018
-6.24609
-6.22272
-6.1996
-6.18624
-6.18399
-6.1937
-6.20752
-6.22084
-6.23155
-6.23958
-6.23875
-6.2275
-6.20747
-6.17981
-6.14816
-6.12271
-6.10476
-6.09988
-6.10679
-6.12022
-6.13865
-6.1516
-6.16174
-6.16446
-6.16038
-6.15027
-6.14271
-6.13835
-6.1448
-6.16293
-6.19382
-6.2359
-6.28092
-6.32035
-6.3535
-6.37543
-6.38631
-6.38053
-6.36325
-6.33811
-6.30603
-6.27295
-6.24383
-6.21782
-6.19825
-6.18764
-6.18634
-6.19863
-6.21896
-6.24946
-6.28511
-6.31852
-6.34869
-6.36955
-6.37911
-6.3748
-6.35643
-6.32641
-6.29261
-6.26067
-6.23487
-6.22075
-6.21575
-6.22391
-6.23581
-6.25023
-6.26555
-6.2755
-6.28388
-6.28812
-6.29236
-6.29767
-6.3
-6.3027
-6.29953
-6.29277
-6.27853
-6.26324
-6.24737
-6.23278
-6.2221
-6.22182
-6.22699
-6.23523
-6.2474
-6.25746
-6.27036
-6.28065
-6.28468
-6.28165
-6.27313
-6.25129
-6.22012
-6.18281
-6.14688
-6.1221
-6.12139
-6.13534
-6.16799
-6.19873
-6.2227
-6.23163
-6.22637
-6.20974
-6.19024
-6.17408
-6.16218
-6.1598
-6.16634
-6.18331
-6.20316
-6.22856
-6.25316
-6.27787
-6.30024
-6.32135
-6.33797
-6.34727
-6.3483
-6.3358
-6.3124
-6.27877
-6.24047
-6.19887
-6.16233
-6.13406
-6.11557
-6.11222
-6.11941
-6.14015
-6.1692
-6.19846
-6.22564
-6.25039
-6.2708
-6.28546
-6.29308
-6.29151
-6.28585
-6.27376
-6.25867
-6.23916
-6.22501
-6.21352
-6.20869
-6.20479
-6.20688
-6.20864
-6.21154
-6.21694
-6.2264
-6.24034
-6.25777
-6.28357
-6.3101
-6.3381
-6.36145
-6.38358
-6.39122
-6.39149
-6.38033
-6.36249
-6.33637
-6.31016
-6.28555
-6.26505
-6.25124
-6.24442
-6.24019
-6.24259
-6.25178
-6.2598
-6.26631
-6.26621
-6.2582
-6.24169
-6.21551
-6.18325
-6.14966
-6.11822
-6.09474
-6.08062
-6.078
-6.08405
-6.09732
-6.1156
-6.138
-6.16503
-6.19795
-6.23332
-6.26709
-6.29697
-6.31706
-6.32485
-6.32045
-6.30919
-6.2928
-6.27525
-6.25944
-6.24859
-6.2433
-6.24174
-6.23926
-6.24103
-6.2434
-6.25054
-6.26598
-6.28186
-6.29631
-6.31062
-6.31921
-6.32785
-6.33283
-6.3383
-6.34154
-6.34089
-6.32636
-6.30061
-6.26005
-6.20794
-6.15356
-6.10916
-6.09131
-6.10142
-6.13686
-6.19228
-6.25512
-6.31422
-6.36101
-6.39527
-6.41135
-6.41176
-6.39096
-6.35615
-6.3102
-6.26344
-6.22352
-6.19692
-6.18577
-6.18982
-6.2073
-6.22702
-6.25077
-6.27449
-6.29737
-6.31708
-6.33288
-6.3414
-6.34353
-6.34039
-6.33407
-6.32048
-6.30273
-6.27652
-6.24518
-6.21159
-6.18039
-6.16332
-6.16027
-6.17235
-6.19101
-6.21636
-6.2373
-6.247
-6.24378
-6.22477
-6.19335
-6.15593
-6.11959
-6.09334
-6.07844
-6.07729
-6.08681
-6.10513
-6.13932
-6.18395
-6.24079
-6.30094
-6.35627
-6.40519
-6.4397
-6.4608
-6.46371
-6.44793
-6.42169
-6.39051
-6.36017
-6.33887
-6.32579
-6.3198
-6.31708
-6.3131
-6.30913
-6.30348
-6.29714
-6.28904
-6.28029
-6.26249
-6.24168
-6.21586
-6.19415
-6.17672
-6.16352
-6.15295
-6.14594
-6.13849
-6.13235
-6.12934
-6.12668
-6.12503
-6.12855
-6.12973
-6.13141
-6.13236
-6.13595
-6.137
-6.14189
-6.14991
-6.16323
-6.17819
-6.19324
-6.20778
-6.22538
-6.24293
-6.26397
-6.28411
-6.30444
-6.32154
-6.33591
-6.34628
-6.35082
-6.34965
-6.34634
-6.33841
-6.32738
-6.3173
-6.30483
-6.29677
-6.2885
-6.28121
-6.27157
-6.2589
-6.24888
-6.24238
-6.24311
-6.25677
-6.28219
-6.31807
-6.35508
-6.38556
-6.40411
-6.40362
-6.38753
-6.35329
-6.31286
-6.26924
-6.23205
-6.20833
-6.20186
-6.21135
-6.23758
-6.27344
-6.31058
-6.34018
-6.35889
-6.36479
-6.35989
-6.34058
-6.30923
-6.26572
-6.21042
-6.15021
-6.08728
-6.03289
-5.99874
-5.99002
-6.01118
-6.05719
-6.11298
-6.1672
-6.21207
-6.24374
-6.26819
-6.28623
-6.30261
-6.31246
-6.31582
-6.31304
-6.3105
-6.31387
-6.32498
-6.34254
-6.36845
-6.39238
-6.40553
-6.40249
-6.37647
-6.33379
-6.27945
-6.22054
-6.16271
-6.10585
-6.05878
-6.03042
-6.02685
-6.04654
-6.08551
-6.13903
-6.19561
-6.25242
-6.29786
-6.33517
-6.36234
-6.38094
-6.38895
-6.39108
-6.38214
-6.37075
-6.35923
-6.3416
-6.31984
-6.2975
-6.27468
-6.25686
-6.24805
-6.24473
-6.24798
-6.25238
-6.25501
-6.25086
-6.24118
-6.22559
-6.21586
-6.22228
-6.24924
-6.29191
-6.33431
-6.37286
-6.39823
-6.40984
-6.41017
-6.40124
-6.38489
-6.35983
-6.33163
-6.30582
-6.2818
-6.26239
-6.24708
-6.23609
-6.2255
-6.21461
-6.19999
-6.18795
-6.18232
-6.17991
-6.1841
-6.18934
-6.18909
-6.17848
-6.15908
-6.13461
-6.10886
-6.09021
-6.08534
-6.09981
-6.13372
-6.18303
-6.24328
-6.30602
-6.36267
-6.40354
-6.42606
-6.42922
-6.40757
-6.36639
-6.31376
-6.25487
-6.20456
-6.16768
-6.1463
-6.13751
-6.14063
-6.14808
-6.1654
-6.19182
-6.22528
-6.26061
-6.29594
-6.32369
-6.34699
-6.36341
-6.37248
-6.37771
-6.37966
-6.37791
-6.37376
-6.36961
-6.35825
-6.34311
-6.33299
-6.32759
-6.32249
-6.31223
-6.29197
-6.26192
-6.224
-6.18394
-6.14764
-6.12284
-6.11454
-6.12407
-6.14404
-6.17517
-6.21071
-6.24784
-6.28396
-6.31699
-6.34683
-6.36598
-6.37378
-6.36643
-6.3451
-6.30806
-6.26325
-6.21457
-6.17438
-6.15096
-6.1431
-6.14676
-6.15491
-6.16334
-6.16435
-6.1583
-6.14628
-6.13445
-6.12535
-6.11628
-6.10901
-6.10573
-6.10917
-6.11751
-6.12924
-6.14158
-6.15483
-6.16414
-6.17347
-6.17859
-6.17886
-6.17558
-6.17121
-6.16347
-6.15923
-6.16513
-6.17677
-6.19496
-6.21293
-6.22957
-6.23958
-6.24795
-6.25627
-6.26804
-6.28388
-6.30426
-6.33168
-6.3562
-6.37725
-6.39686
-6.41095
-6.41696
-6.41546
-6.40792
-6.38851
-6.35826
-6.32031
-6.27212
-6.22305
-6.18146
-6.15403
-6.14847
-6.16706
-6.20158
-6.24297
-6.27719
-6.29553
-6.29131
-6.26955
-6.23815
-6.19916
-6.1668
-6.14767
-6.14302
-6.15544
-6.17759
-6.2086
-6.24709
-6.28578
-6.32708
-6.36269
-6.3913
-6.40536
-6.40243
-6.38024
-6.34566
-6.30401
-6.26995
-6.24828
-6.24559
-6.26274
-6.29157
-6.32637
-6.35824
-6.38239
-6.39088
-6.3851
-6.36574
-6.33502
-6.29487
-6.25508
-6.2186
-6.18878
-6.1662
-6.15521
-6.16017
-6.17457
-6.20809
-6.24259
-6.27044
-6.28681
-6.2873
-6.27593
-6.25772
-6.23866
-6.22228
-6.20796
-6.19853
-6.19338
-6.18799
-6.18724
-6.19151
-6.19641
-6.20675
-6.21896
-6.23137
-6.24668
-6.26073
-6.27509
-6.29061
-6.30468
-6.31112
-6.30848
-6.29093
-6.25893
-6.21399
-6.16203
-6.10737
-6.06258
-6.03398
-6.02257
-6.03115
-6.05194
-6.08322
-6.11616
-6.15264
-6.19104
-6.23225
-6.27328
-6.30921
-6.33376
-6.34862
-6.35538
-6.3482
-6.33153
-6.30834
-6.27855
-6.24706
-6.21732
-6.19694
-6.19028
-6.19648
-6.2156
-6.24203
-6.27416
-6.30496
-6.33323
-6.35639
-6.37011
-6.37558
-6.3711
-6.36323
-6.352
-6.34132
-6.32822
-6.30881
-6.28219
-6.25235
-6.21856
-6.18907
-6.17125
-6.16027
-6.16436
-6.18218
-6.20504
-6.226
-6.23824
-6.23322
-6.21239
-6.1769
-6.13779
-6.10178
-6.07782
-6.06567
-6.07036
-6.09278
-6.12719
-6.1743
-6.22327
-6.27323
-6.31706
-6.35138
-6.37336
-6.38103
-6.37168
-6.35349
-6.32386
-6.29337
-6.2646
-6.24403
-6.23186
-6.2244
-6.22393
-6.21941
-6.21224
-6.20264
-6.19075
-6.17835
-6.16713
-6.15876
-6.15397
-6.15487
-6.16073
-6.17273
-6.19176
-6.21028
-6.22775
-6.24536
-6.26503
-6.29092
-6.31782
-6.34455
-6.36557
-6.37784
-6.37351
-6.35889
-6.34036
-6.3231
-6.30827
-6.30058
-6.2976
-6.29971
-6.30448
-6.30993
-6.31002
-6.3108
-6.30714
-6.3084
-6.31321
-6.32459
-6.33382
-6.32962
-6.31001
-6.27565
-6.22674
-6.16945
-6.11251
-6.0604
-6.0193
-5.99717
-5.99339
-6.01481
-6.05594
-6.11391
-6.17664
-6.23648
-6.28975
-6.32404
-6.34465
-6.34628
-6.33203
-6.30444
-6.27175
-6.23276
-6.20034
-6.17625
-6.16245
-6.15542
-6.15407
-6.15259
-6.15773
-6.16841
-6.18495
-6.2076
-6.23651
-6.26565
-6.29363
-6.31569
-6.3271
-6.32867
-6.31748
-6.30364
-6.29247
-6.28791
-6.28866
-6.28725
-6.28357
-6.27338
-6.25384
-6.22795
-6.19805
-6.16379
-6.13084
-6.10345
-6.08666
-6.07519
-6.07806
-6.09402
-6.12406
-6.15861
-6.19581
-6.23139
-6.2602
-6.28144
-6.29573
-6.30619
-6.31472
-6.32945
-6.34777
-6.37181
-6.39613
-6.41909
-6.44005
-6.4544
-6.45827
-6.45269
-6.43382
-6.40159
-6.35762
-6.31203
-6.27131
-6.24311
-6.22955
-6.2277
-6.23917
-6.26032
-6.28431
-6.30429
-6.31936
-6.32106
-6.31229
-6.29265
-6.26197
-6.22626
-6.18728
-6.15727
-6.14171
-6.14328
-6.16128
-6.19205
-6.22167
-6.25017
-6.27069
-6.28167
-6.28834
-6.28851
-6.28016
-6.26741
-6.24665
-6.21736
-6.1817
-6.15054
-6.12185
-6.10432
-6.10217
-6.11175
-6.143
-6.18471
-6.23821
-6.29449
-6.34404
-6.37974
-6.40059
-6.40052
-6.38758
-6.36366
-6.33018
-6.28972
-6.25141
-6.21591
-6.1939
-6.18584
-6.18963
-6.20277
-6.22171
-6.24411
-6.26319
-6.27804
-6.28794
-6.29129
-6.28908
-6.28288
-6.27194
-6.25512
-6.23999
-6.22954
-6.22382
-6.22387
-6.2242
-6.22599
-6.22626
-6.22774
-6.2305
-6.2337
-6.23776
-6.24419
-6.25347
-6.26846
-6.28648
-6.30617
-6.32445
-6.33612
-6.34656
-6.35306
-6.35949
-6.36526
-6.36731
-6.37039
-6.37032
-6.36891
-6.36294
-6.35909
-6.35338
-6.34625
-6.3394
-6.32657
-6.31305
-6.29544
-6.2757
-6.25706
-6.2432
-6.23539
-6.23121
-6.22793
-6.22158
-6.20786
-6.19255
-6.17545
-6.15785
-6.14684
-6.14348
-6.15162
-6.1695
-6.18693
-6.20458
-6.20986
-6.20657
-6.20269
-6.20094
-6.21137
-6.23872
-6.27539
-6.3145
-6.35242
-6.38156
-6.39989
-6.40458
-6.40397
-6.39426
-6.38028
-6.36225
-6.34174
-6.31622
-6.28783
-6.25766
-6.22716
-6.20356
-6.18844
-6.18507
-6.18358
-6.18884
-6.19837
-6.20722
-6.21143
-6.2127
-6.20943
-6.19912
-6.18514
-6.16852
-6.15245
-6.14606
-6.15094
-6.16175
-6.17642
-6.1938
-6.21608
-6.24683
-6.28996
-6.3366
-6.38505
-6.43328
-6.47911
-6.51432
-6.53625
-6.54433
-6.53773
-6.51544
-6.47366
-6.41701
-6.34535
-6.26184
-6.17473
-6.10015
-6.04517
-6.01947
-6.02137
-6.04408
-6.08133
-6.12289
-6.16351
-6.19422
-6.20707
-6.20167
-6.18614
-6.17715
-6.18114
-6.19258
-6.21413
-6.24026
-6.27593
-6.31918
-6.36687
-6.41115
-6.44939
-6.47669
-6.48814
-6.48241
-6.45783
-6.42018
-6.37192
-6.31863
-6.26567
-6.22065
-6.19641
-6.18266
-6.18411
-6.19355
-6.20368
-6.2109
-6.2152
-6.21515
-6.20667
-6.1949
-6.18624
-6.18467
-6.19163
-6.20868
-6.23309
-6.26488
-6.30009
-6.33156
-6.3537
-6.36633
-6.36386
-6.34509
-6.3084
-6.2563
-6.19799
-6.13824
-6.09373
-6.07109
-6.07305
-6.09851
-6.13993
-6.19188
-6.24488
-6.29387
-6.32986
-6.35496
-6.36848
-6.37035
-6.35791
-6.33516
-6.29858
-6.25333
-6.20186
-6.15402
-6.11338
-6.08296
-6.06723
-6.06676
-6.07911
-6.10673
-6.14994
-6.20523
-6.26486
-6.32023
-6.36789
-6.40091
-6.422
-6.42724
-6.42171
-6.40844
-6.39015
-6.37045
-6.34525
-6.32026
-6.28514
-6.24339
-6.19673
-6.14988
-6.10942
-6.08197
-6.07247
-6.08763
-6.1183
-6.1613
-6.20985
-6.25413
-6.28424
-6.30226
-6.30554
-6.29562
-6.28643
-6.28952
-6.30688
-6.33438
-6.36821
-6.3994
-6.42042
-6.42955
-6.42479
-6.40588
-6.37192
-6.32365
-6.2685
-6.21022
-6.15913
-6.121
-6.10591
-6.11598
-6.1424
-6.17673
-6.20762
-6.2305
-6.24647
-6.2613
-6.27769
-6.30066
-6.33365
-6.36066
-6.38127
-6.38708
-6.38168
-6.36493
-6.34319
-6.31676
-6.2888
-6.26461
-6.24647
-6.23758
-6.2365
-6.24312
-6.24816
-6.25253
-6.25289
-6.25389
-6.25176
-6.25429
-6.26299
-6.27537
-6.28693
-6.29718
-6.30052
-6.3003
-6.30077
-6.29954
-6.2989
-6.30023
-6.29848
-6.29831
-6.28814
-6.26803
-6.23667
-6.19589
-6.15179
-6.11089
-6.07901
-6.06087
-6.06045
-6.07515
-6.10139
-6.13107
-6.15996
-6.17857
-6.19257
-6.20136
-6.21587
-6.23191
-6.25746
-6.28881
-6.3199
-6.34508
-6.35969
-6.36042
-6.34539
-6.32354
-6.29817
-6.2735
-6.24563
-6.21591
-6.17936
-6.14354
-6.11202
-6.08724
-6.06591
-6.05359
-6.04926
-6.05536
-6.07687
-6.11202
-6.15913
-6.21428
-6.27059
-6.3206
-6.36158
-6.38675
-6.39592
-6.38755
-6.36456
-6.3292
-6.29226
-6.25836
-6.22888
-6.20841
-6.2002
-6.20708
-6.22783
-6.25873
-6.30205
-6.34396
-6.38539
-6.4177
-6.44273
-6.45027
-6.44354
-6.42466
-6.39466
-6.3624
-6.33069
-6.30504
-6.28715
-6.27637
-6.26736
-6.26243
-6.25611
-6.25193
-6.254
-6.25484
-6.25887
-6.25724
-6.25117
-6.23989
-6.22295
-6.20928
-6.19931
-6.19408
-6.19553
-6.20253
-6.21354
-6.2207
-6.2258
-6.22526
-6.22298
-6.21804
-6.20876
-6.19863
-6.18348
-6.16791
-6.15406
-6.14292
-6.13736
-6.13824
-6.14824
-6.16615
-6.18511
-6.20438
-6.21674
-6.22432
-6.22298
-6.21191
-6.19831
-6.17981
-6.16236
-6.14737
-6.1353
-6.13256
-6.13058
-6.13661
-6.14947
-6.1644
-6.18353
-6.20554
-6.23287
-6.26089
-6.29099
-6.31949
-6.34263
-6.35699
-6.36526
-6.3682
-6.36995
-6.36365
-6.35047
-6.33288
-6.31517
-6.3025
-6.29598
-6.29806
-6.30475
-6.32306
-6.34226
-6.35981
-6.37174
-6.37236
-6.3615
-6.33672
-6.29672
-6.24183
-6.17984
-6.11891
-6.07478
-6.05123
-6.05377
-6.07839
-6.12309
-6.17632
-6.23055
-6.27597
-6.30796
-6.32359
-6.31889
-6.30126
-6.27476
-6.24383
-6.21191
-6.18807
-6.17782
-6.18054
-6.18812
-6.20502
-6.22083
-6.229
-6.22886
-6.222
-6.20806
-6.18805
-6.16561
-6.14526
-6.13315
-6.12343
-6.1228
-6.12748
-6.14056
-6.15492
-6.17933
-6.20896
-6.24381
-6.26932
-6.28246
-6.28863
-6.28068
-6.26323
-6.24163
-6.21689
-6.19442
-6.18295
-6.17965
-6.19119
-6.21773
-6.25362
-6.29081
-6.32422
-6.35336
-6.37487
-6.38684
-6.3872
-6.38021
-6.36062
-6.33173
-6.29423
-6.24901
-6.20286
-6.1612
-6.12601
-6.10223
-6.09311
-6.10276
-6.13417
-6.18493
-6.24496
-6.30432
-6.35412
-6.38553
-6.4017
-6.39787
-6.3802
-6.36086
-6.33998
-6.32613
-6.31023
-6.29301
-6.27055
-6.24313
-6.21206
-6.18631
-6.17115
-6.16783
-6.17497
-6.18955
-6.20715
-6.23025
-6.24886
-6.26641
-6.28069
-6.2878
-6.28606
-6.27503
-6.25567
-6.23165
-6.2032
-6.17579
-6.15261
-6.13719
-6.13597
-6.14207
-6.15689
-6.1748
-6.18831
-6.19775
-6.20083
-6.19599
-6.19307
-6.19537
-6.20968
-6.23326
-6.26811
-6.30367
-6.33717
-6.35516
-6.35118
-6.33198
-6.3005
-6.27098
-6.25069
-6.24796
-6.26146
-6.28141
-6.3097
-6.34154
-6.37105
-6.39819
-6.41869
-6.42692
-6.42065
-6.39528
-6.36037
-6.31809
-6.27289
-6.23312
-6.20785
-6.19707
-6.20292
-6.22231
-6.24172
-6.26237
-6.28166
-6.29482
-6.30322
-6.3082
-6.309
-6.30624
-6.30127
-6.29153
-6.27837
-6.26478
-6.24925
-6.22635
-6.20244
-6.17268
-6.14134
-6.11317
-6.09753
-6.09494
-6.1073
-6.13001
-6.15719
-6.18505
-6.20659
-6.21953
-6.22481
-6.22366
-6.22199
-6.22463
-6.23213
-6.24298
-6.25565
-6.26849
-6.27289
-6.27013
-6.26482
-6.25736
-6.24877
-6.239
-6.22935
-6.21616
-6.20238
-6.18562
-6.17164
-6.1639
-6.16185
-6.16746
-6.17658
-6.18706
-6.19512
-6.19952
-6.19565
-6.18846
-6.18716
-6.1891
-6.19606
-6.2057
-6.21018
-6.21396
-6.21642
-6.21732
-6.22272
-6.23912
-6.26577
-6.3011
-6.34348
-6.38095
-6.40908
-6.42781
-6.43109
-6.42148
-6.39533
-6.35952
-6.32342
-6.29235
-6.26903
-6.25707
-6.25866
-6.26863
-6.28638
-6.30507
-6.32042
-6.33125
-6.32826
-6.31508
-6.29065
-6.25699
-6.22301
-6.19731
-6.18036
-6.18
-6.18838
-6.2007
-6.21382
-6.2189
-6.22054
-6.21306
-6.20218
-6.19078
-6.18222
-6.17258
-6.16761
-6.16694
-6.17094
-6.1791
-6.19215
-6.20667
-6.22127
-6.23777
-6.25611
-6.2728
-6.28913
-6.30163
-6.30504
-6.30472
-6.29614
-6.2854
-6.26862
-6.24912
-6.22264
-6.1941
-6.16093
-6.12702
-6.0981
-6.07679
-6.07038
-6.08293
-6.1149
-6.15685
-6.20337
-6.23965
-6.26147
-6.26732
-6.25635
-6.23372
-6.21749
-6.20985
-6.22258
-6.2576
-6.30926
-6.36135
-6.40577
-6.43134
-6.43553
-6.42252
-6.39859
-6.36976
-6.34723
-6.33259
-6.32604
-6.32569
-6.32905
-6.32922
-6.32852
-6.32266
-6.31567
-6.30651
-6.30169
-6.29624
-6.29025
-6.28675
-6.28902
-6.29254
-6.29562
-6.29684
-6.29355
-6.28743
-6.27736
-6.26583
-6.25513
-6.24538
-6.23708
-6.23199
-6.22707
-6.22004
-6.21628
-6.22299
-6.24338
-6.27529
-6.30862
-6.33459
-6.35268
-6.35904
-6.35188
-6.33426
-6.31213
-6.28775
-6.26126
-6.23301
-6.20255
-6.17093
-6.14255
-6.11727
-6.10139
-6.09678
-6.10674
-6.12286
-6.14586
-6.17119
-6.19874
-6.22438
-6.24731
-6.25859
-6.25676
-6.24701
-6.23034
-6.21538
-6.20701
-6.20372
-6.20812
-6.22076
-6.23461
-6.24501
-6.25207
-6.24734
-6.23829
-6.22253
-6.20891
-6.2035
-6.2105
-6.22847
-6.25278
-6.28314
-6.31316
-6.33571
-6.34882
-6.34682
-6.32839
-6.29221
-6.24033
-6.17677
-6.11348
-6.07216
-6.07081
-6.10616
-6.16749
-6.23557
-6.29627
-6.34914
-6.38885
-6.41509
-6.4235
-6.41344
-6.38665
-6.35008
-6.31445
-6.29167
-6.28215
-6.29239
-6.30904
-6.32329
-6.32659
-6.31875
-6.30002
-6.27412
-6.24356
-6.20908
-6.18294
-6.1674
-6.1663
-6.17775
-6.19364
-6.21434
-6.23538
-6.24948
-6.25502
-6.25079
-6.23895
-6.21952
-6.20214
-6.19158
-6.19144
-6.20022
-6.2125
-6.22777
-6.23703
-6.23881
-6.23474
-6.225
-6.2112
-6.20287
-6.20285
-6.21344
-6.23752
-6.26501
-6.29993
-6.32768
-6.34568
-6.36183
-6.37185
-6.37534
-6.3746
-6.36664
-6.35307
-6.33444
-6.31498
-6.29593
-6.27787
-6.25484
-6.23329
-6.21241
-6.19397
-6.18325
-6.18072
-6.18125
-6.18811
-6.19499
-6.20051
-6.2051
-6.20902
-6.21123
-6.21744
-6.22292
-6.22726
-6.2275
-6.22823
-6.23059
-6.23653
-6.25117
-6.27472
-6.30836
-6.34116
-6.37248
-6.39802
-6.41659
-6.42043
-6.41053
-6.38868
-6.35998
-6.32821
-6.30212
-6.28298
-6.27726
-6.27988
-6.28656
-6.29647
-6.30223
-6.29794
-6.28262
-6.25605
-6.22377
-6.19194
-6.17504
-6.17353
-6.18912
-6.21392
-6.2399
-6.25766
-6.26307
-6.25557
-6.23952
-6.21351
-6.18258
-6.15831
-6.1451
-6.14712
-6.16521
-6.1969
-6.23203
-6.26189
-6.28109
-6.29405
-6.29839
-6.30062
-6.29723
-6.28866
-6.27469
-6.24943
-6.21828
-6.1815
-6.15043
-6.13264
-6.12738
-6.13095
-6.14047
-6.15731
-6.18162
-6.20811
-6.23894
-6.26219
-6.2823
-6.2944
-6.29683
-6.28966
-6.27686
-6.26315
-6.24977
-6.24271
-6.23924
-6.23668
-6.24019
-6.24747
-6.2547
-6.26084
-6.26648
-6.26644
-6.26706
-6.27701
-6.29231
-6.31576
-6.34456
-6.37398
-6.39759
-6.41311
-6.4201
-6.41279
-6.39651
-6.37795
-6.36441
-6.35604
-6.34528
-6.33025
-6.31083
-6.28316
-6.25167
-6.21884
-6.18299
-6.15327
-6.13323
-6.12341
-6.12922
-6.1502
-6.18233
-6.21602
-6.24817
-6.27369
-6.29166
-6.29818
-6.29639
-6.29061
-6.28284
-6.26983
-6.25181
-6.22843
-6.20211
-6.17985
-6.16287
-6.15484
-6.15634
-6.16484
-6.18174
-6.20427
-6.23106
-6.25642
-6.27582
-6.28665
-6.28697
-6.27989
-6.26975
-6.26027
-6.25635
-6.25551
-6.25656
-6.26205
-6.26472
-6.26649
-6.26564
-6.26194
-6.24917
-6.23097
-6.20888
-6.18166
-6.15449
-6.13688
-6.12703
-6.12723
-6.13084
-6.13756
-6.14956
-6.16209
-6.17026
-6.17937
-6.18419
-6.1877
-6.19468
-6.20404
-6.22433
-6.25883
-6.30827
-6.36816
-6.42769
-6.47162
-6.49542
-6.49067
-6.45614
-6.40445
-6.33542
-6.271
-6.2222
-6.19304
-6.18216
-6.17799
-6.17768
-6.1783
-6.17958
-6.18552
-6.19732
-6.21291
-6.22525
-6.23013
-6.23072
-6.23334
-6.23689
-6.24247
-6.24816
-6.24807
-6.23918
-6.22326
-6.20197
-6.18438
-6.16969
-6.16318
-6.16386
-6.17255
-6.19573
-6.22737
-6.26157
-6.28841
-6.30411
-6.30698
-6.30377
-6.29371
-6.28031
-6.26746
-6.2615
-6.26616
-6.27602
-6.29012
-6.30979
-6.32373
-6.32701
-6.3233
-6.30949
-6.28885
-6.26657
-6.24746
-6.23359
-6.22255
-6.2128
-6.20701
-6.20493
-6.20302
-6.20397
-6.20543
-6.20829
-6.20894
-6.2118
-6.21574
-6.22023
-6.22554
-6.23272
-6.24155
-6.2485
-6.2511
-6.2466
-6.23645
-6.22129
-6.20645
-6.18924
-6.1718
-6.15376
-6.13758
-6.12466
-6.10934
-6.09982
-6.0945
-6.1011
-6.11995
-6.15677
-6.20576
-6.25881
-6.31324
-6.36664
-6.40475
-6.42608
-6.43041
-6.42209
-6.40363
-6.3785
-6.34983
-6.32046
-6.29379
-6.27317
-6.26135
-6.26205
-6.27341
-6.28991
-6.3122
-6.33122
-6.34577
-6.35334
-6.35249
-6.34489
-6.33209
-6.31292
-6.29066
-6.26916
-6.2546
-6.24341
-6.23509
-6.22221
-6.20818
-6.19481
-6.1847
-6.18047
-6.17907
-6.17065
-6.1541
-6.12886
-6.09986
-6.07733
-6.07022
-6.07823
-6.09607
-6.12548
-6.15642
-6.18819
-6.21541
-6.23358
-6.2433
-6.24624
-6.23697
-6.22111
-6.20189
-6.17918
-6.15952
-6.14726
-6.15468
-6.18104
-6.22148
-6.27407
-6.32016
-6.35527
-6.37026
-6.36662
-6.35389
-6.33767
-6.32521
-6.31998
-6.31823
-6.32115
-6.32675
-6.32987
-6.32758
-6.32063
-6.30653
-6.28729
-6.26691
-6.24646
-6.23196
-6.22098
-6.21475
-6.21296
-6.21859
-6.22763
-6.23415
-6.24021
-6.24235
-6.24265
-6.24214
-6.24061
-6.23703
-6.22906
-6.21857
-6.20158
-6.18171
-6.16476
-6.15905
-6.16798
-6.18621
-6.21486
-6.24821
-6.28125
-6.30878
-6.33014
-6.33923
-6.33827
-6.32523
-6.30707
-6.28854
-6.26778
-6.24752
-6.23255
-6.2243
-6.21981
-6.21979
-6.22321
-6.22007
-6.2153
-6.21049
-6.20808
-6.21008
-6.22085
-6.23785
-6.25967
-6.28271
-6.30907
-6.3338
-6.356
-6.36782
-6.37041
-6.36172
-6.34192
-6.31749
-6.28991
-6.2643
-6.24512
-6.22743
-6.21748
-6.21323
-6.20923
-6.20463
-6.19755
-6.19219
-6.19224
-6.19902
-6.20804
-6.21104
-6.20938
-6.19454
-6.17316
-6.15383
-6.13752
-6.13029
-6.13273
-6.14269
-6.15793
-6.17944
-6.19971
-6.21927
-6.23666
-6.25363
-6.26986
-6.28702
-6.32035
-6.36323
-6.4091
-6.45568
-6.4956
-6.51951
-6.53014
-6.51529
-6.47924
-6.42888
-6.36737
-6.3011
-6.23666
-6.18596
-6.15169
-6.13878
-6.14614
-6.1747
-6.2212
-6.27352
-6.32062
-6.35468
-6.3739
-6.37137
-6.34809
-6.30431
-6.24835
-6.19098
-6.13062
-6.07838
-6.0367
-6.00865
-5.99853
-6.00353
-6.02278
-6.06184
-6.11265
-6.16912
-6.22236
-6.26692
-6.29762
-6.31731
-6.32627
-6.33201
-6.33585
-6.3398
-6.33995
-6.33472
-6.32419
-6.31213
-6.30004
-6.29126
-6.29024
-6.29169
-6.29282
-6.29684
-6.30215
-6.30219
-6.30208
-6.30045
-6.29924
-6.29635
-6.29536
-6.29823
-6.30373
-6.31026
-6.31592
-6.32159
-6.32187
-6.31663
-6.3031
-6.28186
-6.25222
-6.22124
-6.19144
-6.16875
-6.15289
-6.14362
-6.13843
-6.13087
-6.12144
-6.1155
-6.11699
-6.13196
-6.15992
-6.19835
-6.24551
-6.29754
-6.34268
-6.3752
-6.38981
-6.38955
-6.37315
-6.34756
-6.31731
-6.28365
-6.24581
-6.20962
-6.18017
-6.15967
-6.15186
-6.15837
-6.1757
-6.20229
-6.23347
-6.26336
-6.28409
-6.28685
-6.26979
-6.2385
-6.19979
-6.16306
-6.13596
-6.12194
-6.12672
-6.14648
-6.18243
-6.22787
-6.27734
-6.32733
-6.37389
-6.41025
-6.43254
-6.43714
-6.42163
-6.38849
-6.34453
-6.29677
-6.25135
-6.21269
-6.17901
-6.15085
-6.13738
-6.13781
-6.15467
-6.18207
-6.21423
-6.24184
-6.26258
-6.27761
-6.28402
-6.2862
-6.28704
-6.29024
-6.2938
-6.3
-6.30292
-6.30679
-6.30727
-6.30356
-6.29982
-6.29933
-6.30505
-6.31129
-6.31846
-6.32214
-6.32362
-6.31838
-6.30201
-6.2799
-6.25599
-6.23428
-6.21428
-6.19411
-6.18328
-6.17839
-6.18163
-6.1905
-6.20222
-6.21502
-6.22326
-6.22389
-6.21915
-6.21579
-6.21396
-6.22097
-6.23111
-6.24301
-6.24987
-6.25271
-6.25731
-6.26889
-6.28908
-6.32351
-6.3665
-6.40932
-6.44769
-6.47105
-6.47769
-6.47097
-6.44605
-6.4062
-6.35956
-6.31123
-6.27026
-6.24031
-6.22058
-6.20747
-6.20086
-6.19359
-6.18701
-6.18598
-6.19066
-6.20822
-6.22974
-6.25321
-6.27203
-6.28345
-6.29134
-6.29117
-6.28622
-6.27175
-6.25248
-6.23047
-6.2024
-6.17187
-6.13838
-6.10986
-6.08621
-6.07464
-6.0726
-6.08195
-6.10867
-6.14597
-6.19012
-6.23902
-6.28679
-6.32149
-6.34479
-6.35702
-6.35924
-6.3635
-6.37016
-6.38264
-6.39305
-6.40082
-6.39551
-6.38196
-6.36071
-6.33444
-6.30533
-6.27825
-6.25282
-6.22248
-6.1929
-6.16753
-6.15156
-6.15419
-6.17812
-6.21547
-6.26002
-6.30252
-6.34214
-6.37758
-6.40273
-6.41305
-6.40933
-6.39409
-6.36691
-6.33176
-6.29406
-6.25556
-6.22107
-6.19476
-6.17582
-6.17226
-6.18215
-6.19824
-6.21841
-6.238
-6.24846
-6.24879
-6.24591
-6.24418
-6.24239
-6.24109
-6.23856
-6.23068
-6.21633
-6.19863
-6.17552
-6.15
-6.12406
-6.10226
-6.08516
-6.08347
-6.0956
-6.11912
-6.14825
-6.18258
-6.21802
-6.24894
-6.27154
-6.28444
-6.28629
-6.27915
-6.26499
-6.2468
-6.23414
-6.22961
-6.23415
-6.24622
-6.2622
-6.27928
-6.29407
-6.30468
-6.30697
-6.30258
-6.28595
-6.26305
-6.23236
-6.19938
-6.16721
-6.14788
-6.14124
-6.14977
-6.17467
-6.21202
-6.25893
-6.30438
-6.34339
-6.36806
-6.37757
-6.3789
-6.3737
-6.36369
-6.35307
-6.33842
-6.3216
-6.30104
-6.28031
-6.25672
-6.24448
-6.24492
-6.26252
-6.29253
-6.32624
-6.35224
-6.36542
-6.36371
-6.347
-6.32104
-6.28961
-6.25617
-6.22392
-6.19325
-6.16951
-6.15876
-6.16015
-6.17756
-6.21203
-6.24963
-6.28427
-6.3082
-6.31848
-6.31548
-6.29993
-6.28046
-6.26081
-6.24576
-6.23746
-6.23624
-6.24651
-6.2565
-6.26876
-6.27673
-6.2882
-6.2936
-6.29707
-6.29838
-6.30686
-6.32883
-6.36117
-6.3918
-6.41724
-6.42651
-6.42479
-6.40411
-6.36813
-6.31758
-6.25748
-6.19781
-6.14215
-6.10352
-6.08584
-6.09103
-6.11801
-6.15033
-6.18357
-6.21013
-6.22522
-6.23061
-6.22612
-6.22196
-6.22019
-6.22472
-6.23406
-6.24616
-6.25474
-6.25775
-6.25732
-6.25503
-6.25592
-6.25916
-6.26409
-6.2683
-6.2716
-6.27138
-6.27159
-6.26992
-6.2672
-6.25953
-6.25646
-6.25472
-6.25094
-6.24458
-6.23656
-6.21826
-6.1941
-6.16864
-6.14401
-6.12941
-6.13262
-6.16004
-6.20934
-6.27319
-6.33695
-6.39158
-6.42679
-6.44044
-6.43212
-6.40716
-6.37097
-6.33456
-6.30117
-6.27735
-6.26046
-6.25498
-6.26353
-6.27836
-6.29033
-6.3042
-6.31225
-6.30759
-6.29413
-6.27114
-6.24087
-6.20574
-6.16878
-6.13535
-6.11335
-6.10259
-6.10416
-6.11497
-6.12764
-6.13505
-6.14218
-6.14396
-6.14751
-6.15924
-6.17492
-6.19708
-6.22679
-6.25983
-6.28842
-6.31371
-6.32776
-6.33943
-6.34331
-6.34048
-6.33186
-6.31892
-6.30154
-6.27851
-6.25301
-6.23056
-6.21211
-6.20425
-6.2109
-6.23003
-6.25068
-6.26506
-6.26807
-6.26686
-6.26159
-6.25798
-6.2643
-6.27916
-6.30228
-6.33119
-6.36512
-6.39469
-6.4159
-6.42778
-6.42663
-6.41862
-6.40394
-6.37872
-6.34687
-6.30894
-6.26371
-6.21984
-6.18225
-6.15545
-6.13878
-6.13787
-6.1431
-6.16009
-6.18427
-6.21369
-6.24143
-6.26372
-6.27903
-6.28733
-6.28663
-6.28303
-6.27578
-6.26564
-6.25193
-6.23369
-6.21327
-6.1882
-6.1722
-6.1634
-6.16735
-6.17834
-6.19785
-6.21862
-6.23736
-6.25367
-6.26846
-6.28474
-6.2935
-6.29402
-6.2836
-6.26102
-6.23357
-6.20694
-6.18675
-6.17507
-6.17235
-6.18019
-6.19624
-6.22108
-6.25306
-6.29322
-6.33015
-6.35847
-6.37788
-6.38871
-6.39117
-6.38899
-6.38864
-6.38956
-6.39425
-6.39741
-6.39558
-6.38724
-6.3667
-6.33552
-6.29191
-6.23776
-6.17612
-6.11061
-6.05276
-6.00715
-5.9733
-5.95442
-5.95589
-5.97653
-6.01644
-6.07396
-6.13365
-6.18692
-6.2244
-6.24162
-6.24288
-6.23349
-6.22114
-6.21542
-6.21559
-6.2212
-6.23409
-6.24495
-6.25358
-6.2612
-6.25992
-6.25569
-6.2454
-6.233
-6.22618
-6.22039
-6.22196
-6.22559
-6.23503
-6.2501
-6.26545
-6.27877
-6.28907
-6.29119
-6.2841
-6.27215
-6.25474
-6.23325
-6.21623
-6.20953
-6.21592
-6.237
-6.26818
-6.30053
-6.3272
-6.34525
-6.3504
-6.34731
-6.33571
-6.31419
-6.29556
-6.27744
-6.25816
-6.23772
-6.21336
-6.18763
-6.15996
-6.13451
-6.12109
-6.12573
-6.1459
-6.17774
-6.2143
-6.24953
-6.27927
-6.29558
-6.30264
-6.29568
-6.27793
-6.25025
-6.21389
-6.17829
-6.14851
-6.13054
-6.12647
-6.13097
-6.14505
-6.16047
-6.17379
-6.18735
-6.20301
-6.22394
-6.24774
-6.2738
-6.3076
-6.333
-6.35389
-6.37031
-6.37925
-6.38141
-6.37842
-6.37103
-6.36135
-6.34659
-6.32641
-6.30074
-6.2725
-6.23413
-6.18974
-6.14212
-6.10272
-6.07485
-6.07105
-6.08638
-6.11172
-6.14181
-6.1662
-6.17857
-6.18524
-6.18496
-6.18
-6.17429
-6.17135
-6.17047
-6.16891
-6.17241
-6.18011
-6.19455
-6.21104
-6.22894
-6.24167
-6.25261
-6.25912
-6.2683
-6.27134
-6.27162
-6.26945
-6.26705
-6.26334
-6.2594
-6.25051
-6.24605
-6.24479
-6.24989
-6.26015
-6.2723
-6.27907
-6.28051
-6.27574
-6.26496
-6.24741
-6.22473
-6.20695
-6.19544
-6.19443
-6.20374
-6.22335
-6.25237
-6.28621
-6.32388
-6.36291
-6.39588
-6.42731
-6.44431
-6.44819
-6.4394
-6.41601
-6.3782
-6.32604
-6.26705
-6.20007
-6.13756
-6.07921
-6.0361
-6.01326
-6.01424
-6.04089
-6.08564
-6.14763
-6.21768
-6.28285
-6.33966
-6.38071
-6.40653
-6.41301
-6.40816
-6.39142
-6.37401
-6.35355
-6.33607
-6.32135
-6.30261
-6.28249
-6.25946
-6.23418
-6.21498
-6.20169
-6.19431
-6.19516
-6.19892
-6.20486
-6.21306
-6.22012
-6.22342
-6.22095
-6.21627
-6.21528
-6.22165
-6.23363
-6.25067
-6.26919
-6.28777
-6.30576
-6.3179
-6.31596
-6.30214
-6.27745
-6.24471
-6.20709
-6.17009
-6.14662
-6.14094
-6.15323
-6.1876
-6.23287
-6.28917
-6.33943
-6.38245
-6.40865
-6.41356
-6.40028
-6.3688
-6.32439
-6.27541
-6.22523
-6.1819
-6.14495
-6.11671
-6.09744
-6.08571
-6.08093
-6.09312
-6.11128
-6.13477
-6.15474
-6.17422
-6.18987
-6.20746
-6.22706
-6.25571
-6.28362
-6.31074
-6.32502
-6.33239
-6.33693
-6.33954
-6.34573
-6.35431
-6.36521
-6.37222
-6.36876
-6.35769
-6.33653
-6.30901
-6.28363
-6.26437
-6.25888
-6.26123
-6.26813
-6.2781
-6.28648
-6.2889
-6.28565
-6.27931
-6.27029
-6.25794
-6.23935
-6.22416
-6.20803
-6.19544
-6.18945
-6.19277
-6.20557
-6.21476
-6.22269
-6.2279
-6.2283
-6.22319
-6.2111
-6.19197
-6.17087
-6.14874
-6.13454
-6.13127
-6.14443
-6.1667
-6.19397
-6.21458
-6.22389
-6.22422
-6.21248
-6.19772
-6.18068
-6.16539
-6.15457
-6.15529
-6.16624
-6.18621
-6.21798
-6.25585
-6.29671
-6.33609
-6.37105
-6.40007
-6.42097
-6.43406
-6.43113
-6.4119
-6.37622
-6.32491
-6.27139
-6.21796
-6.1749
-6.14457
-6.12593
-6.11441
-6.10646
-6.1136
-6.13041
-6.15101
-6.17739
-6.20099
-6.21778
-6.23022
-6.23942
-6.24439
-6.24398
-6.23913
-6.23612
-6.23176
-6.22887
-6.22801
-6.22444
-6.22139
-6.21512
-6.20726
-6.1988
-6.19095
-6.18653
-6.18951
-6.20302
-6.22406
-6.24429
-6.26233
-6.2775
-6.28694
-6.29018
-6.29484
-6.30053
-6.30874
-6.31994
-6.33216
-6.33921
-6.34499
-6.34654
-6.34139
-6.32961
-6.31257
-6.29277
-6.26903
-6.24246
-6.21533
-6.195
-6.18623
-6.19268
-6.21377
-6.24429
-6.28002
-6.31936
-6.35129
-6.37265
-6.38622
-6.38774
-6.37809
-6.35706
-6.33277
-6.30602
-6.28328
-6.26673
-6.25968
-6.26407
-6.2752
-6.28636
-6.30109
-6.31362
-6.32414
-6.32858
-6.32556
-6.31672
-6.30033
-6.28008
-6.25943
-6.23936
-6.21813
-6.19808
-6.18076
-6.1653
-6.15143
-6.13983
-6.13696
-6.14037
-6.14728
-6.15683
-6.16457
-6.16275
-6.15306
-6.13427
-6.10715
-6.08034
-6.05894
-6.04191
-6.03411
-6.03423
-6.04885
-6.0733
-6.10402
-6.14403
-6.18572
-6.22895
-6.273
-6.3157
-6.35216
-6.37919
-6.39742
-6.4036
-6.39758
-6.38295
-6.36417
-6.3451
-6.32907
-6.31481
-6.30165
-6.29301
-6.29028
-6.29636
-6.31135
-6.34242
-6.37546
-6.4078
-6.43148
-6.44202
-6.43618
-6.41097
-6.37075
-6.32176
-6.26749
-6.21791
-6.17722
-6.14971
-6.13065
-6.12718
-6.1352
-6.15591
-6.18219
-6.20523
-6.22174
-6.22575
-6.22001
-6.207
-6.18997
-6.17942
-6.1819
-6.19851
-6.22594
-6.26063
-6.29026
-6.31079
-6.31739
-6.30726
-6.28078
-6.24365
-6.20384
-6.16584
-6.13718
-6.12403
-6.12524
-6.14148
-6.1705
-6.21076
-6.26107
-6.31463
-6.36196
-6.39079
-6.39702
-6.37599
-6.33371
-6.28782
-6.25563
-6.24655
-6.25635
-6.27172
-6.28024
-6.27799
-6.2633
-6.23695
-6.20595
-6.17523
-6.15029
-6.12725
-6.10872
-6.09853
-6.09669
-6.103
-6.11759
-6.13849
-6.15729
-6.17506
-6.18617
-6.19458
-6.20187
-6.21355
-6.23352
-6.255
-6.28117
-6.30878
-6.32961
-6.33997
-6.34497
-6.33948
-6.32883
-6.3177
-6.30369
-6.29335
-6.28699
-6.28574
-6.28942
-6.29412
-6.29246
-6.28571
-6.27308
-6.25571
-6.23853
-6.22241
-6.21252
-6.20771
-6.20961
-6.21984
-6.23745
-6.26388
-6.30213
-6.34971
-6.39668
-6.43354
-6.45299
-6.45514
-6.44158
-6.41083
-6.37466
-6.33874
-6.3055
-6.26853
-6.22589
-6.1792
-6.13165
-6.09157
-6.06208
-6.04631
-6.04583
-6.0544
-6.06928
-6.08845
-6.10742
-6.12014
-6.1312
-6.13709
-6.14163
-6.14322
-6.14627
-6.14818
-6.15153
-6.15715
-6.16281
-6.17316
-6.18146
-6.18842
-6.19387
-6.20203
-6.20768
-6.21079
-6.21224
-6.21095
-6.20906
-6.21477
-6.22913
-6.24636
-6.26919
-6.28548
-6.29405
-6.29603
-6.2984
-6.30248
-6.31007
-6.32282
-6.33746
-6.35355
-6.36937
-6.38495
-6.39768
-6.40289
-6.39814
-6.3811
-6.35625
-6.32277
-6.28568
-6.24614
-6.21016
-6.18558
-6.16914
-6.16214
-6.16062
-6.16627
-6.17379
-6.18345
-6.19907
-6.21538
-6.23554
-6.25481
-6.27618
-6.29839
-6.32033
-6.33583
-6.34205
-6.33534
-6.31584
-6.29265
-6.26775
-6.24516
-6.22802
-6.21555
-6.20855
-6.20479
-6.19985
-6.19641
-6.19749
-6.20326
-6.21635
-6.23314
-6.25176
-6.26882
-6.28169
-6.28752
-6.28999
-6.2978
-6.30743
-6.32556
-6.34995
-6.37496
-6.38829
-6.38752
-6.37487
-6.35207
-6.32424
-6.295
-6.26892
-6.24692
-6.229
-6.2243
-6.22519
-6.23403
-6.24674
-6.2647
-6.28622
-6.30709
-6.32301
-6.33195
-6.33667
-6.33413
-6.32827
-6.318
-6.30084
-6.27534
-6.24746
-6.21569
-6.18589
-6.162
-6.14628
-6.13496
-6.13218
-6.13128
-6.13325
-6.13583
-6.14181
-6.15253
-6.16614
-6.18305
-6.19572
-6.20783
-6.21319
-6.21435
-6.21114
-6.20889
-6.20657
-6.20679
-6.21042
-6.21629
-6.22427
-6.23739
-6.24848
-6.25294
-6.24997
-6.24287
-6.23543
-6.22885
-6.23152
-6.24505
-6.26392
-6.28334
-6.30362
-6.31918
-6.33395
-6.34738
-6.35753
-6.36457
-6.36806
-6.37242
-6.372
-6.36997
-6.36185
-6.35742
-6.35195
-6.35254
-6.35693
-6.36348
-6.36958
-6.36484
-6.34593
-6.30759
-6.25203
-6.18808
-6.12162
-6.0634
-6.01879
-5.99553
-5.99254
-6.00729
-6.03852
-6.08298
-6.13447
-6.18235
-6.22904
-6.26384
-6.2889
-6.30214
-6.30829
-6.30218
-6.29272
-6.28139
-6.26521
-6.24819
-6.23563
-6.2293
-6.22961
-6.23357
-6.24455
-6.25933
-6.27517
-6.29063
-6.30426
-6.31031
-6.31429
-6.31597
-6.31641
-6.31379
-6.30734
-6.30004
-6.29055
-6.27984
-6.2693
-6.26187
-6.25908
-6.25741
-6.25752
-6.2589
-6.26112
-6.26264
-6.26165
-6.2539
-6.24438
-6.23267
-6.21968
-6.21034
-6.21056
-6.216
-6.22213
-6.22679
-6.22765
-6.21961
-6.20622
-6.19265
-6.17857
-6.16769
-6.15989
-6.15565
-6.15323
-6.15893
-6.17651
-6.20075
-6.22724
-6.25037
-6.27012
-6.29058
-6.31306
-6.33475
-6.36321
-6.38712
-6.40676
-6.41955
-6.42764
-6.42769
-6.42074
-6.40693
-6.38781
-6.3621
-6.33466
-6.30906
-6.28189
-6.25529
-6.23012
-6.20366
-6.17636
-6.15172
-6.13412
-6.12297
-6.12189
-6.13814
-6.16356
-6.1979
-6.23592
-6.26695
-6.29534
-6.31479
-6.32807
-6.34096
-6.34938
-6.35465
-6.35051
-6.33613
-6.30884
-6.26711
-6.2144
-6.15638
-6.10106
-6.05881
-6.03716
-6.04071
-6.0628
-6.09437
-6.13534
-6.17858
-6.2224
-6.26549
-6.29848
-6.32486
-6.34348
-6.34705
-6.33771
-6.31998
-6.29481
-6.2669
-6.2402
-6.21693
-6.20157
-6.20363
-6.21583
-6.23911
-6.27369
-6.30972
-6.34297
-6.36975
-6.38033
-6.37616
-6.35326
-6.3152
-6.26519
-6.21237
-6.15522
-6.10507
-6.06229
-6.03384
-6.0198
-6.02871
-6.05598
-6.09793
-6.15472
-6.21564
-6.27951
-6.33907
-6.38916
-6.42748
-6.45257
-6.464
-6.46155
-6.45129
-6.4341
-6.41067
-6.39199
-6.37263
-6.35294
-6.33799
-6.3305
-6.32181
-6.3141
-6.30392
-6.2899
-6.27537
-6.26387
-6.25549
-6.25101
-6.24708
-6.23924
-6.22334
-6.1985
-6.17162
-6.14225
-6.11969
-6.11101
-6.11497
-6.13406
-6.16573
-6.20707
-6.24928
-6.2802
-6.3033
-6.30739
-6.29752
-6.27631
-6.25187
-6.22522
-6.2066
-6.19659
-6.19364
-6.19214
-6.19389
-6.19893
-6.20573
-6.21633
-6.23316
-6.25064
-6.27254
-6.29558
-6.32119
-6.34703
-6.37103
-6.38856
-6.39949
-6.39773
-6.38482
-6.36403
-6.33683
-6.31113
-6.28737
-6.27287
-6.26691
-6.26697
-6.26796
-6.26934
-6.26885
-6.26461
-6.25509
-6.24285
-6.23432
-6.23078
-6.23368
-6.2426
-6.25284
-6.26057
-6.26142
-6.24758
-6.21832
-6.18047
-6.14009
-6.09916
-6.06793
-6.05428
-6.05811
-6.07942
-6.11078
-6.14819
-6.18576
-6.21862
-6.25144
-6.27894
-6.30206
-6.31882
-6.33167
-6.3445
-6.35617
-6.36463
-6.369
-6.3664
-6.35645
-6.34777
-6.34449
-6.34696
-6.34938
-6.35006
-6.34936
-6.35001
-6.34669
-6.33649
-6.31935
-6.29445
-6.2596
-6.22514
-6.19205
-6.16543
-6.15256
-6.15429
-6.16564
-6.18621
-6.21076
-6.23845
-6.27038
-6.30252
-6.33105
-6.35235
-6.3622
-6.35867
-6.34208
-6.31751
-6.2943
-6.27651
-6.26873
-6.27553
-6.28897
-6.30502
-6.31829
-6.32845
-6.32743
-6.30968
-6.27981
-6.24336
-6.19576
-6.15242
-6.11676
-6.09558
-6.09508
-6.11099
-6.13855
-6.16077
-6.17985
-6.1905
-6.19129
-6.18627
-6.18245
-6.18382
-6.18944
-6.1994
-6.2153
-6.22798
-6.24299
-6.25291
-6.25782
-6.25177
-6.24049
-6.22166
-6.20921
-6.20642
-6.21659
-6.23773
-6.26354
-6.28925
-6.30764
-6.32389
-6.33452
-6.33871
-6.33511
-6.32904
-6.32115
-6.30815
-6.29686
-6.28132
-6.26105
-6.23587
-6.20388
-6.16957
-6.1451
-6.13857
-6.14952
-6.18046
-6.21756
-6.25052
-6.27225
-6.27742
-6.27297
-6.25685
-6.23605
-6.2173
-6.19709
-6.18192
-6.16931
-6.16271
-6.16372
-6.17709
-6.20514
-6.2384
-6.27372
-6.30334
-6.32303
-6.34083
-6.34625
-6.34362
-6.3311
-6.31168
-6.29122
-6.27529
-6.26552
-6.26262
-6.26983
-6.28037
-6.29272
-6.3032
-6.31406
-6.32717
-6.3363
-6.34513
-6.35402
-6.35452
-6.34974
-6.33592
-6.31454
-6.28856
-6.2672
-6.24497
-6.23102
-6.216
-6.20448
-6.20279
-6.21496
-6.23451
-6.25453
-6.27295
-6.28397
-6.2886
-6.29122
-6.29566
-6.3001
-6.30619
-6.3143
-6.31884
-6.31973
-6.31755
-6.30471
-6.27959
-6.25005
-6.21606
-6.18405
-6.15197
-6.12275
-6.09847
-6.08096
-6.07378
-6.08135
-6.10606
-6.14539
-6.19677
-6.25788
-6.31855
-6.37588
-6.42327
-6.4533
-6.47184
-6.47465
-6.46189
-6.4363
-6.3996
-6.3601
-6.3188
-6.2768
-6.24562
-6.22147
-6.20373
-6.19273
-6.18604
-6.18713
-6.19449
-6.20325
-6.20976
-6.21678
-6.22152
-6.22621
-6.23386
-6.24173
-6.25212
-6.26396
-6.28322
-6.30534
-6.33124
-6.35372
-6.3737
-6.39129
-6.39979
-6.39747
-6.3848
-6.36241
-6.33074
-6.29053
-6.24699
-6.20619
-6.17361
-6.1498
-6.12893
-6.10805
-6.08699
-6.06079
-6.04043
-6.02585
-6.0143
-6.01533
-6.02781
-6.05709
-6.10308
-6.16185
-6.23001
-6.30229
-6.37008
-6.42731
-6.46795
-6.48974
-6.49398
-6.47823
-6.44907
-6.41301
-6.37373
-6.33896
-6.30875
-6.28162
-6.25943
-6.23841
-6.22449
-6.21736
-6.2247
-6.24231
-6.26694
-6.29456
-6.31605
-6.32093
-6.31131
-6.28533
-6.24735
-6.20679
-6.1729
-6.14934
-6.14551
-6.15773
-6.18478
-6.2241
-6.2645
-6.29617
-6.31283
-6.31324
-6.30106
-6.28347
-6.26119
-6.24163
-6.23394
-6.24092
-6.25478
-6.27475
-6.29252
-6.30363
-6.30442
-6.29719
-6.28188
-6.26304
-6.24292
-6.22696
-6.21681
-6.2202
-6.23293
-6.2564
-6.28251
-6.30853
-6.3267
-6.33121
-6.32167
-6.30059
-6.27203
-6.24434
-6.22111
-6.20668
-6.19542
-6.1795
-6.15858
-6.13311
-6.10362
-6.07915
-6.05923
-6.04711
-6.04688
-6.0562
-6.07717
-6.11301
-6.16873
-6.2438
-6.32714
-6.40475
-6.47113
-6.51168
-6.53035
-6.53463
-6.52484
-6.50169
-6.46729
-6.42466
-6.38119
-6.3347
-6.30161
-6.28067
-6.27678
-6.28471
-6.30038
-6.31668
-6.32734
-6.3315
-6.32261
-6.2997
-6.26856
-6.22541
-6.17889
-6.13787
-6.10317
-6.08174
-6.07545
-6.08118
-6.10144
-6.12782
-6.1561
-6.18341
-6.20309
-6.21231
-6.21113
-6.19916
-6.18263
-6.16723
-6.16172
-6.16386
-6.17627
-6.19173
-6.20946
-6.22461
-6.23805
-6.24989
-6.25408
-6.24906
-6.24161
-6.22205
-6.20052
-6.17745
-6.16294
-6.16203
-6.18144
-6.21557
-6.25812
-6.30171
-6.33607
-6.36302
-6.37784
-6.38125
-6.38015
-6.37173
-6.35497
-6.33352
-6.30724
-6.2752
-6.23948
-6.20895
-6.18259
-6.16569
-6.16241
-6.16641
-6.17718
-6.19521
-6.21613
-6.24135
-6.26969
-6.30032
-6.33221
-6.35665
-6.37279
-6.38235
-6.38596
-6.38552
-6.37823
-6.36929
-6.36312
-6.35979
-6.35262
-6.34283
-6.33159
-6.31602
-6.29639
-6.27431
-6.24923
-6.21876
-6.18793
-6.16233
-6.14637
-6.14098
-6.14842
-6.16892
-6.19723
-6.22331
-6.24274
-6.25694
-6.26236
-6.26506
-6.26566
-6.26707
-6.2701
-6.27848
-6.29212
-6.30519
-6.31147
-6.31242
-6.30769
-6.29402
-6.27873
-6.26392
-6.25761
-6.26196
-6.28157
-6.30594
-6.33198
-6.34701
-6.34614
-6.32876
-6.2936
-6.25366
-6.21348
-6.18276
-6.16665
-6.16667
-6.18446
-6.21176
-6.23529
-6.25359
-6.25796
-6.24952
-6.22576
-6.19367
-6.16159
-6.13242
-6.10832
-6.09643
-6.09123
-6.0934
-6.10825
-6.12814
-6.16622
-6.21569
-6.26791
-6.31882
-6.3528
-6.37448
-6.38103
-6.37637
-6.36205
-6.34994
-6.33681
-6.32843
-6.32298
-6.32029
-6.31579
-6.30785
-6.29466
-6.27142
-6.24682
-6.22487
-6.21468
-6.22375
-6.24774
-6.2825
-6.32526
-6.36157
-6.39001
-6.40547
-6.40765
-6.39516
-6.36761
-6.32643
-6.27747
-6.23197
-6.18954
-6.15673
-6.13874
-6.13756
-6.15138
-6.1743
-6.20473
-6.23273
-6.2574
-6.27446
-6.28263
-6.28097
-6.26784
-6.24679
-6.2203
-6.1928
-6.17349
-6.16373
-6.16905
-6.18587
-6.20841
-6.22862
-6.24324
-6.24567
-6.24066
-6.22808
-6.20516
-6.182
-6.16149
-6.14912
-6.14878
-6.15776
-6.175
-6.19937
-6.23068
-6.26869
-6.30447
-6.33558
-6.35734
-6.3643
-6.35697
-6.33774
-6.30767
-6.26927
-6.24004
-6.21978
-6.20601
-6.19478
-6.18827
-6.18533
-6.182
-6.17848
-6.1752
-6.16706
-6.15957
-6.15284
-6.14535
-6.14388
-6.14947
-6.16087
-6.17859
-6.19972
-6.22113
-6.24821
-6.28063
-6.32107
-6.37088
-6.42585
-6.48104
-6.52505
-6.54964
-6.5497
-6.52703
-6.47994
-6.41824
-6.34322
-6.26944
-6.2049
-6.1523
-6.12242
-6.12074
-6.1442
-6.18296
-6.22928
-6.26678
-6.28973
-6.29452
-6.28503
-6.26483
-6.23975
-6.21542
-6.19534
-6.18169
-6.17932
-6.18905
-6.20781
-6.23431
-6.26174
-6.28064
-6.28765
-6.28195
-6.26323
-6.23307
