0.83896
0.900329
0.973499
1.0489
1.11888
1.17863
1.22595
1.26036
1.28203
1.29145
1.28949
1.27779
1.25909
1.237
1.21547
1.19755
1.1845
1.17584
1.17032
1.16722
1.16706
1.17097
1.17924
1.1903
1.20065
1.20589
1.20236
1.18857
1.16572
1.13703
1.10585
1.07437
1.04366
1.01475
0.989381
0.970235
0.960757
0.964051
0.980947
1.00867
1.04147
1.07305
1.09897
1.11782
1.13083
1.14051
1.14923
1.15811
1.16658
1.17304
1.17574
1.17382
1.16778
1.15936
1.1505
1.14226
1.13459
1.12711
1.11981
1.11285
1.10621
1.09983
1.09456
1.09246
1.09556
1.10418
1.11639
1.12888
1.13894
1.14562
1.14975
1.15278
1.15554
1.15736
1.15594
1.14828
1.13209
1.10776
1.07924
1.05318
1.03616
1.03151
1.03783
1.05014
1.06222
1.06892
1.06736
1.05723
1.04068
1.02175
1.00583
0.998197
1.00222
1.01847
1.04491
1.07803
1.11404
1.14974
1.18289
1.21204
1.23595
1.25313
1.26175
1.26042
1.24931
1.23074
1.209
1.18893
1.17426
1.16662
1.16537
1.16813
1.17155
1.1721
1.16664
1.15307
1.13037
1.09883
1.06028
1.01829
0.978331
0.947137
0.931258
0.934507
0.956374
0.992553
1.03702
1.08395
1.12843
1.16643
1.19472
1.211
1.21411
1.20461
1.18482
1.15847
1.12984
1.10273
1.07953
1.06129
1.04871
1.04271
1.04423
1.05382
1.07118
1.09493
1.12206
1.14811
1.16853
1.18037
1.18315
1.17849
1.16899
1.15716
1.14474
1.13281
1.12206
1.11249
1.1022
1.08761
1.06656
1.04134
1.01861
1.00601
1.0086
1.0267
1.05612
1.0903
1.12315
1.15077
1.17166
1.18596
1.19406
1.19563
1.18969
1.17611
1.15657
1.13476
1.11537
1.10246
1.09817
1.10204
1.11176
1.12455
1.13829
1.15177
1.1643
1.17544
1.18497
1.19315
1.20043
1.20687
1.21163
1.21292
1.20867
1.19742
1.17887
1.15411
1.12541
1.09557
1.06705
1.04122
1.01852
0.999375
0.985086
0.978108
0.98104
0.994962
1.01787
1.04488
1.07014
1.08883
1.09799
1.09689
1.08701
1.07191
1.05683
1.04743
1.04741
1.0567
1.07172
1.08804
1.10276
1.11465
1.12298
1.12701
1.12691
1.12443
1.12211
1.12231
1.1266
1.13548
1.14773
1.16019
1.16867
1.16963
1.16204
1.14799
1.13211
1.11913
1.11153
1.10885
1.10907
1.11048
1.11234
1.11463
1.11761
1.12146
1.12591
1.13008
1.13249
1.13179
1.12722
1.11912
1.10944
1.10168
1.09903
1.10196
1.10778
1.11274
1.11452
1.11334
1.11119
1.10992
1.1101
1.11123
1.11259
1.11345
1.11311
1.11081
1.10593
1.09839
1.08872
1.07806
1.06753
1.05787
1.04981
1.04462
1.04406
1.04981
1.06252
1.08151
1.10481
1.12964
1.15304
1.17234
1.18554
1.19126
1.18899
1.17942
1.16457
1.14736
1.13072
1.11698
1.10775
1.10381
1.10466
1.10881
1.11453
1.12073
1.12723
1.13427
1.14198
1.15001
1.15748
1.16302
1.16506
1.16237
1.15439
1.14161
1.12534
1.10708
1.08824
1.07048
1.05658
1.05049
1.05619
1.07567
1.10732
1.1458
1.18336
1.21227
1.22683
1.2247
1.20686
1.17704
1.14086
1.10501
1.07615
1.05966
1.05816
1.07066
1.09268
1.11776
1.1394
1.15304
1.15672
1.15116
1.13873
1.12237
1.10459
1.08712
1.07122
1.05813
1.04941
1.04648
1.05011
1.05988
1.07415
1.09047
1.10624
1.11904
1.12685
1.12795
1.12117
1.10655
1.08578
1.06162
1.03696
1.0146
0.998011
0.991155
0.996772
1.01456
1.04112
1.07134
1.10024
1.12403
1.14068
1.15004
1.15319
1.15149
1.14583
1.13667
1.12458
1.11087
1.09765
1.0869
1.07966
1.0759
1.07538
1.07878
1.08772
1.10364
1.12637
1.15377
1.18285
1.2109
1.23576
1.25505
1.26608
1.26734
1.25972
1.24561
1.22716
1.20558
1.18175
1.15701
1.13326
1.11268
1.09727
1.08851
1.08696
1.09216
1.10267
1.11611
1.1294
1.13944
1.14372
1.14104
1.13183
1.11789
1.10173
1.08597
1.07289
1.06399
1.05992
1.06046
1.06461
1.07096
1.07811
1.08489
1.09079
1.09607
1.10156
1.10832
1.11683
1.12673
1.13703
1.14679
1.15537
1.16208
1.1657
1.16427
1.15602
1.14092
1.12224
1.10629
1.09941
1.10452
1.11966
1.13929
1.15724
1.16872
1.17116
1.16415
1.14903
1.12864
1.10691
1.08786
1.07436
1.06727
1.06584
1.06847
1.07315
1.07711
1.07711
1.07058
1.05683
1.03811
1.01936
1.00704
1.00704
1.02248
1.05283
1.09414
1.14043
1.18535
1.22369
1.25203
1.26879
1.27376
1.26743
1.25084
1.2258
1.1956
1.16549
1.14203
1.12981
1.12786
1.12954
1.12643
1.11301
1.08897
1.05865
1.02832
1.00312
0.985964
0.978167
0.979827
0.989863
1.0062
1.02632
1.04805
1.06984
1.0907
1.10991
1.12667
1.14009
1.14951
1.1548
1.15646
1.15567
1.15395
1.15243
1.15132
1.14952
1.14525
1.13709
1.12515
1.1119
1.10212
1.10142
1.11331
1.13719
1.16839
1.19998
1.2248
1.23719
1.23459
1.21777
1.19027
1.15728
1.12466
1.09774
1.08025
1.07342
1.07562
1.0831
1.09124
1.09584
1.0941
1.08504
1.06926
1.04845
1.02478
1.00037
0.97689
0.955378
0.936324
0.920048
0.907258
0.899705
0.900198
0.912277
0.939009
0.981616
1.03832
1.10403
1.17123
1.23178
1.27867
1.30738
1.31647
1.30752
1.28462
1.25342
1.21987
1.18915
1.16511
1.15016
1.14529
1.14991
1.16114
1.17379
1.18178
1.18025
1.16713
1.14374
1.114
1.08334
1.05742
1.04103
1.03711
1.04571
1.06379
1.08639
1.10852
1.12658
1.13875
1.14492
1.14618
1.1444
1.14193
1.14122
1.14442
1.15251
1.1649
1.17959
1.19391
1.20523
1.21126
1.21038
1.2019
1.18645
1.16589
1.14304
1.1212
1.10345
1.09157
1.0855
1.08396
1.08549
1.08898
1.09325
1.09648
1.09629
1.09065
1.07886
1.06229
1.04447
1.03055
1.02585
1.03353
1.05282
1.07925
1.10676
1.13023
1.14666
1.15499
1.15515
1.14758
1.13318
1.11361
1.09157
1.07062
1.05482
1.04799
1.05254
1.06798
1.09008
1.11227
1.12875
1.13738
1.13995
1.14024
1.14181
1.14624
1.15273
1.15854
1.16026
1.15501
1.1414
1.12025
1.09519
1.07208
1.05688
1.05291
1.0602
1.07619
1.09709
1.11884
1.1379
1.15189
1.16017
1.16399
1.16564
1.16714
1.16974
1.17379
1.17905
1.18492
1.19073
1.19583
1.1995
1.20127
1.20096
1.19852
1.19373
1.18601
1.1746
1.15893
1.13875
1.11477
1.08945
1.06699
1.0519
1.04654
1.04932
1.05577
1.06134
1.06349
1.06156
1.05552
1.04537
1.03114
1.01343
0.993674
0.974048
0.957316
0.946591
0.944913
0.954352
0.97493
1.00417
1.0376
1.07002
1.09691
1.11535
1.12425
1.12421
1.11711
1.10569
1.09312
1.08274
1.07764
1.0802
1.09185
1.11278
1.14171
1.17562
1.21007
1.24025
1.26244
1.27503
1.27854
1.27456
1.26404
1.24689
1.22272
1.19243
1.15893
1.12616
1.09742
1.07402
1.0551
1.03894
1.02458
1.0128
1.00574
1.0055
1.01266
1.02566
1.04129
1.05575
1.06574
1.06977
1.0689
1.06683
1.06865
1.07861
1.09823
1.12574
1.15733
1.18885
1.21702
1.23997
1.25727
1.26937
1.27684
1.27966
1.27722
1.26849
1.25259
1.22959
1.20112
1.17025
1.14022
1.11294
1.08934
1.07075
1.05893
1.05447
1.05573
1.05948
1.0627
1.06401
1.06374
1.06303
1.06305
1.06476
1.06903
1.07617
1.08543
1.09519
1.10394
1.1111
1.11717
1.12336
1.13103
1.14129
1.15443
1.16945
1.18412
1.19541
1.20065
1.19867
1.19002
1.17666
1.16103
1.14569
1.133
1.12433
1.11956
1.11716
1.11517
1.11224
1.10788
1.10175
1.09323
1.08195
1.06871
1.05556
1.04486
1.03834
1.03653
1.0388
1.04401
1.05094
1.05842
1.06518
1.07009
1.07289
1.07514
1.07987
1.08974
1.10508
1.12353
1.14115
1.15414
1.16009
1.15863
1.15102
1.13926
1.12506
1.10907
1.09099
1.07057
1.04868
1.02797
1.01211
1.00376
1.00329
1.00965
1.02226
1.0414
1.0669
1.09691
1.12797
1.15582
1.17638
1.18677
1.18607
1.17543
1.1577
1.13682
1.11703
1.1019
1.09361
1.09241
1.09697
1.10549
1.11723
1.13352
1.15682
1.18737
1.22118
1.25196
1.27436
1.28534
1.28412
1.2716
1.25015
1.22327
1.19497
1.16867
1.14626
1.12809
1.11347
1.10115
1.08962
1.07766
1.06467
1.05114
1.03844
1.02871
1.02446
1.02785
1.03991
1.05975
1.08444
1.10966
1.13089
1.14436
1.14771
1.1405
1.12446
1.10364
1.08331
1.06765
1.05782
1.05208
1.04791
1.0441
1.04114
1.04031
1.04295
1.05033
1.06277
1.07808
1.09191
1.10006
1.10041
1.09315
1.08012
1.06396
1.04751
1.03333
1.02352
1.0198
1.02388
1.0375
1.06187
1.09616
1.13648
1.17642
1.20904
1.22909
1.2341
1.22423
1.20199
1.17147
1.13776
1.10627
1.08181
1.06753
1.06419
1.0708
1.08566
1.1068
1.13196
1.1582
1.18143
1.19665
1.19934
1.18757
1.16309
1.13113
1.09891
1.07324
1.05812
1.05378
1.0575
1.06548
1.07478
1.08444
1.09508
1.10772
1.12263
1.13949
1.15752
1.17512
1.18918
1.1957
1.19162
1.17676
1.15432
1.12982
1.10872
1.09427
1.08628
1.08178
1.07723
1.07126
1.06576
1.06443
1.06944
1.08006
1.0938
1.10817
1.12124
1.13161
1.13861
1.14258
1.14449
1.14535
1.14559
1.14503
1.14333
1.14024
1.13577
1.13025
1.12434
1.11898
1.11495
1.1126
1.11169
1.11162
1.11164
1.11106
1.10958
1.10739
1.10474
1.10134
1.09624
1.08861
1.07899
1.0696
1.06341
1.06222
1.06576
1.07251
1.0809
1.09006
1.09956
1.10895
1.11732
1.1234
1.12617
1.1253
1.12149
1.11643
1.11254
1.11255
1.1188
1.13232
1.15224
1.17543
1.197
1.21164
1.2152
1.20592
1.18492
1.15568
1.12297
1.09146
1.0646
1.04426
1.03107
1.02521
1.02697
1.03653
1.05305
1.07424
1.09699
1.11888
1.13881
1.15659
1.17201
1.1842
1.19173
1.19325
1.18797
1.17587
1.1577
1.13503
1.11037
1.08704
1.06883
1.05918
1.05995
1.07066
1.08863
1.11039
1.13291
1.15381
1.17082
1.18149
1.18438
1.17992
1.16999
1.15674
1.14175
1.1266
1.1133
1.10395
1.09993
1.10123
1.10683
1.11487
1.12286
1.12775
1.12662
1.11747
1.09985
1.07497
1.04573
1.01681
0.99421
0.983549
0.987536
1.00447
1.02919
1.05568
1.07942
1.09854
1.11363
1.12644
1.13818
1.1484
1.15477
1.1544
1.14547
1.12826
1.10493
1.07846
1.05162
1.02658
1.00501
0.988486
0.978768
0.9775
0.985674
1.00303
1.02778
1.05692
1.08683
1.11402
1.13583
1.15141
1.16207
1.17093
1.18173
1.19689
1.21657
1.23864
1.25935
1.2743
1.27962
1.27351
1.25674
1.23227
1.20374
1.17424
1.14574
1.11981
1.09774
1.08052
1.0696
1.06827
1.07956
1.10173
1.12795
1.15079
1.16563
1.17097
1.16728
1.15642
1.14096
1.12376
1.10738
1.09378
1.08443
1.08034
1.08242
1.09078
1.10412
1.11955
1.13329
1.14225
1.14515
1.14288
1.13792
1.13288
1.12901
1.126
1.12287
1.11892
1.11357
1.106
1.09555
1.08223
1.06729
1.05292
1.04134
1.03396
1.03117
1.03277
1.03855
1.04809
1.0604
1.07401
1.08788
1.10227
1.11851
1.13714
1.15612
1.17136
1.17897
1.17753
1.16823
1.15372
1.13682
1.1199
1.105
1.09467
1.09231
1.09998
1.11589
1.13522
1.15304
1.16592
1.17238
1.17318
1.17093
1.1688
1.16886
1.17115
1.17403
1.17517
1.17268
1.16545
1.15336
1.13692
1.11723
1.09599
1.07557
1.05864
1.0473
1.04231
1.04291
1.04691
1.05149
1.05445
1.05538
1.05561
1.05699
1.06054
1.06612
1.07345
1.08318
1.09619
1.11214
1.12841
1.14098
1.14687
1.14602
1.14106
1.13577
1.13342
1.1358
1.14274
1.15248
1.16225
1.16953
1.17311
1.17333
1.17125
1.16775
1.16311
1.1573
1.15039
1.14287
1.13542
1.12878
1.12369
1.12099
1.12144
1.12524
1.13184
1.14022
1.14952
1.15929
1.16924
1.17791
1.18217
1.17811
1.16275
1.13523
1.09765
1.05512
1.01465
0.983283
0.965676
0.963122
0.974101
0.995873
1.02553
1.06001
1.09588
1.12969
1.15857
1.18062
1.19479
1.2005
1.1974
1.18521
1.1642
1.13597
1.10399
1.073
1.04743
1.03025
1.02286
1.02521
1.03593
1.05224
1.07045
1.08706
1.0996
1.10716
1.11026
1.11034
1.10911
1.10773
1.10675
1.10639
1.10699
1.10897
1.11233
1.11655
1.12091
1.12508
1.12949
1.13518
1.1434
1.15517
1.17094
1.19011
1.2106
1.22883
1.24052
1.24178
1.2302
1.20595
1.17225
1.13509
1.10197
1.07938
1.07046
1.07407
1.08597
1.10083
1.1144
1.12399
1.12808
1.12606
1.11899
1.11032
1.10452
1.10398
1.10691
1.10882
1.10588
1.09706
1.0841
1.07011
1.05816
1.05065
1.04895
1.05328
1.06281
1.07598
1.09119
1.10696
1.12168
1.13326
1.13929
1.13773
1.12784
1.11055
1.08824
1.06439
1.0428
1.02668
1.01761
1.01515
1.0173
1.0218
1.02708
1.03228
1.03702
1.0411
1.04434
1.04689
1.0498
1.05531
1.06601
1.08314
1.10486
1.12592
1.13941
1.13975
1.12464
1.096
1.05942
1.02307
0.996085
0.986472
0.998046
1.02871
1.07182
1.1192
1.16353
1.19923
1.22287
1.23275
1.22871
1.21203
1.18566
1.15418
1.12353
1.09923
1.08481
1.08093
1.08603
1.09763
1.11332
1.13077
1.14728
1.15989
1.16646
1.1665
1.16098
1.15154
1.13961
1.12663
1.11431
1.10454
1.09888
1.09856
1.1044
1.11554
1.12849
1.13824
1.14081
1.13504
1.12277
1.10747
1.09306
1.08287
1.07902
1.08217
1.09178
1.10648
1.12428
1.14255
1.15826
1.16887
1.17312
1.17188
1.1681
1.16569
1.1673
1.17275
1.17962
1.18518
1.18773
1.18697
1.18313
1.17579
1.16357
1.14519
1.121
1.09339
1.06586
1.04148
1.02192
1.00732
0.996991
0.990207
0.986385
0.9849
0.984806
0.98516
0.985379
0.985609
0.986671
0.989677
0.995601
1.00521
1.01941
1.03949
1.06693
1.10218
1.14368
1.18758
1.22857
1.26158
1.28345
1.29349
1.29315
1.28518
1.27276
1.25902
1.24644
1.23614
1.2272
1.21714
1.20312
1.18331
1.15746
1.12659
1.09257
1.05762
1.02427
0.995013
0.972284
0.958082
0.953852
0.960066
0.975962
0.999477
1.02757
1.05682
1.08395
1.10617
1.12167
1.13
1.13216
1.13007
1.12584
1.12108
1.11747
1.1172
1.1229
1.13572
1.15385
1.1731
1.18919
1.19888
1.20052
1.19387
1.17995
1.16075
1.13858
1.1155
1.09325
1.07391
1.06058
1.05623
1.06152
1.07356
1.08757
1.09914
1.10527
1.10484
1.09901
1.091
1.08487
1.084
1.09001
1.10288
1.12173
1.14562
1.17332
1.20255
1.22946
1.24963
1.25982
1.25915
1.24904
1.23208
1.21095
1.18802
1.16545
1.14537
1.12957
1.11899
1.11381
1.11341
1.11686
1.12275
1.12881
1.13159
1.12718
1.1135
1.09186
1.06643
1.0416
1.01946
1.00013
0.984427
0.975922
0.979133
0.994237
1.01513
1.03398
1.04636
1.05211
1.05329
1.05246
1.05217
1.05502
1.06342
1.07891
1.10131
1.12847
1.15737
1.18538
1.21112
1.23353
1.25084
1.26047
1.26032
1.24975
1.22962
1.20181
1.16917
1.13553
1.10522
1.08223
1.06896
1.06564
1.07101
1.0837
1.10273
1.12656
1.15187
1.17401
1.18883
1.19419
1.19027
1.17884
1.16251
1.14405
1.12578
1.10898
1.09372
1.07924
1.06493
1.05129
1.04038
1.03548
1.03986
1.05532
1.08111
1.11394
1.14896
1.18119
1.20657
1.22286
1.22973
1.22848
1.22132
1.2106
1.19839
1.18604
1.17393
1.16097
1.14481
1.12302
1.09431
1.05928
1.0211
0.985758
0.961402
0.955628
0.971159
1.00334
1.04193
1.07614
1.09865
1.10676
1.10125
1.08469
1.0607
1.03402
1.01055
0.995871
0.992738
0.999561
1.0114
1.02268
1.03003
1.03432
1.04057
1.05516
1.08164
1.11826
1.15902
1.19655
1.22512
1.24238
1.24995
1.25194
1.25215
1.25209
1.25106
1.24737
1.23957
1.2269
1.2092
1.18704
1.16218
1.13809
1.11954
1.11071
1.1128
1.12339
1.1382
1.1529
1.16336
1.16554
1.15586
1.1323
1.0957
1.05074
1.00534
0.968452
0.946879
0.943608
0.957994
0.987043
1.02631
1.07065
1.11484
1.15403
1.18438
1.20367
1.212
1.21143
1.20515
1.19643
1.18782
1.18114
1.17737
1.17661
1.17768
1.17861
1.17731
1.17211
1.16205
1.14703
1.12777
1.10555
1.08218
1.06001
1.04153
1.02891
1.02326
1.02452
1.03143
1.0417
1.05276
1.06261
1.07055
1.07693
1.08192
1.08492
1.0852
1.08345
1.08289
1.08854
1.10482
1.13289
1.16969
1.20956
1.2468
1.27709
1.29754
1.30598
1.30061
1.28048
1.24625
1.20117
1.15128
1.1042
1.06668
1.0417
1.02726
1.01818
1.00924
0.997655
0.983497
0.969001
0.957354
0.951711
0.954659
0.96783
0.991614
1.0248
1.06464
1.10718
1.14794
1.18287
1.20893
1.22419
1.22769
1.21933
1.20003
1.1723
1.14081
1.11225
1.09342
1.0883
1.09649
1.11445
1.1376
1.16094
1.17928
1.18851
1.18721
1.17721
1.16196
1.14373
1.12282
1.09934
1.07551
1.05591
1.04628
1.051
1.07071
1.10165
1.13741
1.17158
1.19926
1.21703
1.22234
1.21312
1.18846
1.15096
1.1092
1.07539
1.05666
1.05123
1.0545
1.06407
1.07848
1.09579
1.11367
1.13028
1.14481
1.15742
1.16871
1.17884
1.187
1.19154
1.19087
1.18413
1.17139
1.15314
1.13022
1.10426
1.0781
1.05563
1.04085
1.03629
1.04188
1.05513
1.07224
1.08951
1.10413
1.1144
1.11964
1.11969
1.11472
1.10521
1.09247
1.07862
1.06604
1.05633
1.04995
1.04647
1.04523
1.04561
1.047
1.04867
1.04971
1.04941
1.04743
1.0442
1.04093
1.03929
1.04101
1.04704
1.05715
1.07004
1.08393
1.09713
1.10808
1.11549
1.1185
1.11703
1.11173
1.10407
1.09597
1.08968
1.08715
1.08939
1.09576
1.10406
1.11141
1.11521
1.11386
1.10703
1.09582
1.08248
1.06973
1.0598
1.05433
1.05484
1.06313
1.08071
1.10702
1.13862
1.1707
1.19902
1.22062
1.2335
1.23637
1.22878
1.21158
1.1871
1.15899
1.13168
1.10949
1.09541
1.0903
1.09265
1.09948
1.10752
1.11406
1.11739
1.11651
1.11097
1.10094
1.08773
1.07411
1.06392
1.06056
1.0649
1.07438
1.08447
1.09105
1.09229
1.08886
1.08316
1.07807
1.07593
1.078
1.08474
1.09598
1.11092
1.12766
1.14321
1.15434
1.15907
1.15751
1.15165
1.14437
1.13789
1.13257
1.12683
1.11837
1.10609
1.09151
1.07878
1.07271
1.07568
1.08572
1.09745
1.10539
1.10706
1.10355
1.09807
1.09373
1.09242
1.09482
1.10075
1.10935
1.11911
1.12835
1.13582
1.14067
1.14221
1.13999
1.13394
1.12481
1.11432
1.10501
1.09951
1.09949
1.10456
1.11232
1.11961
1.12423
1.12585
1.12598
1.12697
1.13065
1.13722
1.14529
1.15282
1.1582
1.16044
1.15957
1.15638
1.15165
1.14505
1.13524
1.12183
1.10674
1.09344
1.08517
1.08384
1.08994
1.10299
1.12169
1.14388
1.16644
1.18555
1.19731
1.19847
1.18723
1.16374
1.13045
1.09205
1.05463
1.02403
1.00425
0.99748
1.00476
1.02531
1.05593
1.09138
1.12559
1.15323
1.1706
1.17588
1.16871
1.14985
1.12125
1.08705
1.05433
1.03218
1.02789
1.04212
1.06815
1.09658
1.12026
1.13591
1.14359
1.14517
1.14335
1.14124
1.14196
1.14792
1.15996
1.17679
1.19544
1.21188
1.22192
1.22223
1.21135
1.19046
1.16323
1.13448
1.10833
1.08725
1.07191
1.06201
1.05675
1.05511
1.05585
1.05733
1.05751
1.05468
1.04819
1.03922
1.03078
1.02632
1.02837
1.03747
1.05189
1.0682
1.08246
1.09162
1.09458
1.09234
1.08746
1.08293
1.08111
1.08304
1.08852
1.09667
1.10657
1.11709
1.12663
1.13362
1.13718
1.13766
1.13615
1.13374
1.13114
1.12864
1.12676
1.12641
1.1283
1.13238
1.13776
1.14332
1.14808
1.1514
1.15259
1.15125
1.14769
1.14306
1.13916
1.13757
1.13867
1.1413
1.14369
1.14469
1.14474
1.14548
1.1486
1.15452
1.16177
1.16745
1.16839
1.16255
1.14976
1.13166
1.11135
1.09271
1.0793
1.07296
1.07333
1.07847
1.08604
1.09398
1.10087
1.10598
1.10924
1.11115
1.11265
1.11477
1.11815
1.1228
1.12803
1.13276
1.13599
1.1376
1.13901
1.14257
1.14974
1.15915
1.16651
1.16681
1.15693
1.13681
1.10924
1.07884
1.05059
1.02863
1.01546
1.0118
1.01683
1.02861
1.04466
1.06248
1.07999
1.09569
1.10873
1.11859
1.12481
1.12691
1.12494
1.11994
1.11391
1.1092
1.10785
1.1115
1.12105
1.1361
1.15485
1.17469
1.19278
1.2064
1.21312
1.21178
1.20296
1.18916
1.1736
1.15893
1.14621
1.13491
1.12403
1.11314
1.10295
1.09508
1.09134
1.09256
1.09793
1.10495
1.11022
1.11045
1.10356
1.08962
1.07087
1.05094
1.03356
1.02188
1.01856
1.02529
1.04147
1.06359
1.08637
1.10552
1.11998
1.1316
1.14246
1.15288
1.16186
1.16879
1.17429
1.17959
1.18545
1.19147
1.19606
1.19666
1.19036
1.17482
1.14928
1.11525
1.07674
1.03976
1.01109
0.99685
1.00048
1.02106
1.05349
1.09056
1.12562
1.15408
1.17344
1.18271
1.18219
1.17354
1.15969
1.14397
1.1289
1.11517
1.10172
1.08687
1.07005
1.05271
1.03799
1.02922
1.02811
1.03373
1.04289
1.05193
1.05822
1.06054
1.05923
1.05641
1.05572
1.0608
1.07326
1.09178
1.11329
1.13453
1.15318
1.168
1.17849
1.18484
1.18779
1.1887
1.18861
1.18747
1.18368
1.17488
1.15942
1.13757
1.11183
1.08658
1.06714
1.05828
1.06206
1.07668
1.09764
1.11972
1.13834
1.15016
1.15348
1.1484
1.13677
1.1212
1.10387
1.08558
1.06585
1.04408
1.02113
1.00041
0.987526
0.987986
1.00412
1.03356
1.07063
1.10913
1.14407
1.17261
1.19391
1.20839
1.21679
1.2199
1.21863
1.21413
1.20729
1.19809
1.1856
1.16846
1.14608
1.11965
1.09245
1.06894
1.05286
1.04558
1.04562
1.04984
1.05501
1.05911
1.06131
1.06154
1.06
1.05721
1.05432
1.05342
1.05702
1.06718
1.08428
1.10657
1.13085
1.15354
1.17138
1.18171
1.18283
1.17434
1.1574
1.13509
1.11308
1.09917
1.09926
1.11244
1.13193
1.1511
1.16621
1.17498
1.17522
1.16513
1.14489
1.11795
1.09081
1.07092
1.06396
1.07163
1.09123
1.1167
1.14061
1.15651
1.16066
1.15273
1.13531
1.11299
1.0911
1.07477
1.06795
1.07252
1.08721
1.10793
1.12965
1.14836
1.16199
1.17012
1.17302
1.17112
1.16466
1.15371
1.13844
1.11926
1.09747
1.07593
1.05862
1.04915
1.04924
1.0582
1.07374
1.09253
1.11101
1.12608
1.13567
1.13907
1.13694
1.13126
1.12536
1.12299
1.127
1.1378
1.15292
1.16821
1.17976
1.1851
1.18321
1.17376
1.15727
1.13595
1.11339
1.09294
1.07615
1.06305
1.05322
1.04654
1.0428
1.04135
1.04106
1.04064
1.03921
1.03684
1.03498
1.0365
1.04453
1.06049
1.08258
1.10621
1.12631
1.13955
1.14516
1.14452
1.14028
1.13568
1.13333
1.13393
1.13555
1.13428
1.12666
1.11247
1.09573
1.08264
1.07799
1.08256
1.0934
1.10626
1.11737
1.12397
1.12476
1.12092
1.11643
1.11629
1.12317
1.13611
1.15213
1.16827
1.18268
1.1948
1.20498
1.21394
1.22184
1.22758
1.22882
1.2229
1.20795
1.18356
1.15155
1.1163
1.08404
1.0605
1.04806
1.0449
1.04703
1.05094
1.05472
1.05785
1.06081
1.06463
1.07063
1.07996
1.09324
1.10969
1.12669
1.14077
1.14948
1.1528
1.15294
1.15316
1.15616
1.16287
1.17236
1.18231
1.18956
1.19067
1.18322
1.16671
1.14271
1.11419
1.08438
1.05604
1.03134
1.0122
1.00059
0.998238
1.00589
1.02241
1.04448
1.06733
1.08652
1.0996
1.10706
1.11132
1.11505
1.11956
1.12464
1.1299
1.13557
1.14231
1.15077
1.16096
1.17179
1.18131
1.1873
1.18829
1.18433
1.1769
1.1682
1.1604
1.1547
1.15114
1.14862
1.1456
1.14068
1.13287
1.12197
1.109
1.09625
1.08664
1.08213
1.08271
1.08647
1.0909
1.09414
1.0956
1.09581
1.09568
1.09552
1.09432
1.09022
1.0818
1.06937
1.05494
1.0413
1.03081
1.02533
1.02633
1.03474
1.05062
1.07264
1.0981
1.12314
1.14336
1.1548
1.15527
1.14511
1.12757
1.10773
1.09093
1.0811
1.07988
1.08696
1.10077
1.11918
1.13976
1.1598
1.17672
1.1887
1.19505
1.1961
1.19249
1.18444
1.17211
1.15705
1.14273
1.13316
1.13015
1.13212
1.13549
1.13686
1.13432
1.12781
1.11872
1.10946
1.10264
1.10002
1.10207
1.10803
1.11622
1.12464
1.13117
1.13412
1.13245
1.12613
1.11654
1.10626
1.09853
1.09597
1.09933
1.10704
1.11569
1.12136
1.12106
1.11388
1.10159
1.08843
1.07897
1.07548
1.07743
1.08301
1.09083
1.10027
1.11117
1.12318
1.13535
1.14601
1.15276
1.15306
1.14537
1.12994
1.10922
1.08718
1.06795
1.05418
1.04638
1.04352
1.04404
1.0468
1.05126
1.0572
1.06432
1.07171
1.07754
1.07942
1.07504
1.06323
1.04503
1.02415
1.0062
0.996777
0.999178
1.01349
1.03711
1.06644
1.09824
1.12966
1.15816
1.18178
1.19986
1.2135
1.2251
1.23664
1.2485
1.25923
1.26653
1.26805
1.26175
1.24619
1.22079
1.18605
1.14344
1.09554
1.04648
1.00195
0.96821
0.94961
0.946539
0.955903
0.973769
0.997263
1.024
1.05113
1.07578
1.09646
1.11333
1.12739
1.13932
1.1489
1.1554
1.1581
1.15679
1.15196
1.14461
1.13614
1.12831
1.12293
1.12123
1.12325
1.12788
1.13337
1.13823
1.14164
1.14361
1.14481
1.14631
1.14918
1.15399
1.16026
1.16621
1.16944
1.16836
1.16344
1.15694
1.15123
1.14683
1.14224
1.13538
1.12521
1.11221
1.09795
1.08413
1.0721
1.0631
1.05897
1.06214
1.07437
1.09475
1.11928
1.14236
1.15906
1.16662
1.1643
1.15215
1.13024
1.0995
1.06317
1.02704
0.998118
0.982501
0.983347
0.999793
1.02741
1.05971
1.09045
1.11517
1.13191
1.14109
1.145
1.14658
1.14809
1.15008
1.15134
1.14978
1.14423
1.13609
1.12969
1.12975
1.13784
1.15121
1.16538
1.17714
1.18503
1.18826
1.18617
1.17824
1.16452
1.14594
1.12473
1.10431
1.08844
1.07964
1.07829
1.08327
1.09336
1.10791
1.12621
1.14663
1.16666
1.18322
1.1934
1.19509
1.18755
1.17214
1.1522
1.13195
1.11497
1.10332
1.09733
1.09589
1.09708
1.09891
1.09987
1.09938
1.09791
1.09687
1.09811
1.10276
1.11055
1.11986
1.12893
1.13649
1.14177
1.14402
1.14245
1.13718
1.13014
1.12453
1.12318
1.127
1.1354
1.14718
1.16026
1.17155
1.17807
1.17863
1.17411
1.16648
1.15751
1.14829
1.13953
1.13202
1.12718
1.12674
1.13151
1.14031
1.14974
1.15573
1.15504
1.1458
1.12759
1.10116
1.06865
1.03379
1.0018
0.978704
0.96939
0.975287
0.993588
1.01878
1.04514
1.06809
1.08429
1.0915
1.08887
1.07751
1.06096
1.04463
1.03407
1.03325
1.04371
1.06448
1.09204
1.12087
1.14544
1.16275
1.1734
1.18007
1.18489
1.1882
1.18937
1.18822
1.18549
1.18252
1.18033
1.17895
1.17761
1.17536
1.17138
1.16491
1.15516
1.14147
1.12407
1.1048
1.08696
1.07399
1.06843
1.0715
1.08328
1.10273
1.12776
1.15549
1.18247
1.20545
1.22221
1.23186
1.23447
1.23015
1.21906
1.20188
1.18049
1.15749
1.13508
1.11444
1.0964
1.08188
1.07186
1.06685
1.06666
1.07061
1.07823
1.08907
1.10222
1.11592
1.1279
1.13653
1.1413
1.14268
1.14152
1.13878
1.13542
1.1321
1.12885
1.12509
1.1204
1.11538
1.11127
1.10899
1.10794
1.10594
1.10049
1.09006
1.07473
1.05603
1.03633
1.0185
1.00496
0.99639
0.99157
0.988998
0.988689
0.992656
1.00336
1.02179
1.04639
1.07353
1.09883
1.11897
1.13278
1.14138
1.14737
1.15341
1.16104
1.17033
1.18031
1.19008
1.19936
1.20819
1.21617
1.22223
1.22535
1.22514
1.22194
1.21599
1.20689
1.19416
1.17823
1.1607
1.1436
1.12853
1.1167
1.1092
1.10696
1.11008
1.11734
1.12628
1.13394
1.13772
1.13631
1.12993
1.12
1.10832
1.09592
1.08266
1.06841
1.05421
1.04277
1.03762
1.04107
1.05252
1.06851
1.08467
1.09757
1.10516
1.10657
1.10197
1.09262
1.08066
1.0687
1.05903
1.05288
1.0504
1.05125
1.05521
1.06246
1.07267
1.08424
1.09449
1.10095
1.10271
1.10054
1.09623
1.09186
1.08936
1.09013
1.0946
1.10216
1.11147
1.12086
1.12892
1.13473
1.13805
1.1391
1.13804
1.13508
1.13088
1.12691
1.12546
1.1285
1.13623
1.14635
1.15554
1.1616
1.16456
1.1663
1.1687
1.17226
1.17595
1.17777
1.17576
1.16982
1.16292
1.15921
1.15936
1.15908
1.15247
1.13608
1.11054
1.0803
1.05181
1.03032
1.01721
1.01054
1.00817
1.01006
1.01792
1.03315
1.05536
1.08262
1.11273
1.14371
1.17344
1.1997
1.22048
1.2346
1.24208
1.24377
1.24046
1.23216
1.21784
1.19617
1.16707
1.13292
1.09878
1.07095
1.05435
1.05016
1.0556
1.06571
1.07579
1.08275
1.08533
1.08352
1.07819
1.07068
1.06283
1.05669
1.0538
1.05467
1.05818
1.06238
1.06587
1.06891
1.07337
1.0816
1.09494
1.11261
1.13171
1.14821
1.15863
1.16116
1.1556
1.14294
1.12514
1.10514
1.08608
1.06995
1.05693
1.04666
1.04002
1.03975
1.04934
1.07139
1.10564
1.14818
1.19228
1.23056
1.2574
1.26996
1.26769
1.25186
1.22547
1.19322
1.16156
1.13768
1.12703
1.13073
1.14515
1.16365
1.17931
1.18711
1.18516
1.17476
1.15918
1.14159
1.1239
1.10698
1.09186
1.08023
1.07395
1.07421
1.08072
1.09172
1.10456
1.11619
1.12384
1.12565
1.12124
1.11145
1.09809
1.08369
1.07128
1.064
1.06397
1.07118
1.0832
1.09614
1.10626
1.11113
1.1102
1.10504
1.09884
1.09546
1.09779
1.10655
1.12027
1.13655
1.15309
1.16809
1.18008
1.18752
1.18871
1.18216
1.167
1.14355
1.11384
1.08164
1.05148
1.0272
1.01143
1.00639
1.01381
1.03317
1.06034
1.08862
1.11153
1.1248
1.12723
1.12029
1.10705
1.09095
1.07485
1.06057
1.04907
1.04078
1.03586
1.03426
1.03615
1.04241
1.05466
1.0745
1.10224
1.1362
1.17284
1.20765
1.23639
1.25679
1.26978
1.27863
1.28642
1.29383
1.29918
1.2998
1.29354
1.27921
1.25679
1.22747
1.19331
1.15625
1.11765
1.07948
1.0465
1.02567
1.01903
1.01973
1.01951
1.01664
1.01509
1.01895
1.02878
1.04184
1.05431
1.06363
1.06965
1.07445
1.0812
1.09211
1.10691
1.12341
1.13924
1.15274
1.16266
1.16773
1.16686
1.15999
1.14882
1.13684
1.128
1.12506
1.12924
1.14111
1.16
1.18165
1.19906
1.20675
1.20304
1.1892
1.16781
1.14174
1.11386
1.08679
1.06299
1.04447
1.03229
1.02613
1.02432
1.02468
1.02546
1.02602
1.02672
1.02836
1.03158
1.03618
1.04085
1.04384
1.04413
1.04253
1.04194
1.04601
1.05711
1.07481
1.09603
1.1164
1.13192
1.14017
1.14073
1.13517
1.12632
1.11744
1.11128
1.10952
1.11326
1.12374
1.14201
1.16748
1.19677
1.22469
1.24661
1.26045
1.26661
1.26706
1.26405
1.25888
1.25162
1.24135
1.22696
1.20782
1.1843
1.15796
1.13148
1.10782
1.08877
1.07453
1.06491
1.06061
1.06322
1.07363
1.09027
1.10874
1.12392
1.1326
1.1346
1.13217
1.12855
1.12668
1.12825
1.13343
1.14125
1.14988
1.1569
1.15991
1.15719
1.14821
1.13364
1.11509
1.09481
1.0753
1.05867
1.04617
1.0377
1.03218
1.02826
1.02523
1.0234
1.02384
1.02725
1.03317
1.04022
1.04702
1.05325
1.0598
1.06788
1.07808
1.08966
1.10084
1.10989
1.11605
1.11954
1.12061
1.11881
1.1137
1.10635
1.10008
1.09942
1.10767
1.12488
1.14783
1.17184
1.19276
1.20823
1.21783
1.22196
1.22093
1.21449
1.2023
1.18458
1.16264
1.13893
1.11648
1.09792
1.08486
1.07792
1.07682
1.08061
1.08734
1.09432
1.09899
1.09976
1.09662
1.09117
1.08608
1.08391
1.08583
1.09097
1.09744
1.10401
1.1114
1.12143
1.13507
1.15134
1.16783
1.18175
1.19093
1.19427
1.19158
1.18333
1.17033
1.15358
1.13465
1.11591
1.09991
1.08827
1.08093
1.07661
1.07431
1.0741
1.07667
1.08247
1.09092
1.10052
1.10977
1.11783
1.12483
1.13122
1.13699
1.14102
1.14162
1.13754
1.12913
1.11855
1.10904
1.10329
1.10209
1.10422
1.10739
1.10971
1.11049
1.10996
1.10846
1.10577
1.10079
1.09229
1.07982
1.06417
1.04739
1.03184
1.01939
1.01094
1.00665
1.00628
1.00952
1.01627
1.02654
1.04013
1.05641
1.07416
1.09181
1.10763
1.12034
1.12946
1.13542
1.1391
1.14109
1.14081
1.13671
1.12746
1.11281
1.09389
1.07293
1.053
1.03746
1.02948
1.0311
1.04278
1.06329
1.08999
1.11963
1.14905
1.1757
1.19782
1.21454
1.2257
1.2309
1.22884
1.21761
1.19597
1.16466
1.12708
1.08898
1.05708
1.03714
1.03207
1.04127
1.06129
1.08759
1.11607
1.14351
1.16683
1.183
1.18981
1.18682
1.17567
1.1596
1.14301
1.13051
1.12574
1.13013
1.14238
1.15882
1.17451
1.18464
1.18596
1.17773
1.16188
1.14167
1.11993
1.09859
1.07948
1.06474
1.056
1.05372
1.0573
1.06555
1.07692
1.08915
1.09896
1.10237
1.0961
1.07936
1.05543
1.03156
1.01656
1.01644
1.03156
1.05725
1.08633
1.11209
1.13023
1.13938
1.14011
1.13365
1.12128
1.10439
1.08464
1.0637
1.04323
1.02505
1.0115
1.00553
1.01025
1.02776
1.05817
1.09902
1.14553
1.19155
1.23084
1.25846
1.2717
1.27032
1.2564
1.23329
1.20438
1.17263
1.14079
1.11201
1.08974
1.0767
1.07361
1.07863
1.08782
1.09673
1.10189
1.10133
1.09484
1.08369
1.07012
1.05673
1.04551
1.03742
1.0326
1.03119
1.03387
1.04154
1.05446
1.07144
1.09002
1.10754
1.12244
1.13487
1.14622
1.15758
1.16835
1.17595
1.17686
1.16825
1.14933
1.12214
1.09114
1.06211
1.04044
1.02944
1.02934
1.03763
1.05056
1.06479
1.0782
1.09008
1.10091
1.11197
1.12466
1.13959
1.15596
1.1715
1.18317
1.18828
1.18528
1.17428
1.15702
1.13636
1.11571
1.09827
1.08634
1.08121
1.08338
1.09268
1.10829
1.12845
1.1502
1.16952
1.18209
1.18452
1.17616
1.16021
1.1432
1.13186
1.12882
1.13173
1.13619
1.13884
1.13786
1.13278
1.1246
1.11617
1.11122
1.11161
1.11533
1.11854
1.11909
1.11828
1.1194
1.1249
1.13496
1.14723
1.15819
1.16501
1.16705
1.16514
1.15994
1.15115
1.13826
1.12161
1.10293
1.08502
1.07084
1.06237
1.05985
1.0616
1.06455
1.06568
1.0637
1.06032
1.05957
1.06466
1.07543
1.08897
1.10203
1.11242
1.11941
1.12353
1.12602
1.12797
1.12973
1.13087
1.1305
1.12784
1.12262
1.11518
1.10648
1.0979
1.09104
1.08749
1.08808
1.09222
1.09809
1.10333
1.10609
1.10571
1.10286
1.0992
1.09647
1.09559
1.09632
1.09743
1.09767
1.0968
1.09649
1.09975
1.10932
1.12607
1.1485
1.17352
1.19743
1.21702
1.23019
1.23567
1.2327
1.22075
1.19984
1.17112
1.13719
1.10205
1.07042
1.04653
1.03279
1.02907
1.03273
1.04024
1.04894
1.05824
1.06911
1.08247
1.09807
1.1142
1.12797
1.13621
1.13664
1.12905
1.11575
1.10092
1.08906
1.083
1.08291
1.08677
1.09218
1.09785
1.10421
1.11239
1.12262
1.13337
1.14243
1.14861
1.15247
1.15507
1.15653
1.15561
1.15069
1.14113
1.12787
1.11303
1.09853
1.08534
1.07382
1.06475
1.0597
1.06021
1.0665
1.07681
1.08812
1.09741
1.10265
1.10321
1.09999
1.09523
1.09175
1.09188
1.09673
1.10602
1.11853
1.13254
1.14653
1.15956
1.1715
1.18274
1.19337
1.20265
1.20877
1.20923
1.20165
1.18469
1.15897
1.12752
1.09524
1.06698
1.04581
1.03256
1.02649
1.02619
1.03004
1.03611
1.04219
1.04583
1.04527
1.04059
1.03459
1.03243
1.03927
1.05704
1.08346
1.1139
1.14377
1.16935
1.18762
1.19668
1.19672
1.19008
1.17995
1.16887
1.15838
1.14923
1.14205
1.13741
1.13553
1.13577
1.13673
1.13649
1.1334
1.12661
1.11667
1.10558
1.09594
1.0891
1.08402
1.07853
1.0716
1.06453
1.05991
1.05974
1.06432
1.07229
1.08155
1.08991
1.09559
1.09731
1.09436
1.08682
1.07567
1.06247
1.04915
1.03765
1.02982
1.0274
1.03194
1.04458
1.06575
1.09444
1.12819
1.16336
1.19588
1.22194
1.23879
1.24571
1.24447
1.23856
1.23057
1.22055
1.20706
1.18943
1.16873
1.14707
1.12682
1.10988
1.09731
1.08922
1.08485
1.08276
1.08086
1.07732
1.07174
1.06611
1.06414
1.06912
1.08186
1.09982
1.11837
1.13271
1.13935
1.13673
1.12518
1.1066
1.08377
1.05957
1.03661
1.01715
1.00361
0.998454
1.00352
1.0189
1.04243
1.07019
1.09779
1.12197
1.14156
1.15725
1.17029
1.18113
1.18922
1.19367
1.19392
1.18955
1.17987
1.16395
1.14152
1.11389
1.08466
1.05945
1.044
1.04168
1.05178
1.0698
1.08955
1.10546
1.11387
1.11317
1.10383
1.08862
1.07268
1.06184
1.05997
1.06759
1.08255
1.10175
1.12198
1.14037
1.15475
1.16406
1.16846
1.16913
1.16774
1.16544
1.16235
1.15812
1.15265
1.1464
1.1402
1.13439
1.12835
1.12077
1.1109
1.09954
1.08906
1.08206
1.07996
1.08263
1.08921
1.09923
1.1129
1.12996
1.14824
1.16382
1.17328
1.17583
1.1735
1.16924
1.16507
1.16127
1.15714
1.15202
1.14588
1.13945
1.13392
1.1305
1.12985
1.13162
1.13441
1.13611
1.13471
1.12909
1.11925
1.10629
1.0923
1.07987
1.07141
1.06856
1.07166
1.07988
1.09172
1.10579
1.12092
1.13556
1.14738
1.15379
1.15285
1.14392
1.12779
1.10628
1.08217
1.05897
1.04045
1.02952
1.02748
1.03439
1.05001
1.07421
1.10573
1.14086
1.1734
1.19642
1.2046
1.19635
1.17503
1.14828
1.12403
1.10595
1.09343
1.08501
1.08001
1.0774
1.07539
1.0727
1.07002
1.06971
1.07384
1.08262
1.0944
1.10719
1.11987
1.13225
1.14386
1.15293
1.15668
1.15324
1.14322
1.13027
1.11961
1.11552
1.11955
1.13035
1.14481
1.15923
1.17037
1.17579
1.17425
1.1659
1.15218
1.13564
1.11922
1.10491
1.09274
1.0812
1.06937
1.05833
1.05081
1.04965
1.0561
1.06933
1.08686
1.10533
1.12157
1.13371
1.14159
1.14621
1.14852
1.14854
1.14559
1.13891
1.1284
1.11493
1.1007
1.0898
1.0875
1.09635
1.11313
1.1312
1.14566
1.15517
1.16069
1.16377
1.16555
1.16632
1.16573
1.1631
1.15802
1.15083
1.14222
1.13267
1.12244
1.11206
1.10276
1.09648
1.09515
1.1001
1.11116
1.12618
1.14125
1.15175
1.1537
1.14496
1.12582
1.09895
1.06848
1.03875
1.01284
0.992249
0.977843
0.970307
0.970147
0.977265
0.990605
1.00834
1.02828
1.04812
1.06609
1.08134
1.09388
1.10433
1.11392
1.12413
1.13617
1.1502
1.16509
1.17919
1.19147
1.20216
1.21208
1.22096
1.2263
1.22402
1.21069
1.18534
1.1503
1.11081
1.07349
1.04411
1.02532
1.01626
1.01456
1.0189
1.0299
1.04906
1.07681
1.11113
1.14749
1.18012
1.20373
1.21465
1.21151
1.1955
1.1707
1.14377
1.12209
1.11104
1.11178
1.12126
1.13438
1.1463
1.15403
1.15694
1.15611
1.1535
1.15081
1.14893
1.14797
1.14784
1.14865
1.15074
1.15384
1.1566
1.1571
1.15441
1.14932
1.14371
1.13964
1.13808
1.13831
1.13788
1.13358
1.12309
1.10578
1.08219
1.05376
1.02334
0.995966
0.97769
0.97243
0.979605
0.994948
1.01336
1.03093
1.04526
1.05525
1.06095
1.0634
1.06419
1.06458
1.06475
1.06374
1.0603
1.0542
1.04687
1.04106
1.03938
1.04347
1.05455
1.07329
1.09882
1.12807
1.15703
1.18254
1.20295
1.21748
1.22539
1.22559
1.21683
1.19817
1.16977
1.13361
1.09408
1.05776
1.03216
1.023
1.03149
1.05331
1.08064
1.10557
1.12272
1.13017
1.12902
1.12291
1.11733
1.118
1.12848
1.14827
1.17284
1.19568
1.21096
1.21518
1.20784
1.19111
1.16878
1.14506
1.12374
1.10793
1.09973
1.09894
1.10233
1.10552
1.10567
1.10266
1.09822
1.09412
1.0909
1.08828
1.08631
1.08559
1.08664
1.08957
1.09411
1.1002
1.10802
1.11779
1.12942
1.14219
1.15495
1.16635
1.17511
1.18005
1.18028
1.17546
1.16601
1.153
1.13777
1.12154
1.10525
1.08962
1.07543
1.06356
1.05492
1.05023
1.04961
1.05216
1.05582
1.0582
1.05775
1.05474
1.05105
1.04936
1.05172
1.05848
1.06775
1.076
1.07968
1.07693
1.06848
1.05741
1.04811
1.04516
1.0527
1.07279
1.10363
1.13925
1.17155
1.19311
1.19945
1.19006
1.16827
1.1402
1.113
1.09306
1.08469
1.08942
1.10584
1.13002
1.15695
1.18211
1.20231
1.216
1.22277
1.22291
1.21706
1.20635
1.19271
1.17862
1.16601
1.15576
1.14761
1.14061
1.13342
1.12481
1.11434
1.10295
1.09269
1.08549
1.08202
1.08202
1.08503
1.09076
1.09874
1.10791
1.11666
1.12353
1.12783
1.12969
1.12965
1.12839
1.12674
1.12555
1.12548
1.1268
1.12926
1.13243
1.13604
1.13986
1.14308
1.14368
1.13915
1.12789
1.1104
1.08931
1.06871
1.05293
1.04509
1.04636
1.05568
1.07012
1.0858
1.09896
1.107
1.10922
1.10692
1.10286
1.09986
1.09932
1.10079
1.10245
1.10229
1.09911
1.09293
1.08536
1.07937
1.07861
1.08605
1.10251
1.12592
1.15185
1.17502
1.19089
1.19697
1.19262
1.17836
1.15516
1.12461
1.08919
1.05222
1.01756
0.989025
0.970222
0.964516
0.974605
1.00179
1.04518
1.10065
1.16073
1.21662
1.26119
1.2907
1.30459
1.30417
1.29152
1.26897
1.23891
1.20424
1.16866
1.13641
1.1111
1.0946
1.0866
1.08514
1.0874
1.09065
1.09297
1.09336
1.09199
1.09049
1.09168
1.09798
1.10911
1.12217
1.13346
1.14058
1.14336
1.14325
1.14225
1.1417
1.14153
1.14025
1.13571
1.12616
1.11144
1.09364
1.07703
1.06671
1.06585
1.07387
1.08689
1.09994
1.10878
1.11036
1.10282
1.08595
1.0619
1.03557
1.01307
0.999003
0.995111
1.00145
1.01742
1.04139
1.07031
1.10032
1.128
1.15104
1.16827
1.17918
1.18405
1.18388
1.18037
1.17542
1.17048
1.16582
1.16066
1.15398
1.14567
1.13664
1.12847
1.12188
1.11587
1.10823
1.09738
1.08386
1.07045
1.06092
1.05778
1.06071
1.0668
1.07259
1.076
1.07712
1.07754
1.07914
1.08306
1.08942
1.09749
1.10633
1.11519
1.12384
1.133
1.14417
1.15862
1.17574
1.19252
1.2053
1.21176
1.2113
1.20458
1.19277
1.17788
1.16267
1.15032
1.14341
1.14293
1.1478
1.15532
1.1624
1.16637
1.16518
1.15701
1.14092
1.11773
1.09052
1.06433
1.04469
1.03559
1.03802
1.05021
1.0689
1.09062
1.11188
1.12933
1.14054
1.14503
1.14425
1.14033
1.1342
1.12531
1.1131
1.0989
1.08576
1.07648
1.07174
1.07017
1.06985
1.06984
1.07061
1.07375
1.08095
1.09307
1.10959
1.12879
1.14827
1.16537
1.17755
1.18271
1.17961
1.16818
1.14995
1.12784
1.10548
1.08636
1.0729
1.0655
1.0622
1.05946
1.05401
1.04422
1.03055
1.01525
1.00185
0.994189
0.995104
1.00517
1.02247
1.04385
1.06721
1.09265
1.12144
1.1535
1.18577
1.21341
1.23218
1.2401
1.23793
1.2286
1.21573
1.20211
1.18871
1.17514
1.16101
1.14729
1.13578
1.12767
1.12264
1.11943
1.11673
1.11379
1.11038
1.10688
1.10417
1.10342
1.10585
1.11215
1.12177
1.13234
1.14029
1.14213
1.13591
1.12171
1.10148
1.07815
1.05483
1.03441
1.0191
1.01058
1.0105
1.02038
1.04047
1.06849
1.0997
1.12864
1.15112
1.16509
1.17045
1.16856
1.16159
1.15205
1.14207
1.13333
1.12696
1.12345
1.12285
1.12462
1.12767
1.13065
1.13241
1.13243
1.13098
1.1289
1.12698
1.12524
1.12276
1.11866
1.11357
1.11025
1.1121
1.1207
1.13484
1.15124
1.16628
1.17667
1.17963
1.17334
1.15756
1.13419
1.10717
1.08144
1.06154
1.05016
1.04751
1.05152
1.05847
1.06445
1.06679
1.0646
1.05841
1.04972
1.04055
1.0334
1.03074
1.03419
1.04339
1.05549
1.06648
1.07322
1.07433
1.07047
1.06387
1.05791
1.05632
1.06208
1.07615
1.0975
1.12395
1.15296
1.182
1.20859
1.23048
1.24585
1.25361
1.25331
1.2448
1.22791
1.20273
1.17049
1.13453
1.10049
1.07499
1.06299
1.06554
1.07954
1.09964
1.12066
1.13914
1.15374
1.16454
1.17198
1.17634
1.17769
1.17615
1.17166
1.16378
1.15174
1.13483
1.11304
1.08765
1.06152
1.03869
1.02267
1.01468
1.01346
1.01674
1.02253
1.02957
1.03759
1.04734
1.06019
1.07713
1.0975
1.11849
1.136
1.14625
1.14727
1.13919
1.12374
1.10348
1.08086
1.05802
1.03727
1.02152
1.01422
1.01783
1.03204
1.05342
1.07704
1.09874
1.11638
1.13001
1.14125
1.15159
1.16105
1.16788
1.16951
1.16389
1.15052
1.131
1.10869
1.08752
1.07044
1.05883
1.05334
1.05494
1.06501
1.08432
1.11199
1.14548
1.18117
1.21528
1.24446
1.26621
1.27894
1.28198
1.27551
1.26041
1.23818
1.21076
1.18049
1.1501
1.12243
1.10038
1.08637
1.08136
1.0836
1.08901
1.09308
1.0928
1.08723
1.07687
1.06281
1.046
1.02722
1.00741
0.987951
0.970849
0.958803
0.95474
0.960809
0.976941
1.00028
1.02617
1.05025
1.07015
1.08616
1.10014
1.11439
1.13056
1.14894
1.1682
1.18599
1.19979
1.20761
1.20832
1.20172
1.18838
1.16958
1.14739
1.12477
1.10583
1.0949
1.09411
1.10177
1.11376
1.12614
1.13614
1.14173
1.1416
1.13571
1.12539
1.1128
1.09999
1.08851
1.07931
1.07268
1.06813
1.06428
1.05948
1.05326
1.04723
1.04486
1.0494
1.06193
1.08072
1.10204
1.12144
1.13522
1.14118
1.13876
1.12891
1.11433
1.09918
1.08818
1.0853
1.09234
1.10806
1.12864
1.14959
1.16738
1.17988
1.18613
1.18602
1.18039
1.17091
1.15938
1.14699
1.13403
1.12039
1.10612
1.09183
1.07838
1.06684
1.05826
1.05351
1.05271
1.05446
1.05639
1.05617
1.05283
1.04709
1.04119
1.038
1.04014
1.04927
1.06571
1.08826
1.11437
1.14051
1.1628
1.1781
1.18474
1.18286
1.17392
1.16016
1.14443
1.12995
1.12001
1.11702
1.12175
1.13344
1.15033
1.17023
1.19056
1.20816
1.21956
1.22184
1.21329
1.19393
1.16546
1.13132
1.09613
1.06546
1.04469
1.03765
1.04475
1.06239
1.0843
1.10398
1.117
1.12195
1.11996
1.11413
1.10842
1.10652
1.1104
1.11938
1.13054
1.14052
1.14702
1.14934
1.14778
1.1426
1.1336
1.12052
1.10456
1.08899
1.07828
1.07512
1.07804
1.08278
1.08568
1.08613
1.08663
1.09116
1.10311
1.12356
1.15061
1.1796
1.20437
1.21881
1.21868
1.20271
1.17317
1.1354
1.09652
1.06341
1.04064
1.02937
1.02785
1.03308
1.04246
1.05425
1.0672
1.08012
1.09224
1.10343
1.11364
1.12246
1.12905
1.13278
1.13378
1.1329
1.1311
1.12858
1.1242
1.11631
1.10433
1.09006
1.07755
1.07173
1.07613
1.09122
1.11433
1.14082
1.16575
1.18524
1.19693
1.20004
1.19472
1.18172
1.16265
1.1406
1.1198
1.10369
1.09323
1.08753
1.08525
1.08555
1.0881
1.09317
1.10161
1.11413
1.13028
1.1478
1.16332
1.1738
1.17779
1.17594
1.1703
1.16313
1.15598
1.14942
1.14355
1.13844
1.13405
1.12985
1.12447
1.11559
1.10089
1.07917
1.05162
1.02223
0.996774
0.979785
0.971875
0.970381
0.972245
0.975771
0.980779
0.987983
0.998055
1.01087
1.02534
1.04001
1.05371
1.06588
1.07638
1.08505
1.09182
1.09685
1.10075
1.10458
1.10939
1.11607
1.12523
1.13738
1.1528
1.17077
1.18878
1.20305
1.21028
1.20914
1.20043
1.18657
1.17065
1.15561
1.14361
1.1356
1.13144
1.13002
1.12986
1.12966
1.12875
1.12744
1.12702
1.12885
1.13321
1.13854
1.14197
1.14085
1.13406
1.12257
1.10903
1.0968
1.08887
1.08706
1.09179
1.10222
1.11675
1.13348
1.15043
1.1657
1.17756
1.18441
1.18501
1.1788
1.16625
1.14871
1.12776
1.1047
1.0807
1.05708
1.03564
1.01862
1.00857
1.00785
1.01788
1.03862
1.06864
1.10525
1.14463
1.18177
1.211
1.22679
1.22534
1.20611
1.17283
1.13249
1.09257
1.05776
1.02912
1.00612
0.98949
0.981922
0.985803
1.00032
1.02149
1.04452
1.06593
1.08396
1.09818
1.10912
1.11766
1.12444
1.12969
1.13394
1.13844
1.14419
1.1508
1.15679
1.16127
1.16477
1.16838
1.17269
1.17714
1.1803
1.18078
1.1784
1.17494
1.17316
1.17367
1.17383
1.17015
1.16035
1.14364
1.12027
1.09188
1.06206
1.03621
1.01993
1.01686
1.02752
1.04955
1.079
1.11201
1.14577
1.17884
1.21044
1.23896
1.26134
1.27368
1.27294
1.2583
1.23169
1.19759
1.16234
1.13233
1.11114
1.09824
1.09026
1.08362
1.07578
1.06533
1.05166
1.03507
1.01726
1.00119
0.990097
0.986163
0.989582
0.998832
1.01169
1.02592
1.03961
1.05142
1.06106
1.06936
1.07791
1.08852
1.1024
1.12005
1.14098
1.16395
1.18718
1.20847
1.2253
1.23526
1.23676
1.22976
1.21621
1.19974
1.18451
1.17284
1.16407
1.15554
1.1446
1.12977
1.11127
1.09117
1.07326
1.06161
1.05841
1.06308
1.0732
1.08589
1.0987
1.10938
1.11565
1.11547
1.10776
1.09316
1.07401
1.05378
1.03603
1.02344
1.01765
1.01975
1.03075
1.05123
1.08042
1.11575
1.15316
1.18774
1.21479
1.23063
1.23329
1.22269
1.20083
1.17175
1.14157
1.11754
1.10518
1.10523
1.11335
1.12297
1.12911
1.13022
1.12784
1.12488
1.12392
1.12588
1.12995
1.13457
1.13843
1.14118
1.14353
1.14687
1.15279
1.16204
1.17383
1.18562
1.1937
1.19486
1.18779
1.17359
1.1551
1.13551
1.11734
1.10184
1.08942
1.08004
1.0736
1.06974
1.06764
1.06589
1.06279
1.05712
1.04888
1.03964
1.03201
1.0284
1.02969
1.03489
1.04177
1.04769
1.0508
1.05077
1.04901
1.04802
1.05022
1.05682
1.06764
1.08194
1.09921
1.11949
1.14306
1.16963
1.19765
1.22387
1.2439
1.2534
1.2492
1.23031
1.19857
1.15889
1.11837
1.0842
1.06104
1.04985
1.04851
1.05391
1.06349
1.07575
1.08976
1.10472
1.11965
1.13327
1.14412
1.151
1.15319
1.15052
1.14352
1.13381
1.12481
1.12135
1.12688
1.14073
1.15876
1.17634
1.18972
1.19589
1.19278
1.18007
1.15997
1.13692
1.11611
1.10155
1.09463
1.09408
1.09725
1.10146
1.10468
1.10548
1.10303
1.09701
1.08787
1.07704
1.06706
1.06107
1.06129
1.06771
1.07836
1.09083
1.1034
1.11524
1.12575
1.13407
1.13926
1.14071
1.13852
1.13344
1.1263
1.1175
1.10657
1.0925
1.07482
1.05494
1.03675
1.02555
1.02547
1.03736
1.05833
1.08337
1.10748
1.12675
1.13876
1.14222
1.13694
1.12381
1.10517
1.0848
1.06717
1.05604
1.05331
1.05902
1.07235
1.0921
1.11612
1.14087
1.16202
1.17604
1.18138
1.17878
1.17093
1.16113
1.15147
1.14253
1.13434
1.1275
1.1231
1.1216
1.12207
1.12276
1.12226
1.12045
1.11854
1.11776
1.11772
1.11637
1.11142
1.10246
1.09181
1.08347
1.08121
1.08681
1.09925
1.11529
1.1305
1.14055
1.14194
1.13258
1.11277
1.08605
1.05893
1.03863
1.0298
1.03246
1.04231
1.05331
1.06056
1.06222
1.05979
1.05732
1.05995
1.07159
1.09238
1.11864
1.14523
1.16768
1.18294
1.18936
1.18671
1.17647
1.16173
1.14689
1.13618
1.13205
1.13425
1.13992
1.14477
1.14491
1.1383
1.12537
1.10888
1.09309
1.08233
1.07922
1.08388
1.09451
1.10874
1.12483
1.14203
1.1599
1.17751
1.19299
1.2038
1.20737
1.20202
1.18757
1.16551
1.13881
1.11116
1.08626
1.06676
1.05383
1.04713
1.04554
1.04778
1.05297
1.0602
1.0677
1.07297
1.07386
1.06951
1.0607
1.04963
1.03972
1.03477
1.03756
1.04856
1.06566
1.08515
1.10305
1.11635
1.12377
1.12584
1.12444
1.12184
1.12027
1.12206
1.12929
1.14284
1.16142
1.18162
1.19926
1.21082
1.21423
1.20912
1.19632
1.17757
1.15527
1.13218
1.11108
1.09418
1.08271
1.07674
1.07557
1.07845
1.0851
1.0955
1.109
1.12379
1.13715
1.14637
1.14984
1.14768
1.14179
1.13523
1.13125
1.13222
1.13866
1.1489
1.15938
1.16618
1.16667
1.16072
1.15057
1.13969
1.13104
1.12555
1.1217
1.11629
1.10613
1.08957
1.06726
1.04179
1.01664
0.995097
0.979307
0.969841
0.965962
0.966806
0.972465
0.984403
1.00455
1.03326
1.06814
1.10502
1.14026
1.17187
1.19902
1.22109
1.23736
1.24729
1.2508
1.24813
1.23965
1.2255
1.2055
1.17954
1.1481
1.11271
1.07589
1.04078
1.01057
0.988333
0.976509
0.976527
0.988413
1.01071
1.04017
1.07179
1.09962
1.11826
1.12437
1.11757
1.10063
1.07929
1.06078
1.05113
1.0518
1.0592
1.06737
1.0716
1.07015
1.06402
1.05597
1.0492
1.04643
1.04976
1.0607
1.07959
1.10502
1.13383
1.16176
1.18489
1.20071
1.20902
1.21185
1.21197
1.2105
1.20616
1.19673
1.18096
1.15904
1.13231
1.10289
1.07351
1.04697
1.02582
1.01228
1.00836
1.01539
1.03292
1.05791
1.08524
1.10891
1.12372
1.12626
1.11597
1.09549
1.07046
1.0482
1.03526
1.03503
1.04688
1.06706
1.0909
1.11431
1.13442
1.14951
1.15899
1.16333
1.16454
1.16605
1.17105
1.18006
1.19019
1.19719
1.19794
1.1915
1.17889
1.16238
1.14493
1.12979
1.11986
1.11687
1.1207
1.12925
1.13929
1.14775
1.1527
1.1538
1.15211
1.14931
1.14677
1.14464
1.14165
1.13577
1.12546
1.11091
1.09447
1.07992
1.0708
1.06887
1.0734
1.08197
1.09171
1.10014
1.10528
1.10537
1.09917
1.08646
1.06867
1.04887
1.03105
1.01886
1.01453
1.01827
1.02809
1.04037
1.05116
1.05749
1.05822
1.05421
1.0479
1.04222
1.03974
1.04275
1.05354
1.07327
1.10024
1.13003
1.15783
1.18015
1.19499
1.20138
1.19903
1.18838
1.17097
1.14938
1.12667
1.10575
1.08862
1.07644
1.07002
1.07023
1.07777
1.0924
1.11252
1.13543
1.15812
1.17781
1.19193
1.1983
1.19565
1.18405
1.16533
1.14302
1.12151
1.10475
1.09511
1.09308
1.09744
1.10602
1.11628
1.12584
1.13313
1.13784
1.14089
1.1435
1.14618
1.14816
1.14823
1.14547
1.13967
1.13126
1.12106
1.11049
1.10141
1.09559
1.0941
1.0969
1.10304
1.11094
1.11916
1.12668
1.13268
1.136
1.13507
1.12809
1.11396
1.09318
1.06852
1.04522
1.02978
1.02736
1.03861
1.05843
1.0787
1.09274
1.09761
1.09389
1.08431
1.0724
1.06162
1.05477
1.05362
1.05862
1.06907
1.08338
1.09967
1.11628
1.13232
1.14746
1.1611
1.17196
1.17816
1.17777
1.16965
1.15383
1.13163
1.10545
1.07837
1.05358
1.03409
1.02219
1.01931
1.02561
1.03965
1.05859
1.07917
1.0988
1.11595
1.12977
1.13955
1.1444
1.14379
1.13807
1.12872
1.11758
1.1063
1.09622
1.08856
1.08405
1.08252
1.08305
1.08466
1.08703
1.09062
1.0965
1.10558
1.11828
1.13418
1.15208
1.1701
1.1861
1.19804
1.20443
1.20439
1.19782
1.18528
1.16852
1.15018
1.13313
1.11946
1.11004
1.10485
1.10353
1.10557
1.11018
1.11596
1.12073
1.12195
1.11748
1.10626
1.08881
1.06708
1.04405
1.02309
1.00722
0.998235
0.996273
1.00031
1.00894
1.02112
1.03649
1.05515
1.07689
1.10068
1.12427
1.1444
1.15802
1.16342
1.16093
1.15255
1.1412
1.12971
1.12025
1.11388
1.11057
1.10932
1.10896
1.10927
1.11129
1.11626
1.1244
1.13434
1.14418
1.15264
1.15924
1.16413
1.16789
1.17088
1.17261
1.17109
1.16334
1.14661
1.12
1.08591
1.05053
1.02244
1.00968
1.01621
1.04048
1.07656
1.11694
1.15504
1.18645
1.20864
1.22001
1.21942
1.20663
1.18321
1.15301
1.12162
1.0948
1.07685
1.06963
1.07233
1.08247
1.09712
1.11382
1.13071
1.14639
1.15954
1.16899
1.17403
1.1748
1.17227
1.16719
1.15922
1.14695
1.12947
1.10794
1.08577
1.06734
1.0564
1.05479
1.0622
1.07615
1.09261
1.10679
1.11433
1.11218
1.09951
1.07835
1.05319
1.02939
1.01125
1.00088
0.998824
1.00495
1.01911
1.04126
1.07101
1.10674
1.14533
1.18286
1.21546
1.23977
1.25319
1.25448
1.24439
1.22625
1.20525
1.18632
1.17212
1.16297
1.15789
1.15543
1.15386
1.15186
1.14874
1.1443
1.13825
1.12983
1.11839
1.10431
1.08904
1.07457
1.06251
1.0535
1.0471
1.04221
1.03789
1.03401
1.03092
1.02894
1.02827
1.02911
1.03119
1.0336
1.03531
1.03598
1.03668
1.03929
1.04507
1.05374
1.06393
1.07439
1.08473
1.09538
1.10687
1.11938
1.1326
1.14571
1.15777
1.16778
1.1749
1.17858
1.17866
1.17559
1.17031
1.16382
1.15688
1.14986
1.14298
1.13638
1.13002
1.12359
1.11687
1.1104
1.10608
1.10699
1.1161
1.13413
1.15826
1.18315
1.20325
1.21431
1.21399
1.20197
1.18001
1.15176
1.12226
1.09704
1.08101
1.07713
1.08561
1.10396
1.12786
1.1524
1.17322
1.1872
1.19264
1.18894
1.17607
1.1543
1.12444
1.08822
1.04808
1.00742
0.971381
0.946893
0.940435
0.954105
0.983478
1.0198
1.05487
1.08413
1.10676
1.12393
1.13703
1.14666
1.15257
1.1546
1.15361
1.15192
1.15287
1.15942
1.17241
1.18968
1.20607
1.21526
1.21259
1.19653
1.16873
1.13272
1.09259
1.0521
1.01484
0.984759
0.966282
0.963039
0.975951
1.00235
1.03717
1.07489
1.11103
1.14262
1.16793
1.18625
1.19757
1.20249
1.20218
1.19816
1.19165
1.18311
1.17221
1.15879
1.14368
1.12891
1.11702
1.11007
1.10851
1.11089
1.11447
1.11622
1.11388
1.10678
1.09726
1.09142
1.09657
1.1154
1.14341
1.17275
1.19716
1.21363
1.22159
1.2216
1.21478
1.20259
1.18675
1.16903
1.15117
1.13495
1.122
1.11288
1.1062
1.09957
1.09145
1.08213
1.07346
1.06776
1.06637
1.0683
1.07071
1.07011
1.0639
1.0514
1.03444
1.01706
1.00442
1.00117
1.01039
1.03278
1.06629
1.10667
1.14849
1.18604
1.21437
1.23003
1.23127
1.21791
1.19154
1.15603
1.11764
1.08345
1.05843
1.04375
1.03789
1.03889
1.04558
1.05756
1.07474
1.0964
1.1206
1.14436
1.1648
1.18012
1.18999
1.19539
1.1978
1.19845
1.19772
1.19517
1.19024
1.18332
1.17603
1.17015
1.1659
1.16163
1.15458
1.14215
1.12298
1.09792
1.07035
1.04551
1.02855
1.02258
1.02785
1.04224
1.06257
1.08582
1.10993
1.13358
1.1556
1.17441
1.18783
1.19346
1.18942
1.17498
1.15115
1.12107
1.08991
1.06377
1.04729
1.04162
1.04406
1.04992
1.05489
1.05643
1.05412
1.04892
1.04211
1.03475
1.02784
1.02256
1.02016
1.02137
1.02607
1.03324
1.04146
1.04944
1.05629
1.06143
1.06441
1.0648
1.06241
1.05776
1.05282
1.05043
1.05307
1.06126
1.07317
1.08579
1.09645
1.10399
1.10914
1.11404
1.12124
1.13245
1.14776
1.16561
1.18368
1.19987
1.21272
1.22148
1.2257
1.22491
1.21837
1.20521
1.18505
1.15867
1.12827
1.09728
1.07021
1.05215
1.04758
1.05802
1.08017
1.10668
1.12927
1.1415
1.1402
1.12591
1.10282
1.07748
1.05655
1.04445
1.04243
1.04941
1.06353
1.08313
1.10684
1.13328
1.16059
1.18584
1.20513
1.21471
1.21233
1.19819
1.17535
1.1491
1.12575
1.11109
1.10865
1.11857
1.13779
1.1612
1.18331
1.1994
1.20636
1.20293
1.1896
1.16847
1.14278
1.11605
1.09129
1.07077
1.05615
1.04903
1.05127
1.06388
1.08472
1.10793
1.12671
1.13654
1.13644
1.12844
1.1163
1.10381
1.09311
1.08442
1.07727
1.07168
1.06852
1.06845
1.0713
1.07629
1.08276
1.09046
1.09938
1.10938
1.12004
1.13091
1.14125
1.14977
1.15428
1.15209
1.14082
1.11948
1.08931
1.05381
1.01823
0.988378
0.968881
0.961921
0.966778
0.980633
1.00019
1.02301
1.04798
1.07466
1.10213
1.12841
1.15085
1.16721
1.17647
1.17882
1.1749
1.16508
1.14962
1.12976
1.10834
1.08938
1.07687
1.07308
1.07808
1.09039
1.10801
1.12878
1.15017
1.16945
1.18424
1.19317
1.19595
1.1934
1.18729
1.1798
1.17203
1.16309
1.1508
1.13391
1.11337
1.09192
1.07291
1.05909
1.05264
1.05493
1.06573
1.08183
1.09709
1.10482
1.10104
1.08586
1.06285
1.03721
1.01408
0.997454
0.99
0.993131
1.007
1.03037
1.06069
1.09441
1.12771
1.15715
1.18003
1.19447
1.19936
1.19464
1.18143
1.16233
1.14114
1.12197
1.10782
1.09949
1.0956
1.09355
1.09097
1.08662
1.08044
1.07316
1.06576
1.05893
1.05313
1.04929
1.04881
1.05293
1.06158
1.07297
1.08488
1.09631
1.10806
1.12182
1.13864
1.15766
1.1759
1.18948
1.19529
1.1924
1.18266
1.16988
1.15794
1.14913
1.14422
1.1431
1.14494
1.14812
1.15067
1.15138
1.15061
1.15011
1.15203
1.15718
1.1639
1.16832
1.16595
1.15353
1.13019
1.09758
1.05939
1.02035
0.985403
0.958868
0.944116
0.943318
0.957165
0.984366
1.0215
1.06332
1.10385
1.13785
1.16179
1.17424
1.17532
1.16604
1.14808
1.12413
1.09836
1.07566
1.05961
1.05062
1.04658
1.04525
1.04599
1.04963
1.05739
1.06971
1.08589
1.10452
1.12373
1.1413
1.15471
1.16167
1.16121
1.15483
1.14626
1.13924
1.13555
1.13454
1.13402
1.13135
1.12434
1.11197
1.0947
1.07412
1.05237
1.0317
1.0143
1.00225
0.997195
1.00019
1.01126
1.02934
1.05238
1.07739
1.10089
1.11988
1.13318
1.14185
1.14839
1.15537
1.16454
1.17676
1.19192
1.20878
1.22517
1.23892
1.24827
1.25171
1.24756
1.23433
1.2122
1.18375
1.15358
1.12687
1.10763
1.09773
1.09715
1.10457
1.11759
1.13293
1.1469
1.1563
1.15894
1.15374
1.14065
1.12063
1.09596
1.07063
1.04998
1.03917
1.04086
1.05373
1.07338
1.09463
1.11341
1.12753
1.13636
1.14015
1.1394
1.13427
1.12448
1.10978
1.09068
1.06885
1.047
1.02831
1.01598
1.01281
1.02071
1.04003
1.06914
1.10436
1.14059
1.17254
1.19612
1.20916
1.21127
1.2033
1.18692
1.16438
1.13849
1.11274
1.09079
1.07569
1.06902
1.07069
1.07923
1.09229
1.107
1.12059
1.13092
1.13709
1.13932
1.13828
1.13415
1.12685
1.11715
1.10729
1.09989
1.09629
1.09589
1.09697
1.09816
1.09899
1.09976
1.10095
1.10287
1.1058
1.1103
1.11713
1.12691
1.13913
1.15204
1.16359
1.17244
1.17854
1.18266
1.18565
1.1882
1.19043
1.19184
1.19179
1.19021
1.18752
1.1843
1.18071
1.17639
1.17074
1.16327
1.15361
1.14187
1.12914
1.11737
1.10856
1.10335
1.10057
1.09794
1.09349
1.08607
1.07586
1.06425
1.05338
1.04583
1.04402
1.04923
1.06028
1.0732
1.08302
1.08675
1.085
1.08155
1.08147
1.08885
1.10514
1.1285
1.15479
1.17942
1.19885
1.21107
1.21571
1.21379
1.20732
1.19822
1.18727
1.17403
1.15767
1.1383
1.11755
1.09808
1.08256
1.0727
1.06872
1.06967
1.07383
1.07932
1.08457
1.08845
1.08995
1.08798
1.08176
1.07158
1.05964
1.04979
1.04553
1.0477
1.05447
1.06382
1.07541
1.09048
1.11055
1.13606
1.16607
1.19859
1.23096
1.26021
1.28347
1.29851
1.30412
1.29971
1.28486
1.25895
1.22161
1.17362
1.11816
1.06139
1.01189
0.977617
0.962422
0.964768
0.980117
1.00387
1.03179
1.05865
1.07826
1.08596
1.08215
1.0731
1.06689
1.06783
1.07567
1.08896
1.10724
1.13059
1.15856
1.18927
1.21943
1.24514
1.26291
1.27032
1.26629
1.25098
1.22566
1.19285
1.15646
1.12159
1.09331
1.07499
1.06712
1.06765
1.07329
1.08069
1.08701
1.09009
1.08876
1.08333
1.0757
1.06906
1.06672
1.07071
1.08143
1.09792
1.11847
1.14086
1.16227
1.17941
1.1889
1.18812
1.17561
1.15136
1.11749
1.07841
1.04052
1.01085
0.995113
0.99599
1.01253
1.04078
1.07541
1.11096
1.14297
1.16848
1.18607
1.19552
1.19698
1.19019
1.1746
1.15022
1.11897
1.08488
1.05277
1.02611
1.00648
0.994689
0.992008
1.00002
1.0193
1.04853
1.08453
1.1232
1.16033
1.1921
1.21562
1.22925
1.23296
1.22841
1.21827
1.20522
1.19079
1.17485
1.15625
1.1337
1.10673
1.07627
1.04504
1.01742
0.998693
0.99322
1.00246
1.0242
1.05373
1.08545
1.1141
1.13547
1.14705
1.14881
1.14392
1.13845
1.139
1.14928
1.16804
1.19037
1.21073
1.22496
1.23083
1.22766
1.21548
1.19457
1.16541
1.12951
1.09045
1.05424
1.02795
1.01703
1.02245
1.04005
1.06272
1.08374
1.09942
1.11029
1.11996
1.13262
1.15009
1.17057
1.18965
1.20274
1.20726
1.20345
1.19315
1.17822
1.16017
1.1411
1.12412
1.11224
1.10674
1.10666
1.10979
1.11379
1.11692
1.11824
1.11804
1.11791
1.11982
1.12475
1.13193
1.1392
1.14452
1.14675
1.14617
1.14412
1.14221
1.14158
1.14225
1.14302
1.14161
1.13526
1.12185
1.10094
1.07419
1.04501
1.01775
0.996712
0.985045
0.984122
0.993268
1.00968
1.02903
1.047
1.06092
1.07068
1.07827
1.08666
1.09843
1.11482
1.13507
1.15623
1.17387
1.18361
1.18302
1.173
1.15758
1.14109
1.12486
1.10714
1.08625
1.06297
1.03995
1.01958
1.00285
0.989927
0.981278
0.978397
0.983324
0.997666
1.02153
1.05315
1.08927
1.12594
1.15928
1.18595
1.20316
1.20885
1.20262
1.18643
1.16416
1.14018
1.11758
1.09836
1.08472
1.07924
1.08362
1.09767
1.11956
1.14649
1.17508
1.20183
1.22359
1.2379
1.24314
1.23887
1.22608
1.20715
1.18565
1.16538
1.14914
1.13764
1.12981
1.12402
1.11943
1.1163
1.11524
1.11619
1.11804
1.11922
1.11813
1.11365
1.1057
1.09549
1.0853
1.07758
1.07409
1.07527
1.08015
1.08663
1.09226
1.09545
1.09573
1.09357
1.08941
1.08323
1.07496
1.06507
1.05469
1.04525
1.03825
1.03498
1.03643
1.04288
1.05352
1.06638
1.07879
1.08833
1.09316
1.09227
1.08576
1.07496
1.0622
1.04992
1.03993
1.03318
1.03006
1.03068
1.03513
1.04327
1.05452
1.06814
1.08367
1.10103
1.11993
1.13935
1.15748
1.17226
1.18248
1.18821
1.19039
1.18961
1.18563
1.17814
1.16792
1.1572
1.14897
1.14549
1.14752
1.15435
1.1644
1.17569
1.18588
1.19253
1.19338
1.18635
1.16983
1.14317
1.10744
1.06633
1.02637
0.995436
0.979736
0.981215
0.997842
1.0257
1.0601
1.0956
1.12653
1.14829
1.15849
1.15708
1.14576
1.12745
1.10597
1.08577
1.07096
1.06413
1.06551
1.07315
1.08355
1.09301
1.09889
1.09988
1.09573
1.08688
1.07419
1.05923
1.04458
1.03327
1.02744
1.02723
1.03143
1.03907
1.0508
1.06751
1.08812
1.10919
1.12642
1.13669
1.13885
1.13334
1.12171
1.10623
1.08974
1.07541
1.06646
1.06556
1.0739
1.09051
1.11271
1.13707
1.16042
1.18028
1.19484
1.20303
1.20435
1.19861
1.18577
1.16608
1.14065
1.11158
1.08168
1.05369
1.03001
1.0133
1.00679
1.01344
1.03416
1.0667
1.10607
1.14564
1.17884
1.20086
1.20991
1.20758
1.19775
1.18507
1.17309
1.16299
1.15347
1.14199
1.12658
1.10744
1.08717
1.06978
1.05903
1.0566
1.06158
1.07151
1.08389
1.09713
1.11019
1.12188
1.13054
1.13463
1.13326
1.12633
1.11429
1.09807
1.07932
1.06061
1.04516
1.03596
1.0345
1.04008
1.05017
1.06146
1.0709
1.07633
1.0773
1.07537
1.07386
1.07648
1.0858
1.1026
1.12561
1.15105
1.17273
1.18428
1.18228
1.16798
1.14699
1.1271
1.11487
1.11305
1.12054
1.13449
1.15227
1.1722
1.19273
1.21147
1.22514
1.23062
1.22601
1.21125
1.18799
1.15937
1.12989
1.10467
1.08804
1.08193
1.0854
1.09551
1.10888
1.12244
1.134
1.14256
1.14816
1.15127
1.15223
1.15103
1.14751
1.14166
1.13375
1.12404
1.11239
1.0982
1.08097
1.06112
1.04067
1.02297
1.01168
1.0093
1.01604
1.02988
1.04756
1.06549
1.0805
1.09041
1.0948
1.09512
1.09422
1.09512
1.09947
1.10692
1.11536
1.1222
1.12556
1.12502
1.12148
1.11651
1.11121
1.10556
1.09869
1.0899
1.07942
1.06846
1.05893
1.05269
1.05111
1.05441
1.06136
1.06943
1.07566
1.07795
1.07623
1.07274
1.07079
1.07251
1.07737
1.08315
1.08764
1.08994
1.09073
1.09197
1.09644
1.10673
1.12406
1.1474
1.17349
1.19825
1.21809
1.23035
1.23319
1.2257
1.2087
1.18526
1.16033
1.13898
1.12429
1.11697
1.11652
1.12229
1.13305
1.14615
1.1579
1.16468
1.16398
1.15499
1.1387
1.11778
1.0962
1.07842
1.06799
1.06624
1.07161
1.08046
1.08856
1.09281
1.09218
1.08741
1.08015
1.07213
1.06469
1.05891
1.0556
1.05537
1.05847
1.06456
1.0726
1.08163
1.09137
1.10216
1.11416
1.12659
1.13769
1.14558
1.14894
1.14743
1.14172
1.13283
1.12142
1.10756
1.09099
1.07174
1.0505
1.02875
1.00905
0.995058
0.990787
0.998933
1.01917
1.04756
1.07771
1.10297
1.11838
1.12185
1.11454
1.10097
1.08821
1.08398
1.09376
1.11797
1.15154
1.18648
1.21523
1.23271
1.23701
1.2292
1.21304
1.19404
1.17772
1.16753
1.16381
1.16422
1.1656
1.16571
1.16395
1.16091
1.15733
1.15337
1.14887
1.14416
1.14038
1.13847
1.13848
1.13953
1.1405
1.14045
1.13869
1.13483
1.12898
1.12194
1.11503
1.10939
1.10515
1.10132
1.09674
1.09184
1.08977
1.0949
1.10892
1.12911
1.15046
1.16842
1.17983
1.18321
1.17887
1.16841
1.15388
1.13698
1.11889
1.10006
1.08018
1.0591
1.03845
1.0216
1.01167
1.00967
1.01458
1.02468
1.03894
1.05669
1.07635
1.09495
1.10915
1.11646
1.1161
1.10939
1.09935
1.0896
1.08316
1.08183
1.08584
1.09383
1.10306
1.11043
1.11362
1.11155
1.10466
1.09501
1.08615
1.08211
1.0857
1.09725
1.11475
1.13499
1.15456
1.17024
1.17898
1.1783
1.16644
1.14254
1.10709
1.06364
1.02124
0.9937
0.99215
1.01636
1.05615
1.10046
1.14222
1.17768
1.20459
1.22122
1.22639
1.2199
1.20313
1.17982
1.15607
1.13895
1.13325
1.13857
1.14945
1.15894
1.162
1.15656
1.14321
1.12422
1.10277
1.08238
1.06625
1.05675
1.05515
1.06128
1.07338
1.08826
1.10207
1.11147
1.11451
1.11105
1.10251
1.09149
1.08142
1.07546
1.07537
1.08079
1.08962
1.09893
1.10597
1.10867
1.10617
1.09924
1.09048
1.08363
1.08233
1.08874
1.10263
1.1216
1.14208
1.16058
1.17495
1.18486
1.1911
1.19429
1.19401
1.18957
1.18117
1.17005
1.15772
1.14502
1.1319
1.11806
1.10369
1.08978
1.07791
1.0699
1.06692
1.06857
1.07271
1.07686
1.0799
1.0821
1.08428
1.08683
1.08968
1.09268
1.09557
1.09767
1.09881
1.10017
1.10435
1.11389
1.12959
1.14986
1.17172
1.19217
1.20876
1.21942
1.22241
1.21689
1.20362
1.18514
1.16525
1.14786
1.13597
1.13107
1.13282
1.13878
1.14517
1.14814
1.14485
1.134
1.11628
1.09498
1.07549
1.06358
1.06279
1.07254
1.08863
1.1053
1.11735
1.12161
1.11704
1.10461
1.08684
1.06753
1.05134
1.04298
1.0454
1.05854
1.07901
1.10157
1.12125
1.13514
1.14291
1.14602
1.14622
1.14418
1.13889
1.1285
1.11187
1.09003
1.06659
1.04653
1.0338
1.02965
1.03268
1.04075
1.05241
1.0671
1.08433
1.10272
1.11995
1.13336
1.14077
1.14132
1.13589
1.12693
1.11757
1.11016
1.10546
1.10314
1.10295
1.10507
1.10949
1.11496
1.11948
1.12195
1.123
1.12471
1.12962
1.1396
1.15481
1.17357
1.19296
1.20956
1.22034
1.22349
1.21905
1.2095
1.19885
1.19025
1.18381
1.17707
1.16748
1.15388
1.1363
1.11553
1.09278
1.06996
1.04972
1.03527
1.0296
1.03411
1.04788
1.06779
1.09003
1.11103
1.12783
1.13851
1.14286
1.14231
1.13889
1.1335
1.12547
1.11367
1.09809
1.08055
1.0642
1.05223
1.04666
1.04787
1.05527
1.06761
1.0835
1.10114
1.11805
1.13119
1.13819
1.13862
1.13412
1.12736
1.12104
1.11713
1.11636
1.11814
1.12093
1.12336
1.12454
1.12376
1.12
1.11213
1.09957
1.08312
1.06497
1.04815
1.03534
1.02812
1.02674
1.03023
1.03708
1.04551
1.05365
1.05996
1.06387
1.06601
1.06791
1.07149
1.07902
1.09341
1.11728
1.15089
1.19038
1.22877
1.25848
1.2737
1.27096
1.24967
1.21284
1.16769
1.12432
1.09157
1.07277
1.06551
1.06467
1.06554
1.06596
1.06682
1.07056
1.07822
1.08774
1.09575
1.1003
1.10199
1.10309
1.10546
1.10918
1.11232
1.11204
1.10633
1.09528
1.08153
1.06894
1.06044
1.05653
1.05676
1.06256
1.07672
1.09845
1.12169
1.14001
1.15069
1.1539
1.15112
1.14419
1.13548
1.12778
1.12381
1.12541
1.13263
1.14353
1.15492
1.16334
1.16618
1.16241
1.15277
1.13945
1.12524
1.11251
1.1024
1.09482
1.08918
1.08511
1.08264
1.0818
1.08222
1.0834
1.08488
1.08639
1.08787
1.08963
1.09241
1.09681
1.10267
1.10878
1.11319
1.11428
1.11149
1.10537
1.09678
1.08645
1.07498
1.06314
1.05176
1.04119
1.03128
1.02193
1.01407
1.01031
1.01406
1.02771
1.05139
1.08297
1.11899
1.15527
1.18763
1.21239
1.22704
1.23079
1.22481
1.21164
1.19424
1.17513
1.15641
1.13993
1.12727
1.12003
1.11986
1.127
1.13929
1.15328
1.16596
1.17545
1.18071
1.18122
1.1768
1.16762
1.15462
1.14
1.12653
1.11618
1.10872
1.10209
1.09415
1.08437
1.07438
1.06699
1.06352
1.06172
1.05675
1.04507
1.02738
1.00848
0.994547
0.989808
0.995145
1.00876
1.02772
1.04877
1.06909
1.08638
1.09913
1.10648
1.108
1.10376
1.09427
1.08081
1.06567
1.05257
1.04613
1.05064
1.068
1.09603
1.12871
1.15836
1.17874
1.18722
1.18523
1.17696
1.16723
1.15957
1.15565
1.15557
1.15837
1.16232
1.16526
1.16524
1.16104
1.15251
1.14054
1.12675
1.11311
1.1015
1.09332
1.08938
1.0897
1.09345
1.09905
1.10447
1.1083
1.11015
1.11057
1.11023
1.10921
1.10682
1.10194
1.09365
1.08211
1.06907
1.058
1.05311
1.05734
1.07057
1.08988
1.11146
1.1322
1.1499
1.16285
1.16956
1.16935
1.16281
1.15179
1.13857
1.12516
1.11317
1.10384
1.0979
1.09534
1.09511
1.09545
1.09465
1.09212
1.08891
1.0873
1.08951
1.09647
1.1078
1.12235
1.13878
1.15571
1.17154
1.1844
1.19228
1.19336
1.18671
1.17308
1.15506
1.13625
1.11961
1.10661
1.09741
1.09142
1.0875
1.08419
1.08047
1.07662
1.07413
1.0748
1.07911
1.08512
1.08884
1.08644
1.07698
1.06316
1.04963
1.04005
1.03588
1.03707
1.04306
1.05301
1.06562
1.07935
1.0926
1.1042
1.11422
1.12461
1.13886
1.15979
1.18751
1.21916
1.25022
1.27597
1.29233
1.2964
1.28693
1.26441
1.23083
1.18961
1.14522
1.10291
1.06804
1.04498
1.03637
1.04279
1.06269
1.09239
1.1264
1.15845
1.18266
1.19483
1.19292
1.17719
1.14973
1.11394
1.07397
1.03417
0.998472
0.970044
0.951128
0.94309
0.946635
0.961845
0.987669
1.02132
1.05832
1.0936
1.12286
1.14376
1.15624
1.16244
1.16562
1.16839
1.17103
1.17177
1.16893
1.16256
1.15431
1.14646
1.14083
1.13799
1.13766
1.13906
1.14131
1.14355
1.14509
1.14545
1.14458
1.14313
1.14207
1.14227
1.14396
1.14677
1.15026
1.15403
1.15738
1.15886
1.15644
1.14829
1.13391
1.1148
1.09415
1.07558
1.06153
1.05225
1.04607
1.04067
1.03455
1.02826
1.0243
1.02595
1.0355
1.05349
1.07911
1.11033
1.1435
1.17359
1.19549
1.20609
1.20505
1.19434
1.17685
1.15517
1.13122
1.10664
1.08339
1.06397
1.05095
1.04617
1.05008
1.06185
1.07979
1.10101
1.12093
1.1341
1.13616
1.12587
1.10565
1.0805
1.05602
1.0373
1.02818
1.03072
1.04475
1.06807
1.09771
1.1309
1.16488
1.19635
1.22145
1.2363
1.23829
1.22709
1.205
1.17635
1.14558
1.11595
1.0891
1.066
1.04831
1.03868
1.0394
1.05043
1.06869
1.08948
1.10831
1.12235
1.13087
1.13492
1.13659
1.13781
1.13972
1.14274
1.14644
1.14968
1.15118
1.15042
1.14817
1.14611
1.146
1.14873
1.15375
1.15918
1.1625
1.16175
1.1561
1.14583
1.13196
1.11602
1.09982
1.0852
1.0737
1.06648
1.06408
1.06645
1.0728
1.08126
1.08915
1.09377
1.09398
1.09104
1.08815
1.08844
1.0929
1.09987
1.10651
1.11086
1.11319
1.11605
1.12312
1.13744
1.15975
1.18776
1.21695
1.24209
1.25875
1.26425
1.25783
1.24035
1.21422
1.18313
1.15178
1.12468
1.10471
1.09199
1.08433
1.07884
1.07378
1.06961
1.06849
1.07291
1.08375
1.09918
1.11546
1.12909
1.138
1.14175
1.14078
1.13574
1.12718
1.1152
1.09966
1.08073
1.05952
1.03806
1.01883
1.00414
0.995778
0.995069
1.00281
1.01911
1.04311
1.07276
1.10472
1.13483
1.15905
1.17479
1.1823
1.18465
1.18642
1.19107
1.19895
1.20719
1.21172
1.20969
1.20044
1.18562
1.16811
1.15043
1.13346
1.11629
1.09757
1.07764
1.05987
1.04987
1.05227
1.06758
1.09204
1.12044
1.14899
1.1754
1.19773
1.21363
1.22095
1.21868
1.20745
1.18911
1.16611
1.14098
1.11596
1.09318
1.075
1.06389
1.06151
1.06768
1.0799
1.094
1.10554
1.11166
1.11231
1.10996
1.10751
1.10632
1.10566
1.10355
1.09829
1.08937
1.07714
1.06216
1.04515
1.02765
1.01246
1.00301
1.00167
1.00889
1.02349
1.04334
1.06579
1.08834
1.10873
1.12488
1.13477
1.13708
1.13211
1.12224
1.11119
1.10275
1.09931
1.10147
1.10843
1.11866
1.13026
1.14098
1.14848
1.15109
1.14794
1.1388
1.12375
1.10372
1.08131
1.06072
1.04676
1.04277
1.04932
1.06527
1.08951
1.12014
1.15173
1.1773
1.19289
1.19901
1.19861
1.19449
1.18846
1.18117
1.17248
1.1617
1.14821
1.13266
1.1178
1.10813
1.10822
1.11994
1.14059
1.1635
1.18147
1.19004
1.18826
1.17776
1.1611
1.1408
1.11894
1.09723
1.07743
1.06182
1.05336
1.05494
1.06762
1.0893
1.11479
1.13789
1.15362
1.15961
1.15611
1.14553
1.13147
1.11772
1.10748
1.10259
1.10328
1.1084
1.11593
1.12389
1.13114
1.13706
1.14109
1.1434
1.14601
1.15274
1.16653
1.18614
1.20656
1.22222
1.22948
1.22661
1.21304
1.18905
1.156
1.1168
1.07616
1.04013
1.0146
1.00346
1.00735
1.02339
1.04601
1.06882
1.08652
1.09636
1.09867
1.09632
1.09334
1.09302
1.09668
1.10334
1.11054
1.11583
1.11806
1.11777
1.11668
1.11641
1.11771
1.12012
1.12272
1.1247
1.12563
1.12534
1.1238
1.12112
1.11774
1.11439
1.11172
1.10963
1.1069
1.10155
1.09173
1.07692
1.05887
1.0418
1.03164
1.034
1.05184
1.08406
1.12554
1.16869
1.20554
1.22987
1.23876
1.23278
1.2155
1.19203
1.16754
1.14614
1.13026
1.12094
1.11837
1.12191
1.12985
1.13955
1.14794
1.15222
1.15062
1.1423
1.12741
1.10702
1.08316
1.05874
1.03732
1.02222
1.01548
1.01674
1.0233
1.03131
1.03755
1.04079
1.04219
1.04435
1.05001
1.0609
1.07697
1.09677
1.11793
1.13785
1.15428
1.16581
1.17208
1.17358
1.17126
1.16595
1.15797
1.14725
1.13362
1.1177
1.10166
1.08914
1.08412
1.08855
1.10044
1.11442
1.12487
1.12903
1.1278
1.1245
1.12296
1.12588
1.13449
1.14882
1.16767
1.18855
1.20805
1.22284
1.23097
1.23215
1.22702
1.21616
1.19977
1.1779
1.15131
1.12203
1.09321
1.06837
1.05007
1.03939
1.0364
1.04076
1.05187
1.06842
1.08781
1.10673
1.12224
1.13267
1.13777
1.13838
1.13576
1.13093
1.12417
1.11503
1.10309
1.08883
1.07427
1.06253
1.05666
1.05822
1.0664
1.07854
1.09153
1.10337
1.11382
1.12346
1.13215
1.13799
1.13812
1.13074
1.11656
1.09869
1.08137
1.06813
1.06077
1.05961
1.0644
1.07511
1.09187
1.11428
1.13997
1.1648
1.18454
1.19684
1.20212
1.20289
1.20231
1.20272
1.20485
1.20797
1.21029
1.2095
1.20329
1.18981
1.16795
1.1378
1.10083
1.05974
1.01823
0.980099
0.948609
0.926044
0.914107
0.914438
0.928412
0.955668
0.992713
1.03293
1.06866
1.09386
1.10599
1.1064
1.09949
1.09105
1.08594
1.08627
1.0913
1.09882
1.10671
1.11354
1.11797
1.11862
1.11494
1.10809
1.10046
1.09462
1.09206
1.09311
1.09747
1.10462
1.1138
1.12382
1.13291
1.13913
1.14076
1.1369
1.12785
1.11517
1.10171
1.09123
1.08741
1.09254
1.10637
1.12608
1.14721
1.1652
1.17681
1.18067
1.17732
1.16851
1.15653
1.14347
1.13053
1.11788
1.10469
1.08974
1.07238
1.05371
1.03718
1.02781
1.0296
1.04283
1.06406
1.08843
1.1117
1.13066
1.14305
1.14753
1.14376
1.13214
1.11369
1.09053
1.06637
1.04609
1.03389
1.03118
1.0359
1.04421
1.05297
1.06121
1.06982
1.08048
1.09443
1.11181
1.13156
1.15171
1.17016
1.18516
1.19567
1.20142
1.20264
1.2
1.19422
1.18582
1.17512
1.1621
1.14627
1.1268
1.10273
1.074
1.0429
1.01491
0.996986
0.993371
1.00294
1.02048
1.03967
1.05549
1.06525
1.06884
1.06801
1.06513
1.06198
1.05937
1.0577
1.05752
1.05985
1.06564
1.07483
1.08604
1.0971
1.10646
1.11375
1.11939
1.12356
1.12602
1.12664
1.12584
1.12424
1.12198
1.11892
1.11537
1.11261
1.11242
1.11582
1.12202
1.12882
1.13376
1.13494
1.13132
1.12285
1.1105
1.09646
1.08374
1.07543
1.07389
1.08009
1.09359
1.11294
1.13636
1.16191
1.18749
1.21077
1.22934
1.24111
1.24455
1.2387
1.22289
1.19704
1.16226
1.12099
1.07678
1.03381
0.996422
0.968765
0.954404
0.955703
0.973034
1.00438
1.04549
1.09067
1.13412
1.17091
1.19784
1.21355
1.21831
1.21399
1.2037
1.19101
1.17867
1.16766
1.1572
1.14578
1.13259
1.1181
1.10384
1.09168
1.08304
1.07855
1.07804
1.08076
1.08558
1.09083
1.09468
1.09579
1.09414
1.09124
1.08972
1.09202
1.09915
1.1105
1.12437
1.13847
1.15025
1.15704
1.15662
1.14783
1.13116
1.10869
1.08383
1.06089
1.0446
1.0393
1.04771
1.06954
1.10145
1.1379
1.1727
1.20029
1.21668
1.21996
1.21024
1.18947
1.16073
1.12786
1.09485
1.06509
1.04046
1.0212
1.00706
0.998596
0.99735
1.00418
1.01758
1.03389
1.04936
1.06213
1.07299
1.08451
1.09909
1.1171
1.13636
1.15314
1.16439
1.16952
1.17082
1.17191
1.17539
1.18132
1.18773
1.19175
1.19074
1.18315
1.16925
1.15156
1.13443
1.12224
1.11728
1.11906
1.12517
1.13246
1.13805
1.1401
1.13836
1.13371
1.12704
1.1186
1.10836
1.09694
1.08597
1.07779
1.07445
1.07644
1.08217
1.08894
1.09445
1.09749
1.09753
1.09413
1.08672
1.07505
1.06034
1.0458
1.0359
1.03416
1.04142
1.05561
1.0725
1.0871
1.09546
1.0959
1.08937
1.07867
1.06709
1.05733
1.05142
1.05103
1.05747
1.07121
1.09153
1.11634
1.14293
1.16876
1.19206
1.21163
1.2262
1.23406
1.23297
1.2208
1.1968
1.16303
1.12476
1.08893
1.06065
1.04108
1.02822
1.02011
1.01697
1.02044
1.03121
1.04731
1.06511
1.08128
1.09398
1.10292
1.10841
1.11065
1.10994
1.10714
1.10362
1.10071
1.09879
1.09735
1.09562
1.09315
1.08984
1.08568
1.08069
1.07567
1.07273
1.0745
1.08243
1.09516
1.10929
1.12153
1.13035
1.13599
1.13967
1.14277
1.14657
1.15183
1.15864
1.16615
1.17278
1.17685
1.17723
1.17359
1.16617
1.15523
1.14096
1.12383
1.10526
1.08782
1.07492
1.06972
1.07402
1.08764
1.10842
1.1331
1.15803
1.17975
1.1955
1.20368
1.20405
1.1974
1.1851
1.16913
1.15195
1.13635
1.12511
1.11998
1.12118
1.12731
1.13625
1.14607
1.15507
1.16186
1.16504
1.16346
1.15671
1.14556
1.13185
1.11744
1.10341
1.09012
1.07761
1.06585
1.0549
1.04544
1.03878
1.03644
1.03893
1.04504
1.05205
1.05656
1.05578
1.04846
1.03528
1.0185
1.00106
0.985716
0.974579
0.969165
0.970541
0.979213
0.994649
1.01556
1.0405
1.0683
1.09798
1.12821
1.15689
1.18162
1.20029
1.21137
1.21419
1.20953
1.19934
1.1864
1.17325
1.1617
1.15241
1.14537
1.1409
1.14016
1.14508
1.15702
1.17536
1.19716
1.21807
1.23364
1.24023
1.23548
1.21867
1.19121
1.15683
1.12086
1.08846
1.06263
1.04386
1.03202
1.02819
1.03353
1.04691
1.06421
1.08022
1.09079
1.09389
1.08964
1.08032
1.07005
1.06388
1.06597
1.07769
1.09705
1.11953
1.13971
1.15296
1.15628
1.14867
1.13123
1.10691
1.07994
1.05505
1.03637
1.02674
1.02733
1.03794
1.05772
1.08542
1.11875
1.15358
1.18406
1.20392
1.20829
1.19535
1.16846
1.13766
1.11599
1.11015
1.11647
1.12627
1.13239
1.1311
1.12174
1.10568
1.08567
1.06498
1.0464
1.03148
1.02063
1.01406
1.0124
1.01639
1.02568
1.03832
1.05128
1.06205
1.06968
1.07507
1.08058
1.0888
1.10124
1.11751
1.13538
1.15185
1.16422
1.17091
1.17187
1.16821
1.16155
1.15348
1.14543
1.13876
1.13473
1.13411
1.13635
1.13927
1.13988
1.13603
1.12761
1.11647
1.10501
1.09513
1.08789
1.08404
1.08444
1.09018
1.10235
1.1217
1.14784
1.17827
1.20828
1.23221
1.24539
1.24574
1.23433
1.21491
1.19232
1.16988
1.14771
1.12372
1.09615
1.06546
1.03441
1.00705
0.987172
0.976871
0.975907
0.982261
0.993046
1.00539
1.01696
1.0263
1.03281
1.03674
1.0389
1.04039
1.042
1.04392
1.04615
1.04903
1.05324
1.05884
1.06481
1.06988
1.07395
1.07766
1.08121
1.08372
1.08425
1.08339
1.08364
1.0881
1.0981
1.11196
1.12588
1.13631
1.14181
1.14356
1.14428
1.14657
1.15184
1.16013
1.17053
1.18191
1.1931
1.20306
1.21046
1.21372
1.21119
1.20178
1.18543
1.16333
1.13774
1.11181
1.08891
1.07165
1.06113
1.05668
1.05653
1.059
1.06337
1.06981
1.07871
1.08979
1.10216
1.11522
1.12904
1.14341
1.15696
1.16707
1.171
1.16718
1.15612
1.14044
1.12363
1.10857
1.09693
1.08905
1.08416
1.08079
1.07771
1.07521
1.07507
1.07913
1.08785
1.09991
1.11297
1.12455
1.13292
1.13767
1.1404
1.14431
1.15246
1.16562
1.18145
1.19553
1.20355
1.20304
1.19418
1.17897
1.16021
1.1405
1.12225
1.10758
1.09801
1.09423
1.0959
1.10201
1.11156
1.12375
1.13745
1.15093
1.16198
1.16902
1.17173
1.17068
1.16634
1.15841
1.14611
1.12933
1.10945
1.08892
1.07013
1.05464
1.0433
1.0364
1.03346
1.03329
1.03482
1.03762
1.04204
1.04855
1.05718
1.06716
1.0769
1.08454
1.08877
1.08954
1.08805
1.0859
1.08436
1.08429
1.08628
1.09062
1.09702
1.10425
1.11035
1.11311
1.11134
1.10596
1.09993
1.09705
1.09991
1.10872
1.12151
1.13553
1.14862
1.15986
1.16928
1.17715
1.18349
1.18818
1.19116
1.19234
1.19162
1.18898
1.18486
1.1804
1.1774
1.17758
1.18136
1.18702
1.19087
1.18835
1.17553
1.1504
1.11401
1.07052
1.02622
0.987623
0.959611
0.944535
0.942542
0.952593
0.972978
1.00132
1.03435
1.068
1.09826
1.12211
1.13816
1.14678
1.14937
1.14745
1.14222
1.13446
1.12496
1.11513
1.10697
1.10232
1.10188
1.10517
1.11141
1.11997
1.12988
1.13954
1.14733
1.15244
1.1551
1.156
1.15565
1.1539
1.15024
1.14452
1.13732
1.12997
1.12402
1.12037
1.11894
1.1189
1.11941
1.12011
1.12094
1.12131
1.12
1.11591
1.10892
1.10047
1.09289
1.08839
1.08789
1.09065
1.09473
1.09762
1.09712
1.09219
1.0837
1.074
1.06526
1.05823
1.05259
1.04869
1.04837
1.05369
1.06497
1.08027
1.09663
1.11183
1.12543
1.13864
1.1532
1.16982
1.18749
1.20386
1.21674
1.22526
1.22958
1.23004
1.22649
1.21836
1.20561
1.18934
1.17148
1.15377
1.13673
1.11987
1.10243
1.08436
1.06638
1.04996
1.03693
1.02928
1.02899
1.03745
1.05439
1.07729
1.10198
1.12461
1.1431
1.15737
1.16838
1.17698
1.18302
1.18545
1.18248
1.17224
1.1534
1.12559
1.09023
1.05112
1.01424
0.986297
0.972293
0.973364
0.987009
1.00913
1.03601
1.06505
1.09427
1.1217
1.1452
1.16279
1.17305
1.17543
1.17028
1.15867
1.14233
1.12351
1.10506
1.08998
1.08104
1.08025
1.08839
1.10477
1.12717
1.15205
1.17508
1.19207
1.19977
1.19634
1.18151
1.15657
1.12409
1.08758
1.05078
1.01714
0.989694
0.971162
0.963748
0.968825
0.986355
1.01475
1.0511
1.09171
1.13278
1.17097
1.20372
1.22905
1.24556
1.25275
1.25155
1.24406
1.2326
1.21914
1.20518
1.19205
1.18087
1.1722
1.1657
1.16012
1.15411
1.14689
1.13863
1.13024
1.123
1.11785
1.11465
1.11181
1.10658
1.09641
1.0805
1.06064
1.04063
1.02494
1.01743
1.02029
1.03366
1.05563
1.08254
1.1096
1.13194
1.14583
1.14964
1.14392
1.13107
1.11457
1.09832
1.08547
1.0775
1.07403
1.07367
1.07527
1.07841
1.08338
1.09066
1.10059
1.11311
1.12792
1.14457
1.16229
1.17995
1.19573
1.20742
1.21298
1.21116
1.20212
1.1874
1.1697
1.15235
1.13824
1.129
1.1246
1.12377
1.12465
1.12535
1.12438
1.1209
1.11498
1.10769
1.10114
1.09792
1.09963
1.10579
1.1137
1.11928
1.11855
1.1091
1.09089
1.06609
1.03831
1.01211
0.992369
0.983054
0.985608
0.998523
1.01856
1.04242
1.06747
1.09175
1.11384
1.13282
1.14824
1.16028
1.16971
1.17761
1.18453
1.18995
1.19221
1.18983
1.18363
1.17763
1.17545
1.17666
1.17827
1.17873
1.17826
1.17718
1.17453
1.16838
1.15695
1.13971
1.11777
1.09393
1.07188
1.05543
1.04728
1.04822
1.05686
1.07079
1.08802
1.10755
1.12863
1.14984
1.16885
1.18284
1.18919
1.18641
1.17513
1.15854
1.14156
1.12905
1.12408
1.1271
1.13606
1.1474
1.15733
1.1628
1.16169
1.15267
1.13513
1.10975
1.07931
1.04891
1.02471
1.01167
1.01133
1.02151
1.0375
1.05382
1.06611
1.07213
1.07244
1.06975
1.06741
1.0679
1.07208
1.07957
1.08931
1.09992
1.10971
1.11676
1.11916
1.11578
1.10696
1.09527
1.08525
1.08188
1.08802
1.10254
1.12103
1.1386
1.15237
1.16191
1.1677
1.17007
1.16918
1.16535
1.15922
1.15163
1.14303
1.13288
1.1198
1.10237
1.08083
1.0586
1.04186
1.03665
1.04524
1.06479
1.08887
1.11062
1.12511
1.13028
1.12667
1.11657
1.10314
1.08956
1.07781
1.06813
1.06016
1.05511
1.05621
1.06599
1.08361
1.10535
1.12717
1.14627
1.16112
1.17083
1.17466
1.17226
1.16412
1.15204
1.13884
1.12757
1.12063
1.11913
1.12264
1.12967
1.13833
1.14704
1.15493
1.16194
1.16846
1.17456
1.1794
1.18125
1.17828
1.1695
1.15568
1.13922
1.12325
1.10995
1.09935
1.0902
1.08295
1.08161
1.08973
1.10448
1.11912
1.12946
1.13529
1.13838
1.14056
1.14309
1.1467
1.15162
1.15725
1.162
1.16367
1.16027
1.15063
1.13475
1.11398
1.09089
1.06804
1.04665
1.02696
1.00991
0.99781
0.993457
0.998934
1.01519
1.04184
1.07696
1.11705
1.15771
1.19485
1.22536
1.24711
1.25882
1.26026
1.25219
1.236
1.21347
1.18692
1.15917
1.13333
1.11169
1.09515
1.08332
1.07556
1.07174
1.07204
1.07587
1.08149
1.08691
1.09116
1.09453
1.09788
1.1019
1.10693
1.11342
1.12218
1.13394
1.14869
1.16531
1.18181
1.19599
1.20599
1.21057
1.20902
1.20101
1.18651
1.16583
1.13989
1.11108
1.08367
1.06173
1.04564
1.03194
1.01737
1.0016
0.9863
0.972946
0.962359
0.955741
0.95535
0.963889
0.983197
1.01342
1.05303
1.09912
1.14752
1.19336
1.23194
1.25968
1.27464
1.27639
1.26611
1.24645
1.22134
1.19516
1.17133
1.15119
1.13418
1.11917
1.10602
1.09609
1.09178
1.09516
1.10646
1.12331
1.14107
1.15453
1.1593
1.1531
1.13643
1.11241
1.08602
1.06257
1.04665
1.04172
1.04965
1.06941
1.09626
1.12319
1.14387
1.15476
1.15525
1.14692
1.13303
1.11797
1.10644
1.10196
1.10554
1.11542
1.1283
1.14036
1.1482
1.14959
1.14412
1.13327
1.11963
1.106
1.09494
1.08882
1.08978
1.0987
1.11434
1.13326
1.15082
1.1625
1.16529
1.15849
1.14401
1.12562
1.10759
1.09298
1.08227
1.07347
1.0635
1.0502
1.03343
1.01485
0.997248
0.983539
0.976105
0.976172
0.983677
0.998518
1.02263
1.05956
1.10939
1.16538
1.21754
1.25856
1.28559
1.29912
1.30112
1.29373
1.27851
1.25644
1.22867
1.19775
1.16805
1.1447
1.13139
1.12879
1.13473
1.14538
1.15646
1.164
1.16504
1.15804
1.14277
1.12028
1.0926
1.06266
1.03424
1.01133
0.997256
0.993707
1.00012
1.01406
1.03229
1.05157
1.06891
1.0816
1.08753
1.08588
1.0779
1.06688
1.05727
1.05273
1.05459
1.06179
1.07209
1.08347
1.09444
1.10383
1.11065
1.11387
1.11246
1.10577
1.09403
1.07903
1.0643
1.05442
1.05381
1.06502
1.08713
1.1157
1.14476
1.16939
1.18715
1.19767
1.20168
1.20007
1.1936
1.18286
1.16834
1.15039
1.12967
1.10759
1.08659
1.06945
1.0584
1.05449
1.05737
1.06562
1.07743
1.09159
1.10797
1.12686
1.1475
1.16747
1.18397
1.19538
1.20154
1.20308
1.20085
1.19598
1.19024
1.18527
1.18154
1.17827
1.17411
1.16791
1.15883
1.14639
1.13059
1.11192
1.09162
1.07171
1.05486
1.04379
1.04063
1.04624
1.05947
1.07704
1.09464
1.10867
1.11749
1.12154
1.12248
1.12223
1.12252
1.12476
1.12991
1.13793
1.14686
1.15342
1.15469
1.14981
1.14028
1.12922
1.12043
1.11731
1.12193
1.13414
1.15103
1.16753
1.17797
1.17804
1.16623
1.14453
1.11747
1.0909
1.07043
1.06012
1.06143
1.07264
1.08932
1.10587
1.11721
1.12012
1.11363
1.09887
1.07856
1.05631
1.03579
1.01994
1.01028
1.00681
1.00891
1.01687
1.03272
1.05833
1.09195
1.12784
1.15962
1.18313
1.19672
1.20087
1.19755
1.18973
1.18059
1.17248
1.16667
1.16326
1.16125
1.15868
1.15317
1.14308
1.12867
1.11249
1.09893
1.09279
1.09733
1.11289
1.13648
1.16304
1.18747
1.20599
1.21629
1.2171
1.20791
1.18911
1.16252
1.13139
1.09977
1.0717
1.05069
1.03935
1.03878
1.04799
1.06413
1.08334
1.102
1.11758
1.12853
1.13375
1.13244
1.12433
1.1103
1.09264
1.07496
1.06144
1.05558
1.05869
1.06926
1.08363
1.09754
1.1075
1.11149
1.1088
1.09977
1.08578
1.0697
1.05538
1.04649
1.04497
1.05052
1.0618
1.07805
1.09914
1.12361
1.14789
1.16799
1.18119
1.18605
1.18181
1.16878
1.14916
1.12724
1.10754
1.09252
1.08225
1.07563
1.07151
1.0689
1.0669
1.06476
1.06193
1.05801
1.05302
1.04767
1.04354
1.04256
1.04607
1.05411
1.06549
1.07871
1.0932
1.10996
1.13114
1.15875
1.19281
1.23054
1.2669
1.29602
1.31262
1.31331
1.29712
1.26573
1.22309
1.17459
1.12605
1.08282
1.04969
1.03107
1.02995
1.04559
1.07229
1.10143
1.12513
1.13871
1.14126
1.1345
1.12125
1.10453
1.08745
1.0732
1.06475
1.06403
1.07138
1.08539
1.10306
1.12049
1.13373
1.13969
1.13654
1.12385
1.10244
