3.33285
-0.437993
1.21583
-0.234731
0.206376
-1.26875
-8.4641
0.442957
0.33805
0.567329
-0.296849
-0.368762
-2.22321
1.18329
-2.28556
0.0594819
1.54795
0.020468
-1.2073
1.01383
0.619737
-1.21909
-1.65128
-0.046055
-6.95244
0.12695
2.59559
-0.406349
0.912696
-3.95993
0.162273
0.468639
-0.0281325
-0.566647
8.73862
6.02475
-0.234048
2.3898
0.0320726
0.697633
-8.02977
16.6521
1.17445
-0.493922
-2.69446
-1.53642
9.95151
0.336308
-0.212719
1.70508
0.941528
1.11228
0.686831
-0.331094
0.461037
0.39438
1.23158
-0.756859
-0.913013
0.107655
-0.70379
2.97079
1.13195
0.890496
-0.388813
1.07447
-2.54005
1.26455
1.79635
1.73424
-0.68218
0.43077
0.223119
2.6338
1.15583
0.86657
-5.36629
4.54005
-1.79568
1.58867
-3.36374
-1.03958
27.7834
7.15739
0.60716
0.763496
0.399044
-0.60806
-5.81938
-1.61818
-0.57707
3.46825
8.41722
-0.25688
1.37668
-0.0530163
-1.91289
-45.939
37.4228
-0.00302515
4.0552
0.522687
-2.43677
1.73697
-0.374001
-0.950213
-0.0964425
-0.556318
-2.29421
9.04716
0.355255
1.1858
2.99322
0.0889596
-0.273707
0.564428
0.596367
-0.876753
1.01863
0.957069
-11.7645
0.626047
1.77766
3.56183
0.442232
1.05798
-0.315616
36.584
5.84356
0.775538
0.0598292
-0.863792
0.698818
-14.3526
4.09914
1.52864
0.148266
-0.763864
-0.445736
-7.16474
-0.574125
1.62514
-0.216759
4.02667
-0.130218
-0.956766
1.39726
0.23608
-2.72979
-0.169092
0.620246
-6.31082
-1.29684
0.283808
-1.96864
0.85177
-0.537136
3.23135
-0.114041
0.0110509
0.438677
-0.252082
-1.43159
-0.534323
-0.773659
-0.0372451
-1.15293
-1.28279
0.500472
-0.35882
1.46852
-7.03475
0.872581
-6.74957
0.063895
-2.24379
0.0103664
-0.844094
0.575351
0.984544
-0.23733
-1.20684
1.34113
-0.250627
-0.186797
-0.430237
0.332874
2.49402
0.716311
-0.259941
2.76543
0.192197
0.408427
-1.48985
-0.964394
3.32445
0.91518
1.07349
-3.92866
4.24979
2.72779
-0.891979
20.2867
7.98882
3.58674
-0.343688
0.0832228
0.585888
0.456856
0.466216
40.9492
0.588586
0.691762
0.575836
-1.1049
0.37587
1.2786
-1.06864
2.95845
-3.59212
-2.46512
-0.162942
-0.124727
-14.6982
-0.562256
-3.82032
0.826407
0.146006
-1.18388
0.277417
0.935031
-0.260028
0.118331
-0.996331
-0.00522798
0.559431
1.26237
3.14383
-0.598031
0.0391509
-0.992903
12.494
-0.68681
-0.719691
-0.678092
-0.0565474
-110.072
-1.531
-0.584911
4.16945
0.33815
-0.612053
2.64449
-5.82711
0.501609
12.2246
-0.736885
0.592655
-1.03586
-1.75778
3.89949
-1.52035
-3.79033
-2.93286
1.36728
1.07921
0.160418
2.24185
0.23838
0.949049
6.40759
-3.1061
0.275556
-0.64838
-3.28712
-2.03434
0.675874
0.291818
-0.384365
-0.551623
2.00201
-2.13798
1.02936
-1.54521
2.68319
2.19484
-0.357606
0.0733734
3.03875
-0.190878
1.70913
-0.23472
-0.730761
-0.869241
0.766799
3.15045
-4.31208
-23.9275
0.658516
-0.0609052
-2.1907
3.54916
5.86667
-0.253014
4.40673
-0.44557
0.0750572
-0.670435
10.0261
1.51003
0.0510295
-0.236945
-0.241746
0.902326
0.0251658
-0.123147
-1.13544
-6.84816
1.71933
-0.100714
1.42037
-1.86844
-0.452827
0.753428
37.8624
0.45599
1.10368
3.43216
0.380282
2.58125
-2.26714
0.786656
0.137023
0.982148
-1.06584
0.0604591
13.2342
-1.34117
0.155487
0.319257
1.03861
0.389201
-1.32653
-7.33407
2.92881
0.172052
3.4929
-8.91123
0.185139
0.330079
-15.5748
2.06709
-49.01
-1.62582
18.0301
0.128005
-1.76379
-0.74975
-0.0547443
-1.26186
0.33588
40.7638
0.896674
4.61552
4.45604
-1.06907
-0.216054
-0.48552
-0.592437
-0.171555
-0.663346
0.235121
2.86331
4.27663
4.5096
1.33671
-0.87283
34.5052
0.960724
12.8123
-1.70682
13.3738
0.209869
-0.234085
0.0720164
0.715829
-0.788514
0.326958
-0.259168
-1.19961
-0.287626
1.67183
0.273012
18.3533
-0.151815
-0.738141
0.386963
-1.44026
0.207977
-4.31422
-1.91709
1.93885
3.29075
0.596824
-1.06511
-55.0139
-4.48576
0.614628
-268.149
-1.19382
-0.169148
3.77632
3.02916
76.6694
-0.918983
4.39519
1.00776
9.98864
-0.351116
-1.86684
-1.21778
0.449138
-0.393784
1.1693
-0.541039
14.5657
-0.0703407
-2.26607
0.0474755
-1.4634
-0.518737
0.417886
9.93725
-0.49378
-0.161933
-0.769216
-0.0391952
-0.264279
-0.562521
-3.96236
-1.91094
-1.88181
-2.12307
0.743911
1.25322
-2.56064
0.605718
-0.591003
-0.1062
-0.249873
1.38622
-5.16952
1.70949
2.28087
-1.74467
-0.808046
-2.07757
-0.996608
3.1727
-4.89893
1.28045
-0.389362
1.85064
1.50193
0.341291
0.272954
0.0686397
3.3481
33.8211
-6.57192
-0.237495
-0.146275
-0.00487704
-4.92854
0.848565
-0.886936
0.00644022
-34.3051
0.564735
3.2145
-0.101442
1.17016
-2.41572
-1.09799
1.40713
1.4331
2.12643
-2.16191
-0.345393
-4.0402
99.7116
3.95359
1.46099
-3.35582
0.373693
0.605719
-0.741253
1.21612
4.02513
-1.51928
0.415982
-1.37771
2.26972
0.267107
-0.0492714
3.63443
-4.72298
1.32862
0.19344
-0.209155
3.58741
-1.37178
2.43784
-5.33087
0.460031
0.573941
6.54541
2.62688
9.13143
-2.04174
0.701949
1.33119
-5.17392
-0.376611
-0.443938
-0.975653
-0.559384
-0.84028
4.35988
-1.53304
1.08187
-2.93018
0.594793
1.06472
-3.07918
-0.00799404
-2.68845
-0.333742
-0.840028
-2.691
-0.743849
-0.075978
-0.405048
3.08318
-4.08125
0.340505
0.556621
3.33243
2.60123
0.593386
-1.48654
0.955152
-0.801742
-6.5414
2.3014
-0.311492
-1.69976
0.528638
2.30343
2.9878
-0.241209
2.23261
3.06086
-3.30286
0.784066
-0.206642
0.954605
-13.6559
0.807218
0.490884
-4.50243
-0.412354
0.390956
-4.70691
0.78118
0.160645
-0.670245
9.23777
1.35296
-3.34771
-9.33403
-34.6806
6.56736
0.926703
2.90348
-1.10462
0.723364
-0.47677
0.330509
-37.4938
1.18412
0.18387
-0.740579
-89.0148
0.750971
-1.72568
0.214818
-5.39283
-3.43323
8.44077
0.412938
0.511982
-1.35929
11.6547
0.125658
1.8984
0.535399
-1.50728
4.14563
1.3178
15.9589
-0.150534
-1.1005
0.927888
0.370007
-1.60096
33.5049
-2.10568
5.39473
40.1481
1.12457
1.88955
-0.595992
12.775
-0.585149
0.317126
-1.7065
-4.11808
-1.04847
9.2588
1.48582
3.2634
0.957466
-0.401728
-23.7
0.817458
-0.0769643
-0.575955
-0.36059
1.69891
-1.03426
0.516484
-0.400262
-0.538289
1.36182
12.8785
-0.343357
-0.494144
-0.247818
1.24038
-0.713445
-3.26601
1.43436
-1.19588
6.48316
2.37263
-0.231336
0.464677
-0.558041
-0.124277
3.12545
-0.179123
2.13854
0.618103
-17.8087
0.233461
-7.94583
-0.799439
-0.639001
-0.22715
1.68398
2.53695
-2.33565
1.21654
-2.3326
1.19322
-2.29147
13.5468
-10.7938
5.22382
-0.104608
-0.209407
0.287985
5.69262
-0.103449
-0.97704
-2.16062
0.660024
0.27875
0.800768
-3.29164
-18.8633
2.24276
-1.02755
0.328729
-0.284462
1.42812
-0.93258
0.813046
3.25656
-0.784219
-1.18201
3.23093
-0.414417
-2.01343
1.42385
3.10368
-0.0830961
2.24969
0.199009
-2.7824
-0.938273
-0.895693
1.89268
-3.90731
0.0335009
16.6223
-0.107156
1.64865
0.476658
-6.8804
-4.40383
-0.921985
0.570606
0.467346
-1.56342
-2.17692
-0.86837
-2.13369
6.27958
-1.66966
-0.634593
0.150931
-2.1254
1.24886
-2.03178
-0.270026
-0.377811
-0.704896
-0.336031
0.0836711
-2.59532
-1.90232
0.697075
0.628782
0.603943
-0.0559968
-0.294241
-1.51532
9.01098
-1.11377
-1.13016
0.205688
-2.88072
-4.85412
0.88248
5.73458
1.15123
2.11677
1.25717
2.91363
0.0618726
-3.26402
79.4113
0.331549
-0.36701
-4.26978
1.96244
-3.63801
1.54422
-2.29483
1.61975
0.719362
-1.88716
-0.395487
-1.29672
0.00925104
-3.36686
-0.0714473
0.395051
4.85489
-0.225127
-1.9852
-5.84859
2.03511
-0.626618
2.93533
-2.34556
1.39634
19.0434
-1.36966
1.63874
1.98566
1.5129
0.745555
0.300977
-0.112909
0.949493
6.93345
2.72627
-0.106136
0.246045
-0.232954
3.30216
0.9622
-0.122358
-1.45384
-9.81325
-2.32756
0.348587
1.93079
8.2391
1.19767
4.17144
0.712044
-5.53657
-1.78212
0.783637
-0.164861
0.195219
0.369691
-17.3876
0.327575
-1.22631
0.537072
4.02982
1.30351
0.692468
0.316754
0.459415
-0.677686
-1.3643
1.50846
1.45084
-0.288009
0.963925
-12.5995
1.3632
-0.413268
-0.163069
0.218643
-5.35189
-1.43083
-0.624125
3.52572
0.109751
0.165663
-2.05066
804.696
0.323093
-1.73245
0.825347
-0.837059
-1.46361
0.654703
23.1177
0.658504
-1.8132
2.07814
1.2406
0.432094
0.289137
1.31502
6.96181
1.02463
1.04356
-1.2339
9.64312
0.542614
-1.4954
-46.514
0.913823
2.75084
1.66536
-1.09954
0.508251
-0.300817
1.50101
0.389337
-1.58207
-18.1623
3.95596
-8.09699
-0.0256297
-0.558289
2.17463
0.509358
-1.15777
1.35284
0.958701
-0.607426
0.0204201
1.83529
4.65153
2.10226
-3.04765
-0.461395
-1.93084
-0.0535753
1.62355
1.2663
1.03907
-4.37397
-1.12613
-6.51849
-1.13613
0.701276
0.714588
0.771231
-5.40216
-1.71266
-0.45568
-8.57774
6.51933
0.847358
-1.53942
-2.2833
-0.144294
2.25505
0.378683
92.6373
-1.85939
2.05681
-1.93502
-0.23461
2.42596
1.09049
1.68091
2.75209
0.0942562
1.13219
1.21468
-0.382545
-1.8418
1.31105
0.098946
-2.39705
-2.81471
1.184
0.100245
-0.283998
-0.29904
-0.169284
-106.725
-1.19954
-0.0716367
-24.7584
0.951719
19.2134
0.0741707
0.671367
0.153906
21.6427
-1.18445
0.860473
-0.247113
0.0965588
2.59129
0.0675001
2.90084
-2.27066
0.0121804
1.53891
0.40523
0.219193
0.208593
0.599395
1.62354
6.44787
0.415146
-1.19089
1.31827
-0.709565
0.995147
0.883399
0.516241
-0.326318
-0.274503
0.439748
40.8811
-0.27926
3.72704
-0.0999175
3.83227
0.391598
2.11061
-0.651071
-0.156581
-5.65377
-0.4235
1.56321
1.69982
-0.125308
16.716
0.449311
-4.53105
-0.131562
-1.16515
-1.05537
-0.493249
-2.2464
-1.06659
7.08675
0.821395
0.666402
-0.132648
1.99108
0.488166
0.123361
2.38461
-0.415248
2.4247
-0.443976
27.1325
1.35385
0.0594361
-0.953494
0.108609
0.583814
-4.57378
-1.0351
0.916725
2.93483
-6.57147
-0.0489265
-0.623861
-0.211827
2.88947
0.104423
0.30891
0.0808113
-16.0303
-0.0382573
2.79121
-0.66348
3.84451
12.3076
6.19283
-1.5418
-39.7273
-0.454368
0.571173
0.23941
0.730641
-0.0849152
2.86622
5.57932
-3.74513
-17.355
-0.251378
-2.21183
-0.526573
-9.03596
0.62689
-0.386843
1.47353
-0.411098
-0.15828
-0.367524
0.166533
0.0947848
-8.0807
-1.25024
-2.90743
2.13897
-0.440897
2.21449
3.67071
0.165408
-5.97485
-3.87674
1.03606
-2.39417
-0.960521
3.52987
-0.319979
-0.626951
5.87073
0.0178165
7.56888
4.06996
-1.04569
-2.60743
-0.407642
-1.47302
2.43459
-2.97953
-3.1854
1.74786
2.99864
-1.09948
-0.640536
2.10894
-3.00436
0.154333
-2.0587
-0.497325
2.60089
1.48344
-0.208814
4.14795
-1.28708
1.28472
0.211006
0.0568445
-1.70224
0.178795
1.37161
1.11937
-5.73336
-0.831427
-0.293271
6.08635
1.49096
2.49749
-0.590817
-1.39675
7.86362
1.73221
-0.518042
0.7529
1.44949
0.784535
4.35669
0.132569
-0.504008
3.55902
3.5878
5.45404
1.73476
13.0466
-0.12621
-2.40001
-0.0365627
1.50167
1.88118
0.957282
1.62474
0.491968
2.50717
-0.957751
-1.2064
-0.585908
0.180135
9.94031
-0.876159
-0.121015
1.02516
6.34193
1.51032
-12.8594
-3.41239
-1.04843
2.4074
1.65445
0.88531
0.615234
1.26421
-2.06939
0.212728
0.00938692
1.07412
-0.401529
-7.42799
-0.30176
-0.271074
0.924768
-1.75353
0.857189
1.72549
-3.03363
-4.66042
-1.64248
-2.79241
-0.789112
6.04411
0.333691
-13.6875
0.597206
-2.12539
-1.47202
-1.40266
-0.0416544
-0.156741
-14.3112
-1.12765
10.0482
-0.513937
-0.263899
1.63573
0.141363
2.85573
-1.16441
0.0297659
-0.335403
2.25898
-1.39413
0.465716
0.0704475
-3.13286
-0.0791737
0.877512
1.20587
0.0670746
-1.22355
0.716705
1.67427
1.05982
7.58207
-0.468275
-1.83632
0.969793
0.903173
0.65444
-10.1365
0.134841
0.0153713
-0.82382
1.92138
1.90561
-0.00709023
1.98169
0.387804
0.786343
-0.207505
0.228655
0.0388102
0.255421
-0.53813
-0.332414
-1.00796
-0.2543
0.308772
-1.90961
7.38463
-0.236782
1.34966
18.0175
-0.322797
0.44728
-0.876117
1.26344
0.269711
0.594831
-0.0982897
4.34616
-4.03586
0.992864
-1.03495
-0.0702799
-0.841561
-0.31988
-1.01221
-0.546617
-0.00555416
-0.310763
1.40434
0.462478
0.477693
2.27396
0.341946
1.62494
-0.589967
0.75486
5.81316
-0.0749012
-1.89613
-0.740559
-0.163859
1.08799
-2.26273
-1.96777
-0.173701
-8.80628
2.24314
-1.3739
-2.49209
-1.06933
-1.23441
2.42351
0.98244
-6.46398
1.29805
-0.0244596
-1.78772
0.172828
-2.86743
0.215506
9.50945
-0.56481
-5.48167
-0.697058
-0.159118
-5.47226
-1.52574
-0.727577
-0.168576
2.30179
-0.753573
-0.758836
-0.816275
-0.00232325
9.67837
3.97228
-0.0223327
1.2539
0.0708136
-0.347494
1.38371
-0.0269902
0.946614
-1.42568
14.2604
0.56199
-3.40247
0.274356
12.5423
1.38456
-32.2265
1.5125
0.119698
-1.70633
2.77679
6.41083
-3.08901
-1.55895
-0.450479
0.630258
-8.54921
1.62196
-1.40619
0.114023
-0.164977
-1.14038
-100.59
-0.566516
2.30819
-4.70504
-3.6126
5.26914
-0.658347
-0.54518
-2.30706
-0.436005
0.0473508
-7.07335
-0.560805
-0.569935
-0.919978
-0.879717
36.2105
0.697485
0.0503906
0.48008
-1.21237
0.720536
2.14583
19.2826
-1.89021
-1.46529
1.18808
-2.76378
-0.295334
-0.201378
0.414427
0.214853
-6.88862
3.8269
0.783596
-0.445305
0.387197
-0.878681
-0.941803
1.14926
-0.00340946
-0.949647
-0.486656
0.10737
-0.87424
-0.77246
0.247574
-0.193989
-0.571745
1.03191
-3.19231
0.316288
1.01038
-0.317572
0.865314
0.0983231
0.39469
-1.62208
-2.96455
-1.51009
-0.429467
-9.96003
0.112822
1.11645
-0.427135
-0.57144
9.47901
-0.222735
-0.732029
4.05235
2.61373
7.47429
-36.7214
0.35413
-0.446144
0.294003
-1.63322
-2.80552
-3.5625
-7.28653
1.5516
0.909085
2.52168
0.874106
-3.92744
0.938778
-0.994098
0.228054
-2.4325
-0.0749257
-1.14606
-6.57362
3.93662
-0.606357
-0.0544688
2.07472
0.7298
-14.4956
-0.227954
1.02375
-2.72126
-1.67277
0.84811
-0.176068
-1.08517
0.415061
-0.383146
-1.02756
0.573338
-0.839699
1.05388
0.414667
-0.269584
2.63989
-0.073879
-0.71168
0.0990046
1.94296
0.706927
0.989514
-0.691548
-0.624178
0.681799
0.0946432
-2.30833
0.489834
3.40854
1.85006
-0.382861
-0.138049
0.581696
1.17377
0.347806
3.40442
-20.473
0.534348
0.0292747
-0.225388
8.59323
-0.020691
-0.596892
-0.532182
-6.47687
0.49306
0.823308
-0.232683
0.0417439
-4.25532
0.346557
0.776716
-0.138938
0.481199
0.0625669
0.346499
-5.9456
-6.86268
-0.0650372
30.6039
18.9563
19.2372
1.34062
-6.14279
2.09807
1.07153
1.00228
1.28647
2.43749
0.812837
-1.45946
-0.344236
1.19214
0.453945
-1.54147
0.527014
-2.33003
-1.65956
-5.5884
-2.02033
-8.92097
-0.374989
38.4298
-0.738609
1.01332
0.436484
0.834364
0.110301
1.00154
1.19613
-0.440538
-0.300345
-1.33279
-2.11747
5.82572
0.675949
0.0251788
-0.37896
2.28209
0.425915
-0.92682
0.316289
5.41908
-0.440829
0.561182
0.209363
22.7036
0.312604
0.421188
-2.23642
-0.573292
-2.76959
-0.682702
-0.0525495
-1.67227
-0.0678551
0.324084
0.205394
1.81396
0.588052
-3.77802
-0.674762
8.01824
-0.45854
-8.55756
-1.48812
-0.768195
2.65072
-3.79463
-60.3576
0.577786
-5.4602
0.724697
0.246121
4.37831
1.16973
-0.680095
-2740.31
-0.430347
-0.487969
2.90576
-2.04297
0.275358
0.0872289
-14.8338
-63.5223
0.383595
0.621967
-6.06876
-0.884073
0.292337
-0.539112
-0.473426
0.771358
-0.436855
-2.43091
0.189238
0.0119371
1.13385
0.273334
0.0904082
0.46118
-0.544658
-0.174771
1.27316
-10.5903
-250.639
0.343301
0.362043
0.530414
1.60176
-1.64323
1.37206
3.23744
-1.15323
0.914066
2.47789
0.635143
0.200173
-0.75996
0.798824
2.26505
1.05424
-0.109737
-1.44899
-7.4222
-1.68996
-1.99612
-2.00852
0.0674192
-8.57433
0.305818
0.73527
0.393116
1.16647
-4.94155
-0.0709325
0.100872
1.68692
-0.812978
0.497144
-0.436335
-0.0346119
-2.5074
-8.01957
-1.79249
-9.83323
-0.627148
0.328862
-1.22994
-0.413073
2.49637
0.110483
3.68745
5.0544
0.771623
4.80548
-0.485402
-0.938087
-0.0625576
-1.69046
-0.468476
3.77107
0.481769
0.642747
11.7744
1.53933
0.078453
-2.54555
-0.807423
891.923
-0.266792
-0.587059
-1.71068
1.66704
-0.441664
15.5722
-0.982537
1.45836
-0.405704
-0.611711
-0.361719
-0.00870507
-4.25591
2.21901
-0.444452
0.916779
-4.02091
-0.879286
-3.71009
-7.14085
-1.79907
0.823983
0.0701042
-4.66106
-3.9931
73.3087
-0.113205
0.524479
-0.104206
-0.775683
2.09017
-4.37369
-0.193561
0.696283
-0.819334
-3.47031
12.0924
-22.7669
-1.31282
1.31731
2.66186
-0.359907
-0.660507
22.8456
-0.74045
1.35023
-0.502944
-0.199912
2.05321
6.48779
3.4136
8.42769
0.470584
-0.492613
0.537376
1.89309
-1.42174
0.907911
-0.498366
-0.934296
0.00228944
-0.360156
-0.909331
0.322046
-2.54399
1.57395
-3.22011
0.447615
-1.59565
-0.156937
-0.233273
1.02546
-1.05946
0.104713
4.37666
0.451034
-1.37548
1.14849
1.20334
-2.4075
5.78916
0.647346
-4.38086
-0.50532
-1.44599
2.38973
-0.318601
-0.334249
-1.40029
0.227551
1.85699
5.36372
-0.273876
-24.2465
-0.548362
-2.7874
9.65305
-0.208476
-5.13879
-3.48136
-1.3771
3.82594
4.74104
1.40939
3.11113
-0.0589942
0.550335
0.633247
2.34578
-0.115478
1.06053
-0.875077
0.265744
-1.84259
-2.64739
0.474735
-0.493686
-2.73155
-0.780536
6.32948
1.29672
0.607618
-1.17747
6.70539
0.462622
-3.35704
-0.157966
-7.14001
0.0506998
-2.20296
0.120186
-0.557345
0.14436
-0.719493
-1.50332
4.15143
-1.64824
5.1118
-0.758831
-3.32326
1.4365
4.70392
1.87198
1.19258
-0.202674
-1.0581
-3.58453
2.81078
-0.494577
1.02886
0.848819
-0.648296
-0.287481
0.0636807
0.787803
-1.2214
7.53839
1.53545
0.0611999
0.551589
-0.0345835
-0.851049
0.296165
-0.516867
1.63898
-1.4677
-0.0892071
-1.32378
-2.24241
12.6703
-10.4605
-0.11608
0.423845
-5.0995
-3.46436
-0.0367699
-3.35728
-0.74658
-1.61468
0.540024
0.193145
-1.53649
-9.29024
0.372679
-3.81004
0.35894
18.0781
-2.44817
0.00346376
-0.623913
-0.398498
2.89588
1.92284
-0.0257133
0.885322
1.7106
-4.04052
2.18832
2.1084
1.27128
0.610492
1.49217
0.985667
-0.127741
0.221722
-1.00425
5.26626
-1.91454
3.77332
0.584206
1.42272
-1.38082
4.86274
-0.548583
0.282169
-1.51498
3.40786
-4.29165
-0.333376
-0.326466
9.43616
-1.8136
-0.209079
-1.53401
0.845839
2.65859
0.296888
0.971003
0.312052
1.27251
0.903011
0.066858
0.691693
-41.9141
-0.162739
2.61318
0.808739
-0.34264
4.51552
2.13403
-0.67863
-0.668755
-1.89505
-15.4959
-0.0295243
0.374692
18.2632
0.981464
-1.32429
-1.5672
4.79228
-3.31215
-2.52816
0.0965811
0.515002
-0.968587
-1.09802
1.93697
0.222647
0.413036
-0.847506
0.488721
2.90576
-0.568117
-0.312893
-8.27396
3.44754
-0.695644
-375.148
-2.04966
-1.30255
4.17873
-0.594546
0.213755
-2.0047
0.975368
1.05847
1.03415
-0.691982
0.871237
-1.00332
1.01217
1.40452
0.401647
0.144502
-0.744845
2.2556
2.22855
-1.54203
0.120652
-0.354809
1.02596
-0.1421
2.47033
-1.18544
-0.64233
1.30035
-0.820041
0.0802736
-0.767403
7.47888
-0.273824
2.49405
-1.06097
0.771385
-3.85225
2.26121
-0.563722
-0.883915
1.47337
-0.0964572
1.77501
0.605917
-0.133209
1.07424
3.53811
0.529394
1.1183
-0.264554
0.0405623
0.438919
-94.8392
0.460362
-1.65335
-0.879978
1.1025
4.15373
0.0173334
-1.45559
-0.3446
-0.540232
-1.3405
-1.07862
-1.4629
-1.72504
-3.44561
-0.959994
2.65133
-0.224902
0.459695
-10.2914
-3.90429
0.312049
1.6704
-0.0291283
-11.6665
-2.37818
0.439778
6.73693
-0.92707
-3.57288
-3.07582
-0.427033
6.93062
-1.32103
0.0598116
0.0671795
-17.544
-0.554461
-0.383341
-52.7131
-3.3121
-0.747136
0.342664
2.51076
0.30717
-0.306284
-0.258254
0.431639
0.38107
-0.767432
-0.926324
-14.0624
-2.99263
0.0182273
-0.0365873
1.00439
-0.516294
-0.0597187
-0.00714402
0.204162
-0.210502
-0.410166
0.208686
-0.903003
-1.51827
0.863964
0.748077
-7.88766
2.91431
-0.639907
-3.05654
0.160281
-0.59318
0.458549
-1.10822
-0.571014
-1.12628
1.74005
0.232432
0.0042203
2.60252
-23.1372
1.54164
0.704165
0.550772
-1.01942
1.63101
1.66777
-0.0950419
-4.32254
0.62304
-23.7072
-0.388965
-3.29523
-0.0894982
-0.0611199
0.482635
3.58821
-0.217166
0.220999
1.91969
-1.53603
-0.355908
-8.74172
2.21075
0.179767
0.232823
-0.943649
1.40014
-1.14663
-0.0499302
-2.9697
1.29322
-0.119898
-0.145169
-0.0722928
1.43694
0.780706
-0.0868828
-0.528081
0.00146992
3.49622
-0.864313
-0.892294
0.0840586
-0.907876
0.174796
0.299295
-2.04532
2.27602
0.138393
-1.99475
0.657138
-1.06939
-1.2975
0.646325
-1.03468
-63.3892
-128.47
-5.92081
-206.94
-0.536182
-0.566597
-1.88482
0.32781
-0.133274
1.11813
-0.782674
3.90467
-0.665691
-0.696752
0.868941
-0.302654
0.199819
2.86059
-9.05053
-0.917459
-0.456952
-1.07703
0.282659
0.962603
-0.602678
-1.30597
-52.4784
-0.903827
2.30838
-4.27227
8.89487
-1.68434
0.753406
0.121
-1.74294
0.606716
-1.58505
0.608896
-1.63526
0.167228
2.35853
-15.0261
-4.73279
1.21967
0.961262
-0.88874
-0.356871
0.765337
0.444244
-0.693381
-0.648448
-0.364641
2.10905
-3.05231
0.916736
0.972124
2.02088
5.27312
9.2696
0.766299
-1.37825
-2.44055
32.6547
-0.877837
-0.452114
-1.86949
-1.90786
-0.968446
-4.70857
23.0584
-1.67427
1.61766
-1.73512
0.787901
-0.764266
0.594497
1.2996
-0.307238
0.196327
-4.24748
6.64215
-1.46775
-1.16416
-0.740962
-3.38863
-0.664534
-0.497073
-0.438676
12.3694
-0.11996
-0.505733
-2.3943
-0.608103
2.75069
-20.6591
-0.891366
-3.99739
0.743069
-0.00215595
-0.050022
0.235036
0.937913
0.845583
0.481186
-0.411677
-0.0787515
0.104912
-0.0236283
-1.10672
-2.73442
0.890449
1.50973
-0.149615
6.51111
-5.67777
7.19873
-0.126611
-10.2669
-0.185974
-5.50026
-0.921699
-0.347684
-0.309517
2.79445
-2.50627
1.08634
-3.61318
0.155766
4.40136
-0.346434
-1.50871
-0.379594
-1.12858
2.57143
-0.201524
0.160378
0.129858
-0.659145
23.6169
3.94687
1.40086
0.302461
0.955122
-0.870541
0.942015
0.496765
0.358732
0.515134
4.89685
0.98917
-1.22927
-0.183936
-0.4382
1.24315
-1.26187
-0.280838
0.339203
-1.41763
1.54122
-2.35722
1.25371
2.82849
-9.69139
0.0757316
-3.91721
1.37205
1.26345
1.46508
0.27262
-1.56
-9.3397
0.225584
-1.25386
0.109312
0.0224134
-2.64845
-0.450141
16.6456
1.29001
0.0196731
2.88442
0.379593
0.060046
5.94024
27.4726
-0.0664804
-2.0972
-0.16
2.69762
0.291542
-0.716865
-29.8357
-0.764788
15.7683
1.22573
0.143218
-8.39332
0.942915
-0.531843
7.84976
0.435663
2.5219
1.41242
-1.4831
-0.856118
14.3264
-0.475633
0.0654828
1.23767
-0.348192
-0.185981
1.16586
-0.917355
0.800358
-3.14226
-6.83258
1.26618
-0.645656
1.1437
4.72158
0.658418
3.75498
-1.84384
7.93092
-5.84344
1.50136
6.69291
10.6747
-3.54099
0.711683
-0.387988
0.0847826
1.14999
-0.671774
0.943898
2.37481
-6.04362
-0.270876
-8.44021
-0.902091
-18.1125
-1.13046
-0.145511
3.29508
-82.1398
-0.733263
1.31619
-1.6843
-0.933909
-1.63615
-0.507192
-0.601244
-0.313472
-9.55504
0.728312
0.526437
-15.833
1.0594
-0.177794
-0.834183
-0.809812
0.977826
2.23609
2.42729
-0.81619
-5.45654
-1.5464
-0.674289
-2.47459
-3.29785
-0.689742
0.785802
-34.8156
-76.8021
-2.42961
-0.362999
2.87032
25.6607
0.282439
-0.940989
0.145638
1.71374
1.00276
0.0031913
1.26946
0.80362
-0.992938
-1.0174
-5.23534
1.63811
3.11152
-0.943008
0.253162
2.09608
1.67341
-1.27113
-0.874895
-0.758597
5.88524
-7.14232
2.54814
0.0695364
-1.30798
0.659455
0.592513
0.911581
1.16109
-0.469362
0.489603
4.53396
0.154099
9.08827
-1.63468
0.668488
4.38862
-2.32
-1.93319
-0.308855
0.264049
-0.604541
0.916807
0.592925
1.78323
0.451378
-0.0738181
-1.85495
-2.43107
0.917911
1.28793
-7.54988
3.92842
1.0298
4.47832
-1.36778
4.68638
-0.912442
0.422926
-0.37928
0.412895
47.7168
-0.553399
4.24289
0.510652
0.00140202
1.16723
-0.716317
3.14597
0.39547
-1.67066
0.547466
-0.0348771
-0.875162
-0.876102
-1.36501
0.0463111
8.0742
-0.0156871
0.511207
0.221811
5.33251
-0.411205
1.07777
0.578417
0.242747
0.10001
0.17369
-0.499278
-0.136963
0.556819
-0.438944
4.8117
0.543664
-1.60623
0.0060643
-0.0677253
-2.11986
0.793615
1.20363
-1.16457
0.179165
-1.00673
-0.625097
-0.00711875
-112.102
0.776945
1.05956
0.26177
1.34223
-0.130521
-0.280252
-0.11376
-5.24349
-6.67898
-0.870003
-11.2527
-0.235649
-2.23843
-3.98024
-1.85745
1.20003
1.88942
-1.8149
-0.364385
2.06258
0.177346
7.61685
1.5702
-0.441013
0.686149
19.2211
17.4278
0.600311
-0.165081
-0.341943
0.757021
-2.07398
-0.82098
2.73625
-0.100692
-1.96175
0.348401
-1.0818
-0.0153149
0.571092
0.946186
-28.103
0.972353
-0.442077
9.06896
0.697825
0.47563
0.90893
-0.431472
15.7526
0.988231
4.12577
-0.123303
-0.423019
-2.29428
0.592685
-0.853439
0.299261
-0.864489
-0.54047
-473.798
0.424939
1.03973
0.199289
5.83749
0.691255
0.128537
-1.38157
0.0706946
0.949241
-12.2867
-0.286331
-1.40698
0.450518
-3.78417
19.7736
0.73424
-0.640198
-2.59015
-1.46239
-3.99664
0.20902
1.05564
0.0555195
-1.54772
0.195605
2.92357
19.6631
-0.395356
25.4829
-1.14786
0.333473
-0.385178
1.52974
5.17024
-0.580317
-1.95283
1.17734
-24.5639
-0.818717
2.60661
5.1405
1.09541
4.4245
-0.805493
5.81915
-0.138723
1.27073
-1.35403
0.485376
8.45661
0.511459
0.624018
-8.93439
-0.653528
2.17562
-0.509479
-41.5498
2.0666
1.25321
0.713397
13.8563
0.0348044
0.675516
8.05407
1.45705
-0.205974
-4.30768
1.12767
1.14733
0.377534
-1.82174
-10.1841
-0.89244
1.55376
2.28294
1.2048
-1.76018
-3.92307
0.495963
-0.650698
-2.43939
-0.728428
-0.234449
0.566896
1.71889
2.71894
1.24907
-0.79198
0.971778
-2.11415
1.75822
-4.89537
-0.475199
-0.545568
-2.94736
-1.3201
-1.1244
0.655439
0.715716
-1.04723
-0.138647
-15.7249
0.19717
-0.46276
-3.6002
-2.35774
-3.55435
0.268496
0.0969813
0.348171
-1.10505
1.05369
-1.60369
-0.684528
0.794563
4.53168
1.0343
-1.4047
0.0282092
0.663569
-1.30629
-0.9617
0.206656
1.23118
-0.652268
-17.1333
-1.35302
-0.0434434
3.66697
2.81422
0.204559
3.65296
-0.168496
-10.2379
48.4492
0.11912
0.397415
-0.785265
35.0662
-0.371079
-1.0311
1.28875
0.0166373
-5.54455
0.322174
-1.63832
0.17914
-4.10113
-3.9817
-1.84972
-1.11587
0.354924
-8.99574
16.4021
-2.62581
2.57771
0.512287
7.96553
-0.706768
-0.266259
-8.06263
0.55185
-24.0049
0.196602
-0.0324624
0.0645112
1.60521
0.0515927
-0.390929
0.98917
-16.1158
1.21183
0.962111
-2.0787
-1.43453
0.227297
-1.55755
0.55806
0.819222
-0.302664
1.01579
-4.21415
-0.0780712
1.32831
1.86157
-2.36062
-11.9581
-0.61047
1.9954
-1.05846
-0.60156
1.32977
19.4112
1.12327
-0.664862
-2.60332
-0.593371
-2.23969
0.472821
-0.310935
-8.30638
-0.338582
-0.804399
1.47343
-0.674747
0.362657
-0.576053
0.254174
0.155699
-0.588217
-0.16205
0.449488
0.709731
-3.30341
-1.39238
-0.703788
6.7422
-1.39691
0.212881
-1.76625
-183.516
0.485892
6.20314
-3.41593
2.8732
-4.82989
-528.633
0.296453
-1.71354
0.971242
2.87346
-2.3892
1.02066
0.0800348
-0.5093
15.0013
-12.08
-0.992916
1.41491
-0.205437
-1.35864
-0.407101
-2.01078
-0.868764
-1.67266
3.85459
0.725735
-0.0790641
-3.71986
3.55018
0.832068
0.450877
0.0431731
-1.21759
-0.80752
0.0660597
6.79824
0.0282469
0.392374
-1.44037
0.762317
0.619449
1.27819
3.88861
15.2823
-1.51163
-1.70234
0.684827
-6.55652
3.85699
3.01647
1.37021
1.14653
-2.75035
4.2014
0.829114
-1.04535
1.20976
-0.813775
-1.43964
-281.404
0.433819
1.57521
-1.32914
0.784246
-0.520255
-3.41895
0.656339
-0.416138
-0.563283
2.07399
0.444749
1.19588
0.583745
-0.0784885
0.494103
0.804314
3.71386
-1.79566
-2.02701
-1.10596
8.63652
3.5884
4.72179
-0.0392133
-4.66873
-4.24502
-6.17793
-0.602478
0.545955
0.702781
-0.00506307
-2.24211
0.490162
1.59362
0.196257
-1.05753
-0.650026
0.00302435
1.15696
-3.4799
-0.459734
-3.70392
0.456938
0.181358
0.371017
-0.0147248
4.00891
-1.15245
2.10194
-0.171433
0.601261
-3.24386
4.27287
1.12526
-4.24447
2.01528
0.974641
-0.272057
-0.0360233
1.64479
1.19419
-0.524169
-0.0102613
-2.06683
-0.435877
-1.07152
0.137858
-0.644274
-0.322236
-0.878055
-0.51989
-1.81872
-0.275706
-0.802615
0.477604
-0.449264
-6.97427
0.040149
-4.16268
-1.17569
-0.950028
-1.24863
0.0386239
-3.49262
-0.945662
0.475575
2.24744
0.113818
29.8231
0.223944
0.266364
1.87569
-0.541306
-0.752469
0.327444
-0.117166
-0.333595
0.815233
-13.3289
1.49666
-0.157111
0.174306
0.677937
3.03192
2.99327
-0.350963
0.726834
-5.3547
-0.368062
-0.673399
3.61849
0.000875643
-0.535718
-0.917806
-6.63735
-1.03362
-9.83547
0.431625
2.55775
-0.112522
29.4812
-2.81846
-3.88221
66.0828
0.126134
-36.6003
-3.55713
1.27968
-0.141163
-0.931495
0.899956
-1.67928
28.6096
-1.30989
0.836959
0.698651
-0.0111082
-15.5344
0.210509
142.25
7.36325
-4.5482
-0.61131
-9.06873
0.293389
0.563593
-0.0860926
-2.32271
0.588055
-0.193981
-1.49851
-2.14559
4.34309
0.356012
-0.0371262
-0.759747
1.41168
3.17013
13.3909
0.125867
-1.14405
-2.91261
-10.1758
-1.68572
1.55007
0.334655
-0.0126528
0.17274
-44.2978
0.29394
24.2101
0.356118
0.864093
3.21295
0.654432
0.176534
-0.42883
0.273864
3.54532
-2.04743
0.614107
-3.45046
-54.6898
-1.91639
-0.98501
0.36278
-0.566083
-2.33453
-0.608869
0.491056
-1.13393
-0.863871
-4.0438
-1.06775
0.399619
0.0370414
-2.33963
16.9094
-0.971819
-0.480597
-0.721207
2.20726
-1.5226
0.0901985
1.93966
0.708045
-3.37369
0.190513
15.0211
-0.876123
22.6888
-1.7795
-0.3929
0.511273
-0.223173
4.18812
0.257625
-0.101622
-2.29353
-0.5803
1.73071
-1.05788
-0.868895
-4.94777
0.43505
0.254377
-1.27936
-1.01432
-2.42282
-0.640803
-5.14415
1.50202
-0.243887
2.23728
0.116018
-0.572647
4.45095
-1.58002
-0.236114
1.37449
-6.96079
-1.89554
1.51743
-0.00341815
0.680547
45.47
-1.23855
0.476567
-1.0678
-3.13989
-36.5586
-0.617664
0.396299
2.67741
1.66618
1.84308
-0.896235
1.2401
-2.49361
-6.73766
-1.99681
0.820286
-238.642
-2.17847
1.64104
-1.28535
-0.170167
2.15546
-4.4208
-0.677303
-1.20456
-1.1622
-0.575981
-2.33234
-0.0757346
-1.24132
1.80624
0.231408
0.486433
-0.29493
-0.188022
0.449194
-3.848
-0.528125
1.79959
0.316089
-3.74406
0.707038
-0.0747411
0.856407
1.74366
-0.756505
-0.654902
-0.59618
6.91112
-0.208221
0.857902
1.63463
-0.274422
-2.87797
0.54748
3.33259
-0.485062
-0.343393
3.70827
8.842
3.20288
1.12827
-1.82993
-1.14106
-0.160903
0.395704
-3.79199
10.9091
-0.0749643
1.24042
-6.80606
0.374551
-1.74983
-2.27819
-3.05472
0.33784
-0.0249097
-12.6721
0.566071
1.20746
4.75067
1.34392
0.349819
-4.2428
-0.705851
0.795766
4.00595
0.205537
0.253222
-0.58105
0.916038
2.35557
-1.12454
21.2883
1.98431
-20.9987
1.62176
0.0943791
-1.50648
-1.28682
-4.0295
0.249751
-23.7359
0.236215
5.63457
-0.751573
-0.106203
0.784975
-0.553244
0.730848
1.38112
-1.9909
-220.926
-2.96669
1.92601
-0.856214
1.36462
-5.88437
-1.10297
1.83349
1.74407
2.22127
0.160814
-1.20111
0.265818
-0.412153
1.106
-7.19122
-0.0293286
-7.60412
11.9326
-40.0084
6.93581
0.767953
1.24575
-0.119792
-1.9307
-1.89825
-0.357204
1.94437
-2.79881
1.50528
-5.02413
-0.181681
0.980576
0.143551
-0.0610837
0.401196
-5.47011
2.50837
-1.48613
0.827902
-0.243623
-0.301398
-0.949014
-0.336966
-0.695414
1.28306
-1.45938
-0.458763
1.85164
0.743349
0.194423
1.5253
-0.0269612
1.20322
-116.439
-0.573746
1.6446
0.494025
-4.06335
-0.392478
-0.476873
-0.591747
-1.52248
0.376401
-0.540873
1.9246
-3.41985
-0.00149871
0.214727
0.243269
-0.260725
-0.533557
17.6382
-1.31315
0.348906
1.50868
0.539972
-0.331495
0.50719
1.97202
-1.85836
3.8022
-0.708417
-15.0513
-1.28686
0.636971
-0.0423502
1.49102
-4.57526
1.1929
2.71713
6.58045
0.956969
11.8898
-0.0771299
-3.45998
-1.76814
-1.28871
1.82385
-1.35988
-1.50401
41.241
-1.52125
-14.6346
-0.872799
-4.90656
-0.793298
-4.15617
3.98985
-15.8346
0.731727
-2.21142
2.53093
-0.46403
1.06575
38.672
-0.781738
-0.552176
-4.54819
-0.499043
-2.32417
0.706056
-51.4116
1.83625
-1.0417
-0.562031
-0.00855366
1.63632
22.9181
7.57676
0.439593
-7.31911
-0.366991
2.10339
0.79514
0.0323806
1.39539
-0.0203504
-0.309249
-0.831412
26.3974
1.19193
1.04302
0.123727
14.2066
0.374502
-0.749553
-33.7481
1.16655
0.179271
0.686382
-0.764433
1.45551
0.774259
12.8329
10.7672
-0.579448
1.78029
-0.939917
2.81905
0.966268
3.16536
-0.328243
2.37315
0.693397
1.30709
-0.741272
0.221245
-0.903356
-0.459731
-0.538357
-0.0768934
-0.456697
-3.3186
2.96239
-6.94207
-0.471629
-3113.31
-0.654391
-2.80501
-0.021314
4.34143
1.04898
0.556128
-1.60224
-0.81285
-2.46494
0.188024
-3.41416
-0.00149001
3.7774
0.231642
2.30438
-0.287034
0.108416
23.1501
-0.703541
2.66663
-1.98235
1.28024
1.35475
18.8204
217.693
-0.882541
0.460293
-17.8885
0.71341
-0.786598
-0.413524
0.47805
-2.1958
1.50624
0.526266
2.02491
0.956759
1.17927
0.410371
14.8074
2.26874
-0.230599
-0.922179
0.26945
13.3458
62.5984
-1.45895
-1.45874
-0.166678
-0.214215
4.84375
2.66896
-15.7293
0.686424
-6.41945
0.56504
-0.298764
0.244732
-0.37716
3.05928
-4.55339
0.203769
-0.41308
0.838124
-0.0607935
1.11587
-1.97863
0.443458
-4.90396
0.322955
-1.26879
-0.427185
3.50347
6.40161
-0.904318
-7.49859
-48.3861
-0.838415
-0.281497
1.24536
-0.958589
0.858411
1.64608
6.7864
0.229304
-2.87995
-3.4038
0.866877
1.00366
0.0620852
0.074404
-0.379635
-3.21546
2.37634
-0.515297
7.39771
0.379875
-0.884305
0.147319
0.474519
-1.3374
2.51485
-0.433969
3.75697
-0.687553
0.531725
-2.17096
1.52619
2.25556
-1.31787
-1.88116
1.13716
0.375209
6.01938
10.0228
-25.5521
0.00960629
1.55916
-2.33613
22.6726
0.950529
-0.0498499
-2.86764
1.03992
2.77586
13.5699
0.415796
-0.807588
-2.65195
0.740408
1.23885
0.322181
-3.11995
-5.32
2.70608
1.23932
-0.249545
-0.0840035
-0.221278
8.65177
-0.211918
-0.224827
0.239857
0.640533
0.5612
-0.969643
0.0410473
0.652361
-0.186632
-0.0318292
-7.34124
0.625134
-0.319392
-0.670789
0.222348
0.35638
-0.168362
-0.0599687
0.524548
1.02017
-0.943849
2.19877
0.161291
4.13019
1.17058
7.7609
-1.02261
0.489526
1.09644
0.451666
-5.61094
0.444147
1.76631
-1.58202
0.141346
0.433273
-2.39272
1.22343
-0.391568
1.43314
0.279454
2.04465
0.990271
2.22086
-1.29162
0.509548
-0.269535
2.09847
0.0459642
5.85965
1.87706
0.467741
-4.6121
-1.46143
-0.425025
-1.71899
-0.976903
-1.0931
-0.929486
-0.216911
0.80479
-1.22535
-4.69382
2.14475
-1.33005
0.0526054
-0.280154
0.496679
0.0994067
5.41469
-4.71927
0.125019
-2.60479
-1.46831
-0.422989
-0.756777
0.485954
-0.174559
-0.496955
-3.53238
-0.105118
-19.6041
-0.0442837
1.03702
8.55257
2.72804
-0.388647
0.121194
0.755702
0.36276
-6.90792
-6.35243
-2.35706
-0.552309
-0.360975
-1.2616
4.17153
-3.15324
-0.597086
0.862579
0.212487
-2.36069
0.448627
-5.23137
-0.523142
-5.79858
-0.958932
0.782298
-3.07972
0.279182
2.29055
-1.13596
-1.52644
0.233496
0.898354
21.5998
-4.76337
6.51675
1.35145
0.042337
2.28056
2.41653
-0.751041
-6.25661
1.49149
-1921.19
0.00777062
-0.94217
-0.345113
-0.109444
-2.18005
0.289768
0.213206
1.46617
3.68905
1.76267
0.507427
-0.700953
1.17065
0.507177
-1.43313
0.726064
-0.952676
0.271962
6.06476
3.62846
0.552292
-16.9973
-2.34532
-3.39498
-3.75213
0.105893
0.809711
0.577558
2.88659
-0.876846
3.37357
0.24043
-5.72186
2.62898
-0.753746
2.18037
1.90976
-1.94065
-2.17121
-9.57982
2.9981
-0.0292639
-2.25268
-0.362221
13.0696
0.568997
-0.161607
-3.65223
-3.48379
-1.6459
-0.582869
7.04695
-0.35254
-0.697572
-3.27035
0.16636
1.52263
1.24522
-0.339225
-15.219
1.83524
-0.227592
-2.17881
6.70585
-0.199846
-0.208622
-0.441933
0.235909
0.575845
0.739205
3.33507
-0.660113
-0.697114
-0.968779
-4.21005
3.16551
-7.62099
-7.65924
-0.456882
1.44017
-2.46743
-0.221524
-2.69127
-0.15373
-0.746898
-1.22297
-0.741616
1.7631
-1.07993
-4.79966
-0.290089
0.700459
-0.0132569
0.640434
4.77106
-0.617053
-0.771995
0.734468
0.726668
1.20677
0.370355
1.39775
-0.268596
4.68345
-0.364873
-1039.96
-2.71108
-0.231585
0.226146
6.99224
2.17695
4.55956
0.585847
-1.16926
-1.54488
-1.00595
-0.984359
-0.261202
-0.802238
-0.659029
0.0512832
0.945327
-4.57782
-0.917851
-2.07989
-2.05924
-0.0949051
0.386365
9.74679
0.943079
0.0473231
6.11783
0.66929
2.53927
-2.20226
0.417867
2.70207
2.14056
-1.37936
0.479357
0.629223
-3.21288
-2.2442
3.51791
-0.347852
-1.15783
-0.100981
0.173086
47.2043
-0.165
-0.79931
1.01141
0.656066
1.23046
-1.47548
58.5323
2.51765
-0.432338
0.152028
0.273417
4.63259
0.0785518
-0.0858597
0.93919
0.415127
0.165743
0.392081
0.621721
-1.28481
-0.18555
-0.685503
0.741391
3.86608
1.04581
1.81479
-2.45343
0.222242
0.328474
2.13469
-1.13218
0.0228579
0.0543305
-0.737298
0.802763
-0.776244
2.86218
-4.90101
-0.0368018
1.62314
1.31094
-0.357809
0.111667
-2.72737
-0.201413
-0.0691159
-0.193339
-1.28158
0.478406
1.28223
-0.301912
1.37376
0.363769
3.06568
3.10066
-11.5814
-0.405584
0.851198
0.138824
1.1543
-7.18281
-1.89817
-2.70624
0.0639546
0.0445687
1.57673
2.79836
0.87706
0.811252
0.609535
-3.1313
0.473226
-2.41916
-0.708481
0.804287
-1.49236
0.303633
90.2728
3.44846
-1.69313
3.89252
-0.48459
-5.29562
0.676934
2.54832
-2.06619
0.290561
-0.0617531
0.160462
0.295299
0.281759
-14.0193
-1.93789
30.104
-0.494325
-7.29215
-1.21926
-1.29818
-0.757135
-0.798851
-2.12863
-1.66478
-2.47102
-0.368723
0.847264
-1.15648
-0.545537
1.77576
-26.2095
2.47346
-4.1659
0.415729
0.153106
-0.437388
-3.43901
-0.911915
-0.427315
3.21819
-0.34928
2.56221
-0.0197452
0.593611
-3.82091
-0.432574
-2.41392
1.42038
1.26464
37.5678
0.883751
0.599716
-0.396046
2.05456
0.591439
0.378888
1.10995
0.658802
3.60076
-1.75694
-0.857834
3.58464
0.339205
0.665269
3.68493
-2.33821
-1.06868
2.97094
1.93536
-1.26678
-0.462006
-0.0701534
0.614743
-1.78153
12.8096
-0.445329
-0.338847
4.38222
1.49256
1.36084
-0.657443
2.37805
-2.86672
2.86716
-5.82111
-0.408951
3.38141
7.87126
2.62402
-1.33127
-0.876071
0.00541322
-0.500274
0.261576
-24.2603
0.138222
427.482
-0.95476
-2.43945
1.95008
0.553688
0.593256
-0.224275
-3.43291
-0.743399
0.352228
0.754465
-0.358293
0.824102
-0.500361
-3.65575
2.92758
-0.62701
0.158981
-1.26978
-0.770189
0.246708
5.4642
-2.96254
-0.670568
-0.0414871
-0.0761607
2.28987
-1.37466
-0.463509
-0.367474
-0.806748
-0.0954376
0.0845598
1.2571
-0.59061
4.09624
-0.658516
0.213142
-1.6866
-1.92488
0.44203
0.705445
-1.48155
-0.866652
-0.0525708
1.05353
0.168843
0.847733
-2.80408
-4.7085
1.1941
3.42535
-0.42952
0.406677
1.31022
-0.199271
-10.5158
-22.3268
-0.0471707
2.53161
0.563179
-0.807909
-0.437084
-1.04698
3.27336
-0.236509
-0.85093
0.673226
4.78021
-1.80561
0.028695
-0.863147
2.37985
1.09493
-9.44636
-0.935459
4.88107
-3.26794
0.371175
0.321744
-0.492763
0.158655
0.604344
5.39726
0.84787
11.3994
0.0872227
0.0870235
-0.0882715
1.15856
1.11905
1.2339
-0.116053
0.287674
-0.0944525
1.06204
1.88196
-2.20408
0.578595
1.35476
-0.924961
1.17248
0.30782
-10.5076
0.30171
-0.0121347
0.859324
0.317453
2.17158
6.76883
1.72603
0.0449032
0.301649
-1.55705
-0.374922
2.67498
-0.352132
-1.10153
0.681315
-1.16994
-2.9469
3.51167
-0.448179
0.386843
0.911896
3.25362
-1.22737
3.3142
11.9351
-488.183
-1.2605
-0.555983
-0.57088
0.846774
-0.817902
-0.00639853
0.304075
-1.20516
2.20221
-1.50433
-0.131821
1.68908
0.606958
-2.1196
0.859815
-1.08446
0.814367
-0.563322
-3.03361
-1.01994
-0.363419
3.27396
-1.84346
2.60329
-19.4584
-0.788206
1.28506
10.2088
0.651723
5.0868
21.7904
0.661722
-6.34638
-0.663439
0.180627
-0.203617
-1.42752
0.111274
-14.3817
-7.92829
2.01311
0.446168
-0.53627
1.64493
0.14828
1.72579
0.14591
-1.40012
0.659257
-0.30949
5.73576
-9.44582
-0.176456
-1.21926
-1.53054
1.92201
0.310082
0.0167445
-0.0327463
-0.137905
-1.11246
-0.463392
-0.711838
-0.137002
2.31255
-0.979999
-1.6201
1.18596
-0.385953
1.67687
1.06319
1.17065
-5.28847
0.619806
0.892506
1.37804
-1.31492
0.498411
-0.760629
4.53278
0.462889
1.15377
0.649648
-3.08942
-0.126085
2.65854
-1.3503
-0.329649
-2.29519
-0.801265
-2.53566
0.872276
-1.30839
-0.578144
-0.894626
1.12623
1.16087
8.43953
-1.89596
0.191834
0.187637
0.704931
-3.50791
0.878076
-0.228249
103.608
0.982742
8.04068
-0.0613778
-0.466081
-1.14512
5.68307
0.255724
-0.378924
5.14377
-0.266261
15.3414
1.03361
0.438273
0.389924
1.14043
-0.635255
3.0196
0.07219
-0.157505
0.180166
1.99347
-0.214441
1.58185
-0.324941
-0.192525
-0.945795
4.08382
0.47793
0.419348
-0.848624
0.198524
-0.283399
2.64486
3.30477
-0.587563
0.0178317
-1.09141
0.757748
0.767948
1.09559
-0.769656
-2.83597
0.867495
-2.5554
18.4589
-0.175996
0.830767
-1.04676
-2.09185
0.301776
0.553977
0.708218
2.97072
-0.532803
-0.73202
0.681052
0.440137
3.42599
0.239263
0.646522
0.125744
-0.92165
-0.952877
-0.149796
0.416937
-2.71343
-0.942327
-0.314532
-0.177545
-8.40531
-1.78284
10.6431
-0.880199
1.58716
5.31408
-0.828155
-0.558714
-0.456389
-2.22502
1.12446
-4.08224
-0.775119
0.297204
-0.771048
2.30597
1.26719
0.738974
-0.889848
-5.8034
-1.25588
0.0183275
-0.272209
-11.8504
-1.0657
0.0174194
-0.628202
-1.41423
2.10984
-7.55998
-1.26365
2.34797
0.242393
15.8096
-1.57427
-1.01439
1.43439
1.21469
-0.377509
0.297014
-0.249485
10.8941
0.830137
-0.743176
-3.44415
-4.08708
-1.55637
-1.96056
-0.690125
-0.254963
-1.84624
-1.24263
1.73995
-1.49932
2.02808
-4.15014
0.0144605
6.54873
-1.09456
-0.0741016
0.35733
1.38641
25.5794
-3.08239
-0.694767
-0.905173
3.53233
-1.15566
0.643062
1.74675
0.0342323
-0.0818059
0.184146
1.45957
5.06301
2.40254
-4.56694
2.91076
-0.179182
1.73835
-1.88621
-2.19148
-0.39288
0.619327
2.58148
0.910035
-15.31
-0.0184274
10.6715
1.55592
-1.93761
-5.18479
1.67125
-0.270368
0.890058
8.54058
-1.69778
0.240263
2.42268
0.10042
3.05024
0.732263
-37.7867
-0.550609
-0.981368
0.41128
-4.60676
-2.60689
-0.634785
-0.0761845
1.64236
-4.89398
-0.738814
5.13205
0.00348298
-0.675358
0.359626
0.571241
-0.758642
-1.22481
2.00186
-0.801739
2.37128
-0.126206
-0.990758
-0.906424
-0.0845641
-0.899666
0.873361
0.00643506
-0.143068
-0.350211
3.0943
0.567808
-2.87357
0.926187
0.0172973
0.0875691
-1.06458
10.19
-0.634902
-0.207312
0.73549
2.64983
-78.8779
-2.05558
-0.721816
9.91426
-0.793727
-1.10568
0.0431336
2.64408
-1.60554
-0.576507
0.128153
-0.129909
0.306633
-0.678708
-0.544474
0.0901431
3.82493
-0.0521245
1.67573
-0.214446
12.3664
-0.157748
1.15377
0.996289
-2.46044
-0.114274
0.403156
-4.45895
-1.09224
5.93521
0.0761064
0.390122
-1865.24
1.67146
0.289254
0.0981999
-0.837048
-0.454528
1.97987
0.672346
-2.81597
-6.14122
0.0199876
0.385038
0.787598
0.0224945
0.511916
0.940644
2.1006
1.48196
0.824539
-6.21107
1.41746
-4.37409
1.70035
-3.01625
-0.571555
2.29857
2.13417
-0.142915
-1.55718
7.09876
1.28553
1.08878
-1.45792
-4.4135
-2.04334
-0.410028
-0.636039
-1.86075
-0.239071
0.00623849
-3.18437
-0.337465
0.288121
3.95031
-1.38317
0.202843
59.6055
-1.88079
0.91638
2.05954
1.17849
0.746644
0.801494
1.05285
-0.557736
-5.70575
0.86099
-0.74867
-0.312732
3.16062
-0.266912
-1.21705
0.033265
-0.25081
7.55541
3.40593
1.27083
-1.15316
17.4058
32.6776
0.663019
-0.839897
1.9237
-0.245732
0.797856
0.271754
-0.195822
-12.6685
-0.521991
-3.05655
1.08282
0.0129689
0.291086
-3.49161
0.36386
11.7012
-1.21718
-5.06512
-0.0247546
26.2617
0.752929
5.03963
-0.0215977
-1.45906
-1.41789
-1.04263
-15.2006
-86.8776
0.290465
-0.280636
-0.574295
-1.35207
0.167517
0.814997
-2.79189
10.7446
4.78201
67.2165
-3.28193
0.720941
-1.70133
1.45208
-1.3902
1.38395
-0.528483
-1.21961
0.372572
0.0414686
-1.8622
-1.36483
-30.9508
-0.223022
-0.654794
-0.0726344
-0.534755
0.934676
-0.566417
3.01304
2.42845
-20.9178
-1.25804
0.0548774
1.40989
-0.45697
-0.691221
-1.20894
-0.799497
1.45006
1.74817
1.50204
-6.30848
-0.273477
0.0896454
-0.860327
-0.163516
1.4625
-3.15562
-0.315159
-0.358217
0.724964
0.964314
-0.377629
0.918492
1.9109
1.94195
-2.42038
-0.633286
0.706884
-0.317345
-4.53616
1.37031
0.686344
-0.377274
-0.20949
-1.14786
-2.33825
-0.994042
-3.18954
2.12003
-1.02713
-0.634052
-1.258
1.31384
-2.47215
-1.20003
-2.14766
-1.15283
0.620307
0.685792
-2.48291
-1.53907
0.507569
2.76824
-0.553056
-0.260514
0.576575
1.81289
-2.58165
-1.64365
-1.00518
-0.523542
10.9782
-0.236946
0.572966
-0.0013997
1.5248
-2.92581
0.643993
-2.69306
-4.72708
0.508604
-1.33456
1.25717
-0.8088
-1.05468
-0.633754
3.25129
0.297007
1.34987
3.66532
-0.704112
1.39315
0.0892473
0.456898
-0.0516772
-0.482442
0.443925
6.29191
-0.0658811
3.75565
17.3639
-1.72166
0.374662
-0.357635
2.8585
9.1909
-0.469059
3.86513
-9.11611
1.09434
-1.18858
-16.3989
2.4167
0.975375
0.594917
0.191193
-15.2076
1.65096
-1.0689
-0.730924
-0.872947
2.76152
0.436241
-0.0404466
0.603996
0.114848
-0.629418
1.64648
0.459085
1.15586
-1.10802
-0.155695
-17.4408
2.1305
0.558831
-0.994068
0.182608
-1.10762
-6.24419
2.12623
-0.462205
-0.798829
-0.212139
-5.50622
-6.54128
-4.93786
-0.354647
0.847496
-1.5562
2.58341
-9.66619
-0.496035
63.0931
0.0570362
0.682053
-0.284247
0.673278
-0.47303
-0.808513
0.0968409
0.149868
0.24331
-0.517634
-179.225
0.234933
-0.852984
23.5157
0.723417
-0.806171
0.545399
4.94786
-0.999381
-34.3723
0.0792366
1.47376
1.41844
0.659114
4.93134
0.562259
-0.204738
-0.449091
0.293408
-0.329846
-0.999427
26.3806
-1.51425
-0.842727
-0.0966811
-0.83905
2.24798
1.18153
0.845771
1.74907
-0.0926508
-1.13921
0.979915
0.799795
0.435344
0.531882
0.821513
-0.722347
0.386848
1.4274
-1.02575
0.0197038
3.80776
-4.42597
70.2406
1.78827
0.476961
-1.38216
-0.610652
-0.274823
0.695655
3.80739
2.62818
-0.109317
2.21052
-8.87715
0.257732
-0.844484
-0.852988
-0.234738
12.6285
-2.1253
0.0292021
0.807184
5.49587
61.9211
21.2849
-0.49529
-0.921722
0.42569
-11.8457
-2.21349
31.5809
-1.23246
-0.236531
1.25967
-0.580447
-0.184313
-0.590666
1.35706
-2.37848
-0.232622
0.643586
1.49889
0.232095
-0.24401
-0.161558
-1.64187
7.80169
2.0222
-6.89906
-8.65472
1.3191
-0.286337
3.66174
-1.14516
1.07489
-2.91783
0.474368
4.47327
3.57865
-4.14567
-0.293798
-0.0122654
-0.155447
1.06024
-0.0186702
-0.546706
0.395367
-0.0212407
2.13892
1.4359
8.11464
-0.944638
-1.02533
-2.49422
-3.14525
-0.727123
-0.73488
1.44142
-0.825791
-0.316475
1.06358
1.34739
-15.2181
-0.470059
-0.866815
1.38901
1.15852
-0.0828368
-0.37311
-0.134192
-5.10144
1.47083
0.57455
-3.526
0.56471
0.401086
0.308034
0.490999
-1.70722
-8.75708
-3.17176
11.8316
1.13937
-0.0983272
-5.58699
2.74467
1.19325
0.718015
48.6471
4.63179
0.93175
-2.30823
-3.90874
1.03349
306.892
-1.06922
0.633206
-238.517
-3.96625
1.46756
0.225552
1.35981
0.37725
-0.014265
0.20677
-0.300911
-0.446834
11.7716
-0.474687
0.373054
-0.070385
14.2475
0.571025
0.633069
3.0754
0.774726
2.64689
-0.472722
0.179106
-1.46799
-0.712669
-7.57332
-21.3171
-0.540107
1.34798
0.145292
0.0370198
5.24056
2.12433
0.85635
-3.52379
0.296017
-18.02
0.618899
-1.18423
-644.391
4.83761
-6.67536
-8.70492
0.600118
-0.789614
-0.348351
-1.51676
0.823954
-1.6847
0.177468
1.61779
0.212828
-5.20996
-1.57405
-2.55696
-1.53723
-0.472287
-0.460295
-2.24672
-0.250442
8.88158
-0.417645
0.000412641
-0.292954
-1.08555
2.60162
6.47243
0.00831164
1.16304
-0.93427
-9.76958
0.624781
0.242684
0.452257
-0.60923
-0.105358
-5.7185
-0.489819
-0.736816
0.361989
2.4928
-0.0659137
-12.0626
1.78766
-0.946389
0.361314
-10.5039
2.12992
-6.44112
0.901131
-1.19642
0.010489
-2.61068
-0.940553
0.157785
-0.364116
10.0354
8.22307
0.447436
1.46702
0.694299
-0.980784
7.71935
-1.26013
2.40219
2.928
2.86681
-0.352269
-0.332085
1.82391
0.664834
-1.19699
2.02505
6.92898
-11.7691
-0.93147
0.439862
0.9401
3.03538
-1.49731
0.355619
-2.72911
-1.71617
1.86309
0.235823
0.123637
-1.91374
-0.0852059
5.40797
-0.088397
0.484007
0.670747
2.06566
-0.0468542
-0.0356079
-6.67051
-2.18697
1.96659
0.453218
-0.453591
0.272562
0.577959
2.20311
-0.200085
0.197064
2.51098
0.174942
0.678741
-0.881077
0.807769
0.188865
92.9266
-0.197479
0.804013
-1.61668
2.64707
1.73946
0.409409
0.967197
-0.0399622
0.887319
-0.819761
-0.31526
-0.0215651
1.67645
-13.4321
340.947
-0.462146
0.417256
-1.91067
-0.644047
9.58587
-0.0728356
-0.357235
-10.6942
-0.430487
4.46682
0.681618
2.37956
0.759519
-205.25
13.0431
-0.805065
-2.23379
-2.56143
1.34494
-1.20248
-15.8768
-6.43414
-18.8506
0.0268721
-1.49097
0.0427299
1.63443
-0.866811
12.4979
1.0065
1.23333
0.342628
0.488565
-0.652538
0.17037
0.332102
-0.209462
-1.65092
-0.597995
-0.364423
-3.15302
2.3243
2.85057
-1.00561
0.681191
0.0868064
-0.0407607
-22.7568
0.63984
0.497177
-6.74742
-0.332102
-7.37503
0.285125
0.287245
8.24233
-0.820721
6.20549
-1.34922
-1.18763
-0.197166
-0.891367
0.493418
0.088134
1.53027
-0.499084
-0.0209828
-0.085666
1.70227
-1.05468
-0.573155
0.990411
-1.27632
-0.903301
11.2699
0.23893
-0.625636
2.88065
-945.744
0.374872
-1.02673
2.4573
0.465381
-1.60233
-0.711945
0.666772
-2.78033
-0.68825
1.08053
-17.0463
-1.84965
-1.9509
1.98078
-0.756579
-3.42061
26.5438
4.60186
-1.15615
1.8053
-4.97765
-0.240733
0.10696
-0.558802
-0.383116
-1.40558
-0.283334
0.680935
-2.20254
0.128064
-0.743025
-0.708884
-1.89861
-0.62276
-1.64524
2.95096
0.166372
0.161968
-1.55903
-8.14507
0.220557
0.244031
1.62848
5.00616
1.96522
2.932
0.357791
-0.600458
0.39688
-0.138707
0.54856
0.9708
2.47707
-0.960017
0.294071
0.460008
-1.60684
0.416156
4.1011
1.09488
0.088488
5.32771
-1.15242
-0.0360602
-1.28446
0.856531
-0.836266
0.324815
-3.62073
-0.0608703
-0.594878
0.234361
-0.0497958
0.316304
-0.499046
-8.2097
0.419282
8.44527
-0.722789
5.71793
-0.27665
-3.08307
-1.41049
0.513966
-0.270885
3.2058
0.433144
6.6079
-9.02792
-1.66643
-2.98324
4.20548
0.846401
0.393437
6.4017
-1.19233
-1.45332
-3.52195
-0.386271
4.25023
2.08194
9.16192
0.806859
6.9014
-1.49672
4.55909
-1.44456
1.75937
0.195029
-3.17504
-10.525
-5.58943
-1.62093
-1.10179
0.0413325
-0.294274
-1.47233
-0.186655
-2.53328
-1.11162
0.233038
-0.161508
1.09673
-0.45372
-0.810317
-0.118162
-0.640967
-11.1414
0.676557
-0.200185
-0.266078
-18.9958
-0.68439
38.023
-1.00513
-10.4449
0.537198
0.106212
-1.18516
-3.51254
-0.235272
2.62515
-2.06432
8.88248
0.0493122
2.40233
-0.208805
0.147389
-2.01851
0.310096
5.26056
-1.13823
-4.06115
0.564026
0.0838904
0.178088
0.826575
2.61107
4.02711
0.244889
1.95581
1.7419
0.151263
-1.56452
23.0416
-0.796312
-1.10076
-3.90567
4.94909
-1.91127
-0.976604
-0.562642
-1.03671
-0.819448
0.377979
-0.611042
-0.485329
-1.14566
0.551374
0.55997
-0.0566197
-3.2067
-2.29876
1.51595
0.930203
-3.32406
0.184903
-0.0920848
-36.5019
-184.051
0.255456
13.2611
1.13928
-3.51458
2.62414
0.907574
-1.56281
0.463944
0.135985
2.74972
-2.25724
0.301576
0.438855
-1.61667
-0.00585071
-0.330953
1.64273
1.64287
9.47583
1.61423
-1.32519
6.71995
2.11853
-1.20853
-1.20339
-4.54786
-1.79066
-0.386025
1.29616
-1.75192
-1.02208
-0.889159
-1.88504
-3.77182
4.02791
0.124149
-0.327532
-0.104538
-0.0881365
3.9101
2.10136
-3.42803
-1.53609
-0.767642
1.43476
-0.271873
34.1833
-1.22215
-1.56492
-0.451949
0.0586793
-1.39933
0.158592
2.36982
-14.0007
0.105818
-1.96903
-2.46846
-2.02406
0.558213
0.288735
1.04691
-0.129184
0.124298
0.837333
1.45192
0.289636
3.49083
-5.25148
0.958478
-1.80259
1.36851
-18.8727
1.0462
-0.317333
-1.1701
2.06775
-2.56615
-0.507303
-0.888634
0.189676
0.96596
-1.72467
-1.77819
-0.00589378
4.39934
1.44917
1.67535
1.13415
1.0149
0.923487
-0.0561481
2.6411
1.24684
0.182142
0.285963
-5.88857
-0.185968
-0.555723
-1.09652
-1.72028
-1.0651
0.369497
-2.02073
-0.236549
-0.96013
1.30672
-2.29585
15.114
0.0873617
-1.49539
-1.10342
0.33807
2.2899
0.522653
0.474357
1.01194
0.343446
0.175845
-0.97181
5.11497
0.937974
0.18974
0.235035
1.10843
5.72976
-0.185424
-4.29173
-0.138114
13.1391
0.0219742
1.88718
3.48269
-0.673427
-0.0414302
-2.09144
0.242936
-0.472228
-2.16043
-6.461
4.86014
2.37379
2.96971
0.0525519
1.83169
-0.156229
-0.220511
-4.86315
-1.44154
-0.245235
3.89736
0.487068
-1.45169
21.4837
-0.273391
-0.243971
0.116175
-1.2224
-0.97068
4.97707
4.81546
-0.17977
0.819415
-0.194719
-2.33389
32.6198
2.40382
-4.17709
0.437529
0.362369
2.28269
-1.51062
-0.115155
-5.29318
-2.79831
0.932962
0.486008
-1.1743
-0.644749
-0.494046
2.44988
-2.25328
-4.01862
-8.45712
-33.9762
-0.395801
-1.83849
0.619274
-1.15647
-0.416566
1.23275
-0.9012
0.700994
-0.945443
-0.260255
-1.23662
-0.805239
0.400057
-0.595352
1.7741
-2.69943
6.73382
0.694164
-3.11207
0.497196
-1.06257
1.32961
-1.41453
-12.0309
0.590613
0.585281
-0.123395
0.913173
-8.69259
-0.582469
-0.332936
0.549587
-0.199487
1.91644
-0.513992
0.229044
2.14975
-49.1948
0.277631
16.2481
0.225332
-0.200147
-3.76328
0.506872
-2.39205
1.34875
-2.70202
0.5621
0.371897
-26.9153
-1.40098
-1.02155
-0.863715
-36.401
-1.00546
-0.862792
-1.06502
-4.29836
-0.0504395
80.6892
-0.168286
-2.51905
0.0800933
0.46093
0.632374
-1.81754
2.33798
-0.168005
-4.02221
1.34417
0.331499
-0.996695
0.390084
0.219055
4.0417
0.734492
3.18917
-0.16917
-0.893429
2.9912
-1.04434
-3.11146
0.219246
50.9661
-5.46987
-0.771812
0.58278
-0.29262
-3.06662
0.23924
-0.495609
-0.707067
-0.838975
-0.273469
-1.73709
0.634356
1.24192
-3.18665
5.89022
1.11999
-12.3592
1.08196
-0.362008
0.665003
-3.04057
-1.53954
6.0951
0.885275
-0.47434
-0.33716
4.23888
-0.536923
-0.639671
-5.21461
-2.46982
1.85522
1.03726
0.775815
3.65971
0.00300073
-0.420029
-0.263081
-3.53095
0.199709
1.10547
0.0850133
-0.659643
-0.412133
-0.0375142
5.51449
-1.14536
1.92414
-0.506423
-1.01408
-11.27
-7.72711
0.159597
2.05985
-2.71487
0.532187
-4.36861
-0.549036
-1.00962
-0.11592
1.37166
0.201049
-5.7821
-1.52085
2.99429
0.18973
-0.403048
1.34121
2.84063
-0.665227
0.391511
-0.0615843
-0.602522
-0.703945
0.783161
-0.491344
-1.01317
0.0433458
1.6097
-1.2423
1.06581
-0.0886346
0.633687
1.53924
0.789328
-15.0945
0.312775
-5.76748
0.286747
-4.38481
3.17123
1.10274
-7.61731
-0.548133
0.441326
-12.2199
-0.450824
0.72457
0.144424
0.722028
-0.121932
-1.15022
-1.48921
1.69244
0.145617
0.900662
0.129093
-4.66482
0.550683
0.590593
0.351467
3.13042
1.64859
1.61114
-2.70734
1.26591
5.21274
0.506105
-0.445458
-0.311789
2.09024
3.30302
0.891642
267.422
11.5571
-0.101738
-0.726324
-2.55241
-0.909935
0.150086
-2.31083
0.262185
0.416843
0.736384
-0.658293
-0.258145
-0.751354
4.56889
-0.648172
-2.00992
0.463193
-2.91184
-0.427332
-1.64859
-1.64783
-0.730306
0.596395
1.9622
0.275658
6.23861
1.37528
0.0889803
-0.784796
-57.0042
-2.65256
-0.208689
0.0683032
-0.275717
-2.93876
-4.94428
0.625361
0.818159
-2.24123
-0.224483
5.97817
0.660179
-0.590589
1.15129
33.2339
0.146685
10.5758
-0.468171
-0.525268
-0.287054
1.18502
0.955495
-6.95117
-3.23942
0.683998
-1.24059
-0.279718
-3.30625
-0.389132
-0.917952
-0.168828
0.299725
-12.7553
-1.10379
-0.684104
2.25648
-0.189728
-0.455744
-0.749944
-0.66739
2.15767
-0.606743
1.28492
3.07337
-0.039101
0.0623302
15.5034
0.153722
-2.3877
-2.06131
2.86002
-0.290371
-2.12502
-0.235864
-0.955761
-0.541941
-0.475678
4.87606
-47.4142
8.69651
-0.0821145
-0.59803
-0.370473
-4.26703
1.22598
3.20163
0.29602
-0.597922
-2.5902
-0.168191
4.93397
2.01027
2.54951
1.13919
0.359344
0.834093
0.462667
0.0132009
-5.31141
-0.245195
0.267883
0.839119
1.22603
1.1134
-9.85977
-0.872503
0.0933103
32.8242
-17.9719
1.06976
-1.4374
4.09548
-1.95024
-0.298333
0.359999
-6.1784
0.00452745
1.70543
-0.100093
-0.0420511
0.974235
0.481335
6.28078
2.28504
3.95598
1.71722
1.06163
0.293266
-0.0671665
0.298882
-2.31722
1.08165
16.6211
1.57071
-2.51712
2.33367
0.734863
-2.08659
-1.32034
1.91263
3.83783
-0.541527
-0.0860232
0.378333
-2.80941
-0.167515
0.541505
-1.04466
-1.095
3.62691
-0.543468
-0.466836
-0.176149
-2.40721
-0.0123487
-2.33243
0.853157
-2.0962
1.30418
5.70981
-0.427478
-1.36688
15.3139
-0.986916
0.577539
6.36558
0.266953
39.1913
-0.652582
1.08984
-0.495289
1.0294
-0.268207
1.08399
-0.151009
1.16185
0.486536
-1.83764
-0.542216
-0.761895
1.51648
-0.878246
0.46287
-1.21267
2.24855
1.51379
0.799753
0.0789139
1.82611
0.817197
-0.841173
0.592583
0.885969
0.100396
-1.34966
-5.10746
1.05204
-0.7267
-2.14423
0.771171
-13.5581
-1.12792
-1.04394
4.24139
0.360971
-0.295212
-0.757384
-4.29768
0.732593
0.917223
0.326765
-0.0558394
-0.40064
-9.13234
1.25467
-0.880389
0.154707
-1.08266
1.15561
0.326792
-0.462757
0.434785
-2.34547
-3.73776
18.6664
0.0589612
-0.977223
0.42852
-0.330889
-1.48016
0.0992581
0.380951
1.77435
13.5278
-1.22777
-0.250976
-0.220195
-1.6599
-1.76563
24.7801
40.8989
1.23813
49.1502
-0.540347
0.357335
-1.05089
-0.156546
-2.39338
0.247162
-0.489746
1.35552
0.879064
0.369722
-0.00887667
-0.227129
-0.221734
-3.25194
-0.0460706
0.416903
1.89487
-1.29962
-2.39886
0.0588247
-0.751051
-0.570823
-1.37689
5.13403
1.1835
-1.64694
105.817
0.71097
0.646605
-1.51482
-0.150757
1.64591
-1.8023
0.516236
1.35783
-11.0485
-7.41776
0.245074
-0.53357
0.681783
5.64005
1.17234
1.56896
1.17381
3.6766
0.608314
0.0426228
-1.66781
0.466223
4.92542
-0.18534
2.31493
0.219853
-1.49521
1.04775
-16.6229
1.20132
-0.080843
1.00371
-0.128537
4.33647
-1.73087
1.29064
3.36249
-0.352978
0.918144
0.101829
-0.328915
4.52922
-16.9884
-0.536522
1.63093
-0.291214
-0.106031
-1.92911
-2.46768
-1.02415
0.459418
0.0727869
0.167656
6.94199
-0.748801
0.0505202
-2.46647
-13.685
-0.00639969
0.0409988
-8.94042
-0.347904
0.896633
-0.184389
-0.225506
-10.8419
-0.445935
-0.717671
5.54063
7.49062
-0.019529
-0.544882
4.52155
-2.10993
1.97917
-1.81075
0.421978
0.156183
-0.952302
-2.75741
-2.14872
0.766642
-0.153736
-5.06129
1.56926
-2.21531
-46.8697
0.270929
-3.34447
1.40773
9.4739
-1.95172
4.21151
1.74747
16.1265
1.12527
-0.0678401
1.29537
-1.78671
0.826022
0.173665
-0.138981
8.96607
-0.278439
1.01422
-14.7776
-0.172882
5.23861
-8.16578
1.52504
-2.1049
-1.27172
-4.60742
1.06334
5.67813
1.4536
-2.35759
0.721215
-10.5975
-2.26071
-2.00683
0.656859
2.42968
-0.167886
1.12712
1.27828
-1.43444
-112.353
2.1812
-0.0141466
-0.513428
22.3111
5.32635
-0.932401
-0.696821
0.139765
-0.858382
-0.989322
2.26919
1.28664
2.1857
-2.75657
5.20218
0.170779
-3.02757
-1.94457
0.65586
1.21814
0.281108
0.0538788
39.953
2.51661
-1.11064
-0.265432
2.89633
-61.408
5.97133
1.23856
-5.89942
-1.27654
0.853931
3.52866
0.627779
-0.177911
-1.7588
0.0786743
-1.4367
0.102926
11.6534
5.85877
-0.101931
-0.4253
62.8757
2.10582
0.563477
-0.600376
-0.970437
0.214334
4.66231
-0.902845
-1.05432
-0.366443
1.48771
-0.53867
0.564406
-0.545678
0.734297
-0.159915
0.683822
0.765649
-2.00708
1.5177
0.314589
-0.618893
-0.088979
-1.03435
-4.15138
-4.07263
3.67383
0.582728
-0.224365
0.107856
1.27224
-0.148481
0.0927483
0.828144
1.49158
-1.68278
1.02598
1.31441
-1.78884
-0.165043
-1.55395
-27.2132
0.0561572
35.1516
0.551632
-0.840032
-0.210673
-3.82056
-43.6822
-0.0739115
0.394205
-0.0719753
3.85455
0.257531
-0.724974
7.66903
2.2025
-1.20929
-1.73189
-0.729328
0.436269
-0.284309
1.33794
-0.275834
1.06213
7.71136
0.399416
-0.513323
4.50495
-0.312858
-1.93152
1.03598
1.32171
-0.469062
-0.91039
19.4841
0.544793
0.70094
6.13888
81.6748
34.3374
1.9183
-0.900422
-0.554421
0.193779
-1.62548
0.925338
-0.312466
-0.982613
-0.22422
0.111099
-0.0209625
0.0690849
-0.441293
-0.215938
0.851048
-6.07924
-0.133131
-0.976912
1.22601
0.400502
13.4349
0.500829
3.86577
-2.20298
-0.156281
0.132118
-0.0147086
-0.450345
-2.08565
3.46665
0.548156
0.0526015
-0.38316
-4.11942
0.252228
-0.502916
-0.525613
-1.56011
0.632475
-0.671603
5.93317
0.653847
1.17451
1.598
1.22599
-0.0484475
-0.423641
0.348657
-0.392675
5.19251
3.06402
-3.91722
1.66826
0.304751
0.923006
-0.154041
0.0355507
0.248204
0.417409
0.245102
9.02865
0.718409
6.06156
-0.642381
0.218445
-1.28428
-0.654717
0.393738
-1.43549
0.974704
-0.266261
3.69959
-0.878295
-1.13078
7.88334
-3.22949
0.324773
1.17807
-0.929033
-3.02975
-0.0477845
-5.65162
-0.5722
-0.354384
-0.859941
5.02941
0.167543
1.52254
0.161603
5.33512
2.9953
1.02587
-0.803109
-2.3131
0.494816
-0.174376
-4.94613
-0.185801
1.89187
0.919852
1.7303
-1.17332
-1.0912
1.69194
0.161218
-0.650366
-4.99474
-3.80713
-4.11036
0.625767
0.206479
-1.24275
-3.94298
-1.86241
-0.144667
-0.318781
-0.288152
258.727
-0.176003
3.38198
-0.617536
-0.55881
-0.563334
-0.477614
-0.940848
-31.4812
-0.293273
-2.89719
-2.55755
-14.5949
-1.26212
0.612621
0.194392
-2.44576
-0.276328
-0.231295
2.47789
2.51619
-0.706437
-0.819362
-0.750675
5.44513
-8.0229
-7.89459
0.44846
5.95257
0.855048
-2.03085
-0.24446
-0.268648
-2.40811
4.59983
0.698027
0.325115
-2.06892
5.12476
0.37927
-0.00871415
-1.55078
2.86051
-2.31599
-38.4665
-2.45243
0.210205
-6.38321
1.09252
1.11775
-7.35748
-0.0925115
0.379929
-1.44416
1.40061
-0.111448
1.99771
-0.701533
-0.441028
-8.2237
-1.38249
3.64433
1.2944
-0.268559
0.551132
0.168943
0.496772
-0.333461
2.38222
5.64862
19.8214
-0.162653
-0.773876
-3.68749
-0.358175
-0.531368
-11.2861
-1.56
-0.872224
0.198652
-0.135833
0.955472
7.1798
1.08979
0.460599
0.722691
-0.117644
17.1569
0.710129
-3.82307
2.27546
0.0106675
0.394986
-2.33158
-3.67704
1.09568
-2.64332
-0.976792
0.166224
-1.33707
273.174
0.447582
0.0875725
-0.696698
0.459476
1.0012
-1.75854
0.811629
-0.0302483
-0.0708194
8.29029
-1.40884
0.978101
0.81419
-34.3314
-0.351183
1.68661
0.0441753
-1.96686
-0.876901
0.193249
-0.376161
-2.05372
-2.60048
0.535449
0.660357
-0.670728
39.3423
0.907831
-0.503299
-1.42641
-0.0713846
-3.48986
1.38379
0.0435358
0.114571
-1.79944
-2.2052
-2.18463
3.45844
-1.04503
0.0021106
0.720493
-2.05598
0.848545
0.0476928
2.10788
-4.03863
3.01831
-0.352806
-0.189363
-0.323889
-0.187061
0.692581
0.599637
-6.91865
-0.970542
1.62632
1.05426
-1.66928
-0.903056
-0.657066
0.350562
-2.31171
-0.724097
0.933266
3.79558
3.56412
0.0380992
1.21927
-0.550593
-0.16374
0.614014
-0.351705
-10.2424
16.461
-0.279676
-2.34926
2.08356
-0.307975
-2.64759
0.263692
-0.0730542
-0.10713
0.625084
-5.49487
0.407131
-0.374338
0.180217
-0.991863
0.64516
1.96478
-6.96146
-0.291089
2.70426
19.0522
1.40205
-6.75089
0.42762
0.110379
1.70333
0.127391
-5.45532
-21.6473
-0.906934
0.10816
0.303578
12.7821
-1.17249
0.520776
0.222543
0.030692
1.05447
-0.536192
-3.07878
1.0195
0.768805
-1.44451
0.225254
0.558248
0.148642
0.063687
1.33233
-0.0223556
-0.466078
2.22261
3.11869
0.0643963
5.18557
1.47607
-3.67583
140.699
-7.49899
1.08958
-0.523836
3.1359
0.236631
-0.0852624
0.817274
-0.244156
-0.0578979
-0.203858
3.95723
0.52005
-1.00622
0.149695
-1.04976
0.586356
-2.07387
0.0480346
-4.08131
12.1812
0.481521
-0.995398
-1.01303
-0.137106
-0.356322
1.00375
-2.38668
-7.93087
0.280059
-0.417041
0.595087
1.79294
8.12453
6.16846
5.14294
0.348563
0.639471
-1.5812
-6.75943
-41.8032
-22.3891
-0.219708
16.3063
0.718262
15.834
-0.449191
0.246325
-0.158595
-1.86753
-2.01316
-1.77303
1.31487
-1.12918
-1.56956
-2.34471
-0.0544215
0.760451
0.194786
0.405741
-1.31258
0.769066
0.708761
2.36312
-0.98023
-1.18093
1.94383
0.102345
0.247088
-4.38967
0.494829
-1.8314
-1.65198
1.65231
1.11091
-0.421712
-0.0276952
1.8666
-7.18781
-0.238993
0.481662
-1.32994
2.50285
0.583373
-0.302085
-2.00811
-5.72335
-0.118461
0.799334
-0.504984
0.0581944
-2.13157
-61.5329
-2.97455
-0.773567
-1.51206
-3.33174
-8.58408
-7.68298
-0.129047
-2.96017
8.27085
1.55932
-1.34973
0.117166
1.72893
0.0772095
-0.599242
-2.30771
-0.150703
1.07864
4.04798
-0.479631
-5.14824
-3.10678
-0.0698144
-30.6115
-2.9165
-0.501316
0.863294
-1.06993
-0.0549217
0.250264
-0.494294
-3.78127
-0.514781
1.0258
1.27288
-2.42047
0.989846
7.85097
0.930394
-0.459281
-4.08244
2.16919
0.109582
-0.6657
0.562774
0.879997
-0.471429
-2.10923
-5.53569
0.25307
-0.184907
-0.750385
-1.73024
0.615308
0.51044
-0.159357
-4.69653
1.86069
2.23702
-1.94969
0.301652
-1.95935
-1.05724
-0.000129777
5.43629
2.56608
8.624
0.235552
-1.08649
-0.377763
0.0430566
0.349926
2.23914
1.13156
-0.443898
1.08833
0.126062
0.16219
0.251692
0.150115
-1.86667
-0.110253
-0.870336
0.150805
-0.671453
1.4263
-0.27202
0.356747
0.189595
30.989
1.59513
-2.13865
-0.747694
0.0977813
0.257871
2.47448
0.449024
-0.452251
-0.782062
4.74257
-2.45865
-0.331783
2.30913
0.0101374
-1.65117
-0.745735
-0.242576
0.608081
-1.16149
0.792216
0.461121
1.83958
1.45039
-0.257308
0.191673
-1.64951
0.424413
1.59793
-5.14147
-0.157372
5.21821
-1.60549
0.204536
0.327758
0.632086
-7.13504
0.292268
5.01819
7.93832
-4.04511
0.245963
-5.73404
1.3817
1.31336
-8.78795
0.396141
-0.544587
-1.07413
0.346257
1.9788
-7.43976
-2.56916
-0.674311
1.97747
0.421446
0.613075
0.0202759
0.139399
3.25831
8.95222
0.728338
0.721272
0.322135
1.23212
0.458244
-0.862386
-1.06939
2.91101
0.730304
-0.174408
8.6505
5.8938
0.241261
0.00387175
-0.786569
6.52283
10.2262
-4.89855
1.14046
-6.76495
0.544423
0.486373
6.89575
0.631934
0.755025
0.0193033
-0.038733
20.4753
1.55516
-0.109341
-1.13565
-2.84368
4.01722
-1.58768
-2.53761
-3.85846
-1.33124
-0.343839
-0.421969
0.888822
-0.148979
0.165039
-2.57218
-0.283516
-0.235018
-1.52906
3.04568
-1.58101
-0.63254
-0.91845
3.93204
1.13253
2.01832
-0.0326614
0.880058
-0.447004
-2.93794
0.0152765
3.65149
371.241
-0.247958
-4.35127
5.17868
-0.152004
-0.608972
1.34403
-0.433506
17.6537
0.378424
-0.386429
-0.162622
4.04495
0.116296
0.107989
-0.177706
-0.101486
2.58368
-0.883665
0.918361
0.00504109
1.26728
3.1032
1.02194
-0.545751
0.610979
-0.0633354
-1.70006
-0.130158
-0.181489
2.43302
-1.65129
0.875599
-0.199392
-0.0149765
3.09708
-1.6139
4.89061
-1.67826
0.160991
0.368211
-0.128938
-7.49648
-0.175368
0.136986
7.69996
4.43296
1.56058
-0.766384
-0.830439
-0.487617
-107.386
3.87466
1.87528
49.3245
0.421563
-1.40449
0.0391547
6.95939
-0.314925
-21.6494
-0.256934
-0.188538
-6.14866
-3.45615
-0.334321
-0.703589
-2.8513
-6.16524
0.00613214
3.72706
-1.53485
0.847422
-1.97817
-0.762911
-1.8545
-4.56373
-0.538106
-4.26024
-0.0533462
-0.120786
-0.88453
4.28602
-2.22673
-2.30406
2.09535
-2.43026
0.437997
-1.11249
-0.442721
-2.62085
-0.939981
0.144865
-1.06568
-1.64492
-0.548275
0.115069
0.944447
0.843769
0.317165
-31.4962
0.640161
0.220744
-7.02116
5.58224
123.453
-0.259025
16.2808
1.24345
-0.455375
-9.10806
0.966169
1.0358
-0.678742
-3.81428
1.01561
0.750056
0.287722
1.55259
-0.429316
-3.24986
0.187403
0.581839
0.764029
3.30925
25.4094
-0.120609
-33.1445
1.23178
0.169582
0.372417
0.690995
0.664678
-3.00036
-1.75662
-6.96467
2.09739
1.44735
1.96265
-0.972023
3.22741
-0.654288
6.03594
2.38266
0.124227
3.51638
0.0935026
-0.196126
0.872707
-4.55804
-4.59595
-1.45906
1.43391
-0.175051
-0.0740445
-0.46355
-0.348755
0.456529
-0.940472
-4.11969
0.346611
0.218346
-1.05018
0.168652
3.40673
-0.663805
-0.112398
-5.67946
4.80474
10.4422
-0.149871
-1.50455
-0.324697
1.45765
0.958323
-1.41084
0.937418
0.480518
2.26572
-0.608909
3.13015
2.22627
-25.0343
1.99846
0.886184
-2.02467
-0.952434
-4.78273
-5.91503
0.678213
-1.99909
-1.70821
0.927379
-0.235244
1.50527
-5.12714
-1.86782
0.367984
1.67057
0.616595
-0.853597
-4.76607
-0.47793
-0.546076
0.130439
0.338815
-0.832093
-0.385796
-0.313295
2.82573
-2.41262
0.0492971
-3.00782
0.892464
1.03608
0.494479
2.38374
-0.822342
-0.802405
0.127293
-1.31255
-0.144467
-0.806867
1.29759
1.84245
-1.44803
1.18829
-18.6912
13.5379
1.06135
0.929185
6.69791
-1.28458
18.7434
-0.70014
0.716287
-2.00266
0.249273
2.2751
4.47573
1.84217
-0.359181
0.271519
-0.683576
-0.296968
0.443666
-0.551199
7.98404
0.0452776
0.759591
-2.50964
-2.89828
-1.57926
5.9436
-0.950618
-0.851975
0.240744
-2.31309
3.56317
0.543768
-0.455373
0.239613
10.0977
-8.09048
0.873446
0.104201
0.0372373
-0.795757
0.157735
1.56543
-1.33125
1.82414
-0.463293
-0.033013
2.41633
-0.920841
0.261024
-1.8283
2.23069
-0.794046
-1.57692
-0.887564
-0.415639
-0.0907596
-1.04778
-0.211629
1.84156
-0.208518
0.937564
0.90456
-1.54731
0.00589841
-3.08747
-0.27064
-0.30794
1.38108
0.921949
0.25998
-4.93154
-0.386454
-0.909739
2.13956
0.685124
-0.0139267
0.269161
-1.39712
-0.547155
-4.85612
-26.0185
-0.623231
1.08075
0.607867
6.34268
0.184553
-0.0610011
0.312252
1.12604
0.331815
0.461183
3.37536
0.0466337
-14.6277
-0.464352
0.00245731
-6.18545
0.1243
0.0393664
-0.44383
-1.75446
0.639713
1.73804
-0.803008
-0.398934
-7.27192
-1.84036
0.858322
-0.541109
12.3599
0.630248
-1.16259
-2.39364
0.898586
-1.36635
0.430932
-3.00616
0.613508
0.00162583
0.40658
0.31487
-0.446978
0.424337
-1.32993
1.20015
-3.91497
-0.191147
0.0850185
-0.214088
-0.5252
-0.151498
0.433242
2.99112
-1.19986
3.91122
0.512625
0.481689
-28.1326
35.7145
-4.21607
-1.61739
-0.81852
2.07031
0.327238
-1.00932
-1.81309
0.563675
-0.120372
-3.51268
-77.6829
6.31782
2.44443
0.350154
-0.703824
0.394454
-0.19156
0.0500294
2.31646
1.35845
-1.68021
-10.6139
0.0244871
1.88295
0.655701
0.15232
-4.26238
0.358298
-0.279656
-0.840348
-0.54341
0.495216
-0.960333
-0.311474
2.93069
-0.743539
0.816663
4.79555
-0.0691131
0.523384
-4.40689
1.98205
42.0464
0.502547
5.0731
0.0217595
0.888303
0.292211
1.09709
-0.687912
-0.745955
-1.86912
2.16623
-0.397594
14.1563
-1.53412
-1.23377
-4.64099
1.0281
2.16253
-0.940305
-0.0243432
-0.695316
0.234201
1.53631
1.22446
11.1558
-0.559635
5.27295
1.03763
28.2615
0.194129
-1.53407
-0.0777436
5.21451
0.292506
1.2677
1.68281
-0.334384
4.53771
-0.00301333
3.64537
0.0636071
-0.737724
-0.67054
3.6988
2.58254
3.03045
1.76812
-1.51213
-3.33899
-0.621136
0.664716
0.784859
1.12519
0.0937525
13.0303
1.0219
2.36675
10.8394
-0.19405
0.161144
-2.22318
0.598446
-9.16933
-1.66032
1.31963
1.89367
-21.3473
-2.10282
1.68533
0.277509
6.40999
4.90398
0.149019
0.200669
-0.866449
-4.1676
-0.730528
-5.09661
-0.49149
0.696564
-0.314481
2.03445
0.400948
0.0491843
-1.30801
-0.732002
0.634806
-0.831239
1.00589
1.8947
34.7732
-2.21735
0.285776
-0.608133
-0.0304569
0.345588
6.87812
-0.0835487
-2.92256
-0.117221
-0.735529
-3.21612
4.85796
0.20312
-5.37105
-2.49379
0.401948
-0.470882
3.56448
0.994781
-34.0636
0.179034
-1.68804
0.299864
0.379246
-0.787892
2.56278
1.39967
1.82276
-0.956268
2.7434
0.162888
0.309388
-0.0896135
0.882381
-1.15085
0.404761
0.150704
-3.65467
-0.0887054
1.28257
2.99756
-0.260775
0.104764
30.9562
-0.262422
0.0302683
-25.5229
1.07884
-0.438384
0.185476
-6.78956
0.439666
2.25446
-1.0694
0.0867543
0.353773
0.245819
-2.54197
0.375774
1.12205
0.080922
1.36189
-1.65389
3.54779
-0.702075
0.00682487
3.03242
0.842445
2.38897
4.76359
0.939406
-0.0935481
-0.083587
-0.368926
-0.546536
-0.82348
-0.0945797
-0.0602533
8.58351
-0.525134
1.21182
0.485527
0.746671
1.07729
0.445655
0.0448131
0.347215
-0.932937
-1.70219
0.984225
2.32953
1.46127
-0.142565
-3.97277
-2.57742
0.0602888
-0.977196
0.517779
-0.806728
1.10459
2.92382
-1.81681
-4.43449
0.805027
-1.41513
1.93128
-4.70499
-1.29062
-6.60099
-0.779355
13.7927
-0.646362
-0.697881
-0.131126
-0.188163
0.759089
-0.320802
-1.76264
-0.467361
2.1361
2.31574
0.505119
0.259302
-1.72627
-2.4769
-11.1312
-1.23142
26.7896
-0.459142
-0.49022
0.0150093
-0.657421
-13.853
-1.7123
-1.7867
1.59991
-0.680884
-0.3537
144.915
0.789063
4.73631
2.07122
0.716668
-0.858575
0.311881
-0.463983
2.94658
0.145871
0.794368
-0.557701
-5.51342
1.32328
328.65
-0.144424
-0.579598
4.45655
-4.20519
-14.954
-3.01785
1.25619
-2.4803
-1.21186
1.06193
2.42168
1.14894
6.7287
0.541612
-0.158357
1.16628
0.688697
0.690071
-0.976383
0.134131
1.77343
0.147433
-1.91894
-2.70926
2.05785
-1.13583
-3.78377
-0.300105
-0.374975
-0.433702
0.301
0.297164
-0.443378
-0.316133
-0.808636
0.617498
0.443769
1.97079
38.4379
5.11453
0.625366
-0.419148
0.688192
-3.12287
6.25185
-1.34186
-0.598832
6.07914
-0.890388
-0.291147
0.0542993
-1.49594
99.8318
0.434256
-1.12201
7.71845
0.133485
-0.421256
0.909372
0.952171
0.286726
0.252767
0.157239
-0.640479
-2.51443
-0.95763
4.34518
-7.22195
0.0986976
3.4869
1.76
-4.08328
1.03946
137.139
37.1591
-4.17174
2.8261
0.108611
-10.6544
-0.0497182
2.69637
-0.187657
1.30482
-0.211156
2.1785
-0.232677
-0.143797
0.609723
7.50182
4.09335
-0.387842
-0.4305
-0.3335
-0.772728
3.10762
-2.81944
-4.64525
-0.134497
0.649621
0.208587
-2.49425
-0.745
-5.41877
-5.90876
-1.13424
6.87337
0.598711
3.04102
0.631894
0.255035
1.54182
-0.197826
0.292856
-0.572882
-6.0521
0.108853
0.386957
-1.04962
-4.13621
21.6675
-0.737366
0.693199
-2.0145
-2.14471
-1.61723
0.641827
0.273516
-0.0389801
-0.310066
8.37396
-0.753619
-48.0241
6.19239
-6.08594
-3.44128
-0.00130223
-1.79653
0.892458
-0.208333
-1.05914
-0.987599
0.307151
0.180587
0.269975
-0.453307
-13.7996
0.907393
7.19582
-0.956553
-0.195319
0.408981
0.0672715
-17.2171
3.06211
-2.38889
0.866149
-0.135481
-0.902638
0.213698
0.423059
0.0810669
1.63801
-0.226389
-1.35601
2.17057
808.422
-6.10022
-0.0697582
1.57882
0.436724
-0.450685
4.18401
-0.0907937
-0.649074
0.76872
5.81968
-0.215903
1.93519
-1.29712
24.6878
-39.1159
-0.188255
-1.49665
-0.0332572
-0.615414
-25.3525
-4.41415
-2.42511
0.72983
-1.49557
0.912203
-2.95994
0.0441045
-0.740557
2.36943
-0.572568
4.60026
1.01344
0.235086
-0.916014
20.979
0.169171
7.18803
6.18273
-30.0611
-2.13669
-0.400863
0.110397
-1.5038
-0.0550339
5.80999
-0.207928
-2601.16
0.0387475
-15.0601
-0.678679
0.118264
-1.04821
-64.2695
5.18336
0.206812
-9.96725
-0.438632
-0.44424
1.06514
-0.641202
3.79252
1.3429
-2.40494
-150.45
-0.203839
0.285505
0.433213
5.55908
0.244687
1.74837
-0.977594
-0.652583
-0.164511
-0.718637
1.01547
1.00712
-0.406493
-0.304488
-1.41063
-0.696156
-0.0979333
-1.24476
-0.512063
0.638626
1.32003
0.148551
0.643065
-1.73869
-1.67629
4.05987
0.814641
-0.260273
6.09391
0.474824
0.971214
-3.66355
-10.249
-0.551774
68.4072
2.46061
-0.36853
-0.629266
-1.38554
-1.53708
1.13255
-0.744297
-1.5641
-0.504054
-0.141066
-1.62979
0.265388
-1.47161
-1.27199
1.43027
7.27883
-3.51265
0.533521
-4.34628
5.45784
0.324746
2.59547
-1.16303
1.29336
-35.2594
-1.21334
0.390949
0.395632
1.51071
0.479459
0.857761
-8.90373
-0.729183
0.740411
-0.361783
-0.416955
-0.287474
-0.205611
-7.4662
-0.825872
-0.0917761
3.26517
-2.15681
0.374753
-0.544376
1.74656
0.223116
-3.98884
-0.588567
0.405644
-1.31134
-0.787505
-0.434191
-0.1443
-0.826574
-0.500419
-4.27867
1.7443
1.34098
-5.82055
0.292716
0.150357
3.11472
-0.961897
-0.292331
1.31305
0.410022
1.04386
-0.883969
-2.67805
-2.53989
-4.18677
-0.707555
-1.66087
1.98149
3.88465
0.400067
0.772831
-0.454433
2.07189
-0.112002
5.14487
2.29136
-30.4647
-0.169501
1.33888
6.92352
3.0468
-0.939214
3.59174
1.10348
0.120386
1.26385
5.17503
-6.23907
4.45226
-1.42424
-2.18985
3.44085
0.74166
4.42834
-0.132649
7.4577
3.07228
-0.10415
-4.74904
-1.866
-0.914036
-1.23197
-1.3196
2.02639
0.478381
-0.0947427
-0.279988
0.663221
0.197492
-1.70469
-3.24699
-45.024
-0.571871
-0.424368
8.28408
-0.196544
-1.26373
-0.320696
0.580671
4.89711
0.706897
-2.66322
-2.60373
-0.099396
2.6553
1.17813
0.272582
1.86112
-2.32102
-0.674021
-3.14345
-0.345899
1.12145
-5.12014
-1.22217
3.66386
0.534983
0.442659
0.778722
-0.594336
2.28254
-1.41035
0.757317
1.59661
-0.362932
-0.976425
-0.227905
-0.248863
-3.23856
27.0769
1.39157
3.18113
0.140701
4.38991
-1.77988
-1.17477
-1.0911
1.02195
0.403282
-2.23038
0.10985
-2.21045
0.0536804
0.716242
-0.374587
-13.983
-36.5417
93.0719
0.142016
0.23691
0.29967
0.592404
-1.90077
28.442
0.35451
2.02951
-1.69068
-4.11394
-0.107304
30.9571
-5.42061
2.1624
-23.5157
-0.507034
-1.56757
0.635744
-0.564087
0.0413255
3.11153
0.874772
-0.596209
0.673002
-0.842321
-0.751538
-8.39615
-0.39417
0.475174
2.31993
-0.395917
-0.177089
1.4418
4.4663
-3.04635
1.23189
-0.867062
1.45424
-0.20869
1.28295
1.89843
-14.599
2.5068
0.418851
0.226503
0.232693
1.20791
0.544719
1.16093
1.58262
-0.457115
-2.50081
-1.38863
2.54185
1.24137
0.00440849
0.104987
-1.27251
-0.908911
-0.320106
0.398502
-24.2088
-1.80304
1.25273
-2.75138
0.623222
0.666596
1.18488
0.146941
-1.03894
-4.40626
-0.290541
-0.118202
-0.434727
-0.854469
-1.69869
-1.40191
0.53321
-0.304422
0.25441
-3.55667
-0.0404499
-2.72609
0.565081
0.287047
-2.72893
-2.02026
0.172567
1.02205
-0.817387
1.52296
4.01269
-1.16896
-31.3739
-19.3799
12.8128
-0.0254825
-2.75599
-0.785725
-0.102757
-2.67722
-0.931983
1.66399
-1.60506
2.90355
11.8965
-0.312531
0.097486
1.95379
0.535394
2.28785
-3.57714
57.6771
4.31399
0.0446863
-0.73302
0.505578
-0.0503596
-0.0526828
2.43086
0.166293
0.62795
-2.33531
6.07668
0.629806
2.06913
0.235693
0.329345
-0.217685
-0.109677
-0.526632
2.57917
1.23503
1.16202
-1.60161
0.0639293
4.15494
-2.0631
0.712752
-49.5613
1.39324
-0.239235
-0.057976
0.681317
-0.417478
-4.28182
4.86772
1.16997
-5.56543
0.622849
0.60222
1.48396
-1.11157
-5.35675
19.9699
-5.82385
-0.746461
-7.44978
2.39047
-5.96528
1.60733
-1.47944
1.15918
0.337701
-0.335659
0.935663
-4.65145
1.78467
-0.119486
4.17986
-137.112
-1.69373
-0.121098
0.676703
-0.406354
-1.31587
-0.359169
-0.937509
23.9264
1.55416
0.263288
-0.0867229
-0.425537
0.0185248
5.56652
-1.7537
0.730549
-1.38679
0.0166967
-0.383194
-2.12245
0.503383
1.50737
2.22215
2.23982
5.89411
0.725639
1.19933
1.35769
-1.2968
2.71453
1.16191
0.0295079
-0.492601
2.994
2.94522
1.5027
55.8963
-1.89251
-3.04568
1.23367
1.98362
-3.56952
-0.960148
-5.22453
0.314289
-0.11049
-0.609776
-7.47491
0.406205
-2.23909
0.424141
2.2622
0.854505
0.117963
1.20851
-1.84824
11.5247
0.822615
-0.642865
-0.0772246
1.58572
0.114199
0.437154
2.42898
0.82515
-2.403
-0.597258
-0.744388
0.497623
1.15214
0.00231815
0.504244
-5.93938
0.101732
0.16478
-1.98956
-2.58531
0.455329
2.04427
1.48856
1.73293
5.76419
1.73382
-1.11396
0.673721
0.851179
-2.12141
-1.19924
-0.549841
0.508481
-0.96709
-9.64804
-3.15046
-0.680283
-0.32829
0.142105
3.22188
-1.89478
-0.00173798
0.0886581
-1.94844
1.1296
1.64077
-0.91287
0.994575
41.7454
0.223316
-1.81039
0.364527
-0.304265
-0.505343
-2.06147
0.615539
-0.189555
0.0701742
1.63457
-12.5362
-1.4126
5.31309
-0.268832
33.0026
-1.01114
-1.97716
1.58902
0.15638
-0.242429
1.47841
-0.929186
-0.913443
1.26646
1.48687
-1.69251
0.0022551
3.18594
-1.22136
-0.914933
-2.08797
0.626915
1.25348
25.0247
-0.132002
0.0738501
2.79481
-0.024796
-0.0351716
3.4793
0.339693
0.70966
-0.864672
-1.05243
-0.0685555
0.264145
0.589481
0.907284
4.59334
1.14625
-0.609928
-0.78576
0.734852
1.21708
0.72066
-1.5724
-0.0088086
-0.228753
1.18518
-0.480777
-5.17646
-0.864678
-0.408579
9.90559
0.121252
-1.32667
-0.286933
2.06987
-2.4033
-0.672407
-0.512949
1.02991
-4.04475
0.892745
7.05663
2.5235
0.0439466
0.608048
-0.795729
-1.36384
-2.02625
-2.35529
-0.0487877
0.0450071
0.629007
1.16291
-5.34212
-1.78918
1.67453
-0.118447
0.655343
-0.646924
0.280753
-0.346202
5.15236
-0.174011
0.527044
-0.0855458
-0.53859
-0.520407
-0.85534
-0.203948
-0.330933
-6.76885
-0.00214321
-0.540895
-0.0812371
784.516
-3.61272
-0.525475
-2.92928
0.0997829
0.744499
0.988471
10.3139
-4.73705
-1.5048
4.29521
-2.0284
-0.685374
0.333017
0.355864
0.168431
4.44297
0.488306
-2.17872
-0.340699
5.74094
-3.31845
28.504
-1.33217
0.310617
-19.3707
-1.94573
-0.952044
-0.438093
-1.09592
-0.0824641
9.50721
-0.369385
10.0106
-0.0617158
1.18155
1.61426
-1.68938
15.1384
-0.736911
0.107383
12.6069
-1.06776
-0.7638
1.17926
2.97244
-0.226553
1.33914
0.48762
0.332314
1.34024
-0.11392
0.355895
0.386809
-10.9338
-1.39945
-3.80305
-0.840997
8.63138
0.0937307
2.94698
-0.0751244
5.42166
-2.54854
0.452244
1.20751
0.548794
-1.34232
-0.621197
0.222318
-3.15778
8.4786
0.145229
8.02595
0.0397486
0.100476
2.84213
-2.96997
0.245589
1.71643
5.27472
-0.2968
-0.886419
-0.24802
5.7219
-0.0420627
0.151221
-1.98619
-21.4617
4.00479
-5.00196
-0.385893
0.957254
-10.3017
-3.79308
5.68557
4.60088
0.943458
0.278489
-1.04642
2.22663
0.80702
-0.609631
0.12957
-0.675202
-0.0238776
-8.53081
-0.500928
0.0184032
-1.12146
-0.0500222
-0.0972869
-0.217204
1.34596
-0.609518
2.04323
3.04974
-1.654
1.99327
-2.90035
1.56927
-0.553788
-0.0531111
-1.17359
0.211438
2.89186
0.840736
0.06615
0.922741
-4.0065
-0.169931
-1.064
1.61796
-4.72152
-0.279218
0.0544361
-0.748263
-29.1491
-0.0798687
-8.78319
-3.33668
-0.0401274
2.32466
0.971649
-0.469619
0.475347
-0.64462
0.884394
4.60261
-2.98644
-0.528972
-2.14687
-0.983111
4.23451
7.02783
-0.125192
-0.242297
0.274629
-0.0709652
0.675952
-0.554074
-3.98412
-1.219
-0.300858
0.203544
-3.17454
1.31259
1.52587
-9.92915
-2.82797
4.78826
0.282071
0.398244
-2.47209
-4.44383
-1.10081
-0.105766
-0.130709
-0.56312
1.57422
-2.96575
-0.260589
-0.543895
-0.50074
-1.8938
-0.0790735
-0.138015
-0.564479
2.96905
-0.925354
-0.471782
0.78942
-0.763265
1.30144
4.47563
-11.2731
-0.289117
-1.33214
-0.71127
-7.53087
-5.21024
22.4557
-1.02499
-1.0407
-1.66866
0.197703
-1.57192
1.48393
-1.01395
-5.29891
1.53868
-0.162391
-1.72399
1.12118
6.38525
-2.78685
1.70343
-0.152631
-0.136222
2.32854
-0.127024
0.351434
0.797532
3.02697
0.95999
-0.396917
2.04107
0.0239836
-2.582
-2.29993
-0.046075
-0.184492
-101.351
-0.67339
-0.234961
0.23361
-0.621628
1.39663
-11.0018
2.42592
0.313128
-0.517867
0.25903
0.275155
0.5934
-2.71344
-9.79821
-0.0989
-4.50471
-1.58045
2.10239
2.29902
-2.48317
-0.0363774
-0.0873008
-1.59752
0.445219
-2.59029
0.554666
-1.00187
1.95692
3.2725
-0.169766
0.199628
1.15096
-0.0851009
-0.535421
-1.82407
-0.811035
-3.85785
9.01835
-7.61157
1.59879
-0.878156
-0.568756
-0.908336
-5.00437
0.196112
-1.19121
1.65038
1.27608
3.69839
0.437996
-11.6444
-0.661629
-0.357425
0.851827
0.510899
1.26543
-8.44435
4.92314e-05
-0.409489
0.582534
-0.618983
-0.746748
0.438599
3.42682
-1.1137
0.234939
2.36429
1.28633
1.61597
-0.104649
-0.803377
-5.73124
3.54828
0.352962
-0.506963
1.50287
-1.12095
-11.8936
1.19266
-0.643041
1.70476
-2.06639
-2.58962
-7.90791
0.416967
0.383124
-3.66514
2.64385
-1.14169
-7.44923
-0.826956
0.0840662
4.73479
-1.95817
0.480161
-5.27857
1.20091
-0.142135
0.84085
1.07844
2.18132
0.23117
0.157722
-9.07707
0.953358
-2.30151
0.422947
0.106527
-2.39987
28.4561
-1.56004
-0.654761
2.61692
-1.4911
-0.91726
-0.803377
-0.67709
0.197717
-0.375772
-0.65543
1.20488
-0.124558
-23.4598
1.18047
0.186626
0.777421
-1.89393
0.240832
-1.633
-0.557019
-0.712604
0.790144
4.49551
-2.35443
1.60217
-0.823754
-53.1487
0.584221
-1.08794
-2.70637
-8.67321
4.15693
-0.192272
-0.67431
0.309136
0.749005
-0.71709
0.62463
-2.4829
1.20697
-18.6352
3.54051
-0.436417
-0.494819
0.044703
-1.64324
-0.568618
-0.302822
1.38994
-0.959359
-1.29995
-11.2781
1.5555
3.77298
-0.256418
2.10692
0.541676
0.482656
-0.891404
-0.75177
-0.181274
2.01171
-0.0739275
-1.13104
25.4724
2.76232
0.843413
-1.41488
-1.17511
-0.261409
1.61385
-2.0133
-0.360778
0.239378
0.0335994
0.399258
0.571819
-0.313974
-0.830346
-2.63621
0.0346229
-1.19121
0.470089
-0.24085
0.712697
-0.545499
-0.221371
-0.935399
-1.63712
-1.05624
-2.96338
-2.76046
0.928565
0.403081
0.422695
-0.954189
56.7102
0.00347485
1.6961
1.8127
0.786203
-0.138363
0.21219
-0.413195
-1.30891
1.12206
-0.189203
-0.840186
-1.44188
-3.09079
-0.422302
-0.165596
-0.201174
3.59207
1.88357
-0.479901
1.31394
-0.621686
-4.12436
-0.688183
0.0143616
1.21493
4.80309
-0.295278
-0.818826
-68.6221
-0.657668
1.07178
-0.85723
3.40392
1.05122
-0.744782
1.01374
4.36195
8.9198
0.0261384
1.17839
3.46978
0.530144
-1.22188
-0.328551
-0.373183
-1.62648
0.340878
0.325065
-1.12404
2.12541
0.380378
-1.70929
-15.8438
-4.44321
26.6519
0.770569
-0.966405
-16.204
-0.806647
0.613783
-0.0976841
-44.0859
-0.266938
-0.291904
-0.900292
33.3831
-1.27353
-0.542704
2.08482
5.22071
0.914365
-0.878799
0.469565
-3.11631
4.14727
0.877714
3.68381
7.86758
1.42465
-1.04836
1.43644
1.64378
-1.65161
-0.100923
0.349147
0.293374
0.508123
-1.94181
-10.071
0.283116
0.678039
-4.1072
0.114686
1.7691
-0.292195
-3.74472
1.68167
4.10788
-0.270445
-0.842952
-2.86299
-0.527407
0.0978016
9.65275
8.77513
142.9
-2.56589
-1.58316
-0.25875
-0.437733
-0.800747
2.78849
-0.320435
1.64945
0.361045
2.39953
-1.10499
-0.30327
-1.61451
-0.576808
-0.657702
-2.43745
5.02322
0.483676
8.00279
0.478687
-3.47105
0.408769
-0.737472
-10.3676
1.51849
-10.8784
0.293066
-0.471628
-2.83777
-0.213471
-0.747408
-0.534411
-0.473368
0.10759
1.11232
0.315836
2.19628
-2.3238
-0.169767
-2.34499
0.872506
0.519663
0.965938
-0.796398
14.9194
-1.45776
-469.137
1.38057
0.484936
-0.621967
3.62524
-7.55866
0.734601
1.06824
1.34004
3.99456
15.7449
0.751667
0.971539
0.522313
-1.39985
0.627306
-0.43927
-12.2346
0.290696
-0.174021
0.0962893
-3.13407
-3.67896
-3.44013
0.767278
1.56336
-0.461663
-0.831229
-2.01124
0.626985
1.42184
2.00899
3.30924
-5.35148
-2.50136
9.24142
-1.52174
0.0662407
-1.51781
0.292732
-0.0630412
-0.67553
-0.214246
-3.23249
-0.956125
-0.587176
-2.02414
-0.888616
-9.2597
0.36343
0.412064
-0.538058
-5.29099
1.46713
3.92773
0.489845
-3.43232
1.85111
-0.371513
-1.85024
1.9335
0.566856
-0.413656
2.05766
-0.367892
-0.555388
-1.24883
1.24176
-0.410353
0.154856
-7.59045
1.03116
1.21516
2.35393
0.409959
1.44431
-6.64271
0.49787
-0.580157
-0.326927
6.05714
1.14565
0.263134
-1.52127
-5.17188
3.31675
-5.49529
-0.651661
0.212157
-0.209972
3.79667
3.85547
0.479338
-1.53975
1.73776
1.65763
-0.56787
7.14829
0.275983
-2.06712
-2.58735
0.811307
-0.864006
1.64965
-0.828831
-499.258
0.347762
-0.0526947
0.0540443
-0.0235799
3.32832
4.4361
-2.31376
-0.455831
-0.895729
-7.62374
0.674891
-3.96989
0.935337
2.88021
-1.00507
6.83148
0.782805
-0.679067
-0.131062
0.108592
-14.0377
0.405064
0.186304
-2.34132
-0.203399
0.672252
-0.806646
3.11475
-0.346483
3.45795
-1.23941
-0.0978409
-0.297574
-2.85354
-6.76728
0.538974
1.93936
-0.405635
-0.275194
-1.92277
-0.0106031
0.0438377
-2.08061
-0.612519
-1.4552
1.09925
0.281388
-2.61517
1.02471
0.570266
2.22957
-1.9903
0.238871
4.3386
0.147711
-1.92782
0.651548
1.44652
-1.19991
-0.167726
0.0272539
-0.14966
0.427959
18.4576
-3.29678
-0.341982
1.03879
2.22477
-0.534056
2.47383
1.21388
-1.51674
-0.449501
43.5598
1.12965
-0.824949
0.355876
7.20556
0.724216
0.403674
-6.07932
9.20413
-0.565763
0.449543
1.66322
-0.628192
0.387227
0.843945
0.254608
-0.218392
15.042
-0.398036
-0.113456
-0.926458
-2.32596
0.451388
0.0908891
-0.873948
0.0673003
0.268319
-0.0395041
-3.12636
0.205391
1.5248
-0.10447
0.992162
0.627846
-5.40069
0.805754
2.57311
1.80653
-1.51811
0.376504
-0.0446419
-0.908265
-3.00238
0.187051
1.34301
-0.16854
-0.294579
1.13132
-1.69837
0.167299
0.446548
-4.60353
0.948649
-0.684651
-0.950447
1.7307
-0.214825
-1.0017
0.33153
-0.728106
-2.53686
0.176766
-0.431092
-6.23193
2.15915
2.14666
0.398781
3.03706
1.46897
39.1353
8.01407
0.442054
-13.9881
1.00994
1.02444
0.122781
0.963962
15.8511
-0.885359
1.43399
1.1977
-2.23897
-0.668488
-0.390029
-0.586657
1.19189
0.613922
0.10434
83.6189
-0.285312
-0.354417
-4.67085
-0.873614
13.3963
-0.0783194
-2.30039
21.2718
1.56776
0.596783
3.26043
-10.1064
0.349961
-0.443232
1.97831
0.791944
-2.26986
1.00707
3.32446
-0.32309
0.868592
0.414937
-3.09394
11.6108
-0.451922
8.89419
-3.93218
-1.79892
1.78048
1.95583
-0.299295
-1.09993
1.7034
-1.12102
-134.468
4.93499
-0.540836
-19.6347
0.111604
5.60827
0.728844
-4.46709
-2.60784
0.989534
-0.122601
-0.659536
-2.12528
-0.201065
-0.842828
-0.482252
-0.447706
1.00014
-0.17761
12.4111
-0.643355
0.204575
0.348712
2.6975
2.5464
3.84865
1.24093
4.59295
-10.6541
-0.332692
0.906277
-2.69584
-1.17665
-0.685094
-1.30845
1.06298
3.29316
-1.65493
5.52187
1.16429
-0.365155
0.576157
0.523474
1.5981
-0.951758
1.41878
0.478207
-0.514183
-1.39631
2.8674
-1.49792
-5.44415
-1.11537
5.60239
-1.28954
-0.14935
-5.90771
3.96499
1.96066
-1.31779
-59.0124
0.384984
-5.66661
-0.282911
-5.38475
-2.5762
1.31309
0.379379
0.463396
26.9187
-0.234387
-0.729274
-0.113546
-0.717235
0.917679
-7.64152
1.48766
0.900594
-4.03689
0.756882
-3.10572
2.39365
1.08985
-4.28594
-47.2868
2.90775
1.33638
-0.130314
18.4267
-0.312798
1.13472
5.02899
3.20016
3.08227
-675.783
-0.540531
0.544005
-0.678641
-0.0214748
0.157717
1.12248
0.696416
-2.25203
0.76424
6.97533
313.89
13.5025
0.610007
-0.284447
0.348755
-0.337982
0.229102
1.78649
10.0889
0.169105
-8.74233
4.54955
0.959949
0.137982
-0.00232805
1.53815
-20.0319
26.9591
-2.79057
2.66169
-1.29737
2.27124
-1.638
5.97696
0.698758
-0.865045
-2.0013
1.45683
0.0824381
-0.671196
-2.62421
2.88736
0.537555
1.00064
1.29137
-13.8743
-14.6994
0.728266
-0.0471944
0.869949
-0.209833
0.828628
-0.757197
0.341595
1.93022
-0.0322515
-0.460394
-1.61599
0.102393
-0.0252059
-4.40822
-11.5181
0.410631
-2.31447
-1.10134
2.46921
0.140474
5.3191
1.59016
0.0727281
-0.20754
-1.86202
0.877636
2.11414
-1.69151
-4.43724
-7.52947
0.0288651
-2.52371
-0.117821
2.80396
4.40461
0.827852
1.41445
-1.57527
0.192142
-0.263613
1.67193
-0.155012
5.36597
1.13648
-0.815072
-4.25055
-0.554195
0.306156
1.11697
0.602491
-21.2174
-1.71258
-0.688516
0.593119
0.520682
0.710362
27.7285
-0.331165
0.576727
0.243644
-1.00822
-0.826257
-0.41207
0.0266778
-0.436731
3.92711
0.192136
-2.14645
0.703438
1.64629
-0.567231
0.616526
-1.16793
-1.18157
-3.04752
0.825492
-0.0779926
0.777738
-0.0753114
-0.851407
2.26685
-64.8065
-0.191445
-0.217388
-1.13353
24.8333
0.26777
-0.440901
5.68446
0.716749
0.43948
3.82855
0.662323
0.208923
0.746444
1.07451
3.72523
-0.171554
0.471955
156.439
39.2658
-2.63258
31.2821
-0.510062
-2.1772
0.562774
0.629525
2.65694
-8.69164
-0.979186
-1.94101
6.23103
-0.0797651
-0.218903
10.2633
-1.00928
0.0966362
-0.282126
7.76975
0.229968
-1.58936
0.101733
-0.302187
1.55252
1.39186
0.257736
-0.798636
0.0379878
1.14286
-0.298634
1.85562
-1.43168
0.950026
1.27169
-4.8473
0.0158362
-2.16085
1.11117
0.865043
1.80789
-1.977
2.7219
-1.08065
0.109223
0.731475
4.15849
0.725945
-11.7628
1.45813
0.933948
-1.03905
0.406649
0.214219
-0.937501
-0.391366
1.01992
-3.46019
-0.199194
5.85337
-2.34221
2.56402
-0.266902
-4.16069
-0.902712
0.20595
0.692235
44.2792
0.774048
-0.96227
-5.35187
-0.360858
18.0814
-1.25941
1.9213
0.214896
-1.57614
-3.19804
-3.27411
2.35335
-3.83503
-2.35292
-0.454523
-1.18179
20.7055
4.01784
-0.522676
0.548257
-5.51593
-0.671713
2.74379
-4.44521
12.9267
-0.502217
0.434814
2.46784
3.5035
-1.84116
-1.46715
6.15518
0.118838
-0.652343
-2.34238
-8.23218
0.0645924
-0.0585227
-0.177507
-0.230159
5.6478
-0.860627
1.59448
-6.06296
-414.915
0.290028
-0.362137
-0.133906
-4.74162
0.802895
0.112845
0.33789
0.395262
1.59987
4.56289
-0.642137
-0.921621
-4.38525
3.03455
0.47169
8.03726
-1.48701
0.735861
-2.00254
-0.301606
-0.778051
-1.47262
-0.0741919
0.501063
-0.633362
-209.353
1.01283
0.199079
1.31554
0.598781
0.455336
18.2328
1.27873
-0.432434
0.609015
2.01186
-0.700803
0.153031
6.1571
-0.705315
-13.085
1.49322
0.120315
-0.0626218
-2.9759
-1.49985
0.484645
1.52402
0.188941
-0.300886
0.280033
1.01875
0.528141
0.576238
-1.25615
5.58093
-2.68379
0.643406
-119.834
-0.73422
-0.70905
-4.12019
0.61049
-2.45726
-1.96288
0.789017
-2.7752
-0.413886
0.625012
-0.714449
-0.0359871
-4.24707
8.10162
-0.218312
2.41265
-0.27433
1.68673
-0.866451
3.71527
-0.527639
-4.49377
-3.41483
-1.08751
0.128132
1.07864
1.35519
1.51495
14.8337
1.29997
-1.2505
1.02908
2.55947
5.59141
-0.782523
-19.529
0.598136
-1.94622
0.82904
1.35531
-38.3895
0.674889
0.541048
-0.586241
1.65012
-8.46105
-2.04378
-4.2246
1.06437
2.05825
0.783134
3.66845
-1.00464
-0.162485
-2.14841
0.5964
-2.82222
-1.29602
-0.878997
-0.685282
-2.24591
63.2151
0.068194
10.6278
0.0989035
138.39
-2.55032
1.15945
-1.03236
-0.238463
-0.787774
1.3345
0.378466
1.57511
0.64663
0.854702
6.03756
2.46981
8.41044
15.5604
-0.702008
0.599924
-3.83723
-12.3722
2.34347
1.18918
0.636783
-1.97949
-0.502385
-1.1877
2.37518
0.650573
0.420138
2.40279
-1.05213
10.9352
-4.62109
1.49319
-0.213443
-2.88922
-141.194
0.99501
-1.04658
-0.453859
0.0603407
-0.19946
-0.173568
-0.14183
0.209686
-0.671864
-1.99206
-1.14032
0.799409
-4.41944
-0.0104367
2.5425
-0.0455056
-0.769762
2.56308
-2.18781
-1.05992
-6.52242
-1.6541
-0.203838
1.0325
0.0569829
-1.89772
-2.93079
-2.89011
10.0358
-0.215775
-0.601909
1.21971
3.45244
-0.55351
-3.39976
-0.653062
0.197948
-0.599598
1.46579
0.0747797
-0.00426344
-1.23335
-2.07604
2.79825
-0.606292
-0.327813
0.00729409
-9.441
0.209015
-0.382658
-0.836635
0.606917
-0.514766
-1.22545
-1.36704
-0.533075
-20.4976
-0.00292311
-2.86339
-0.555938
0.793962
0.745412
-0.590248
-1.4133
-0.123325
2.90594
6.79443
0.0617383
-2.01337
2.22502
-2.61823
-5.22168
-1.58
-0.593467
1.45476
4.0887
-2.33921
0.389891
-0.928783
-0.588862
-3.64389
2.87587
1.48303
0.58003
0.354298
-0.939953
-0.162534
-0.293514
-1.91589
-1.4058
-1.83097
3.16693
0.508448
-7.0833
-0.58481
0.695878
-0.49813
-3.91743
-0.573249
-6.75526
2.10297
-2.90385
1.9748
-1.36445
-4.80629
-3.57047
-0.468587
0.421653
-0.854706
0.767618
0.552687
0.865151
-1.42087
3.89933
-0.240341
2.59174
0.15255
0.0130618
-0.991497
-11.2304
0.955208
9.68881
0.473562
1.74525
0.634473
-5.3316
5.22175
0.237326
-0.142409
2.02312
14.8019
0.107751
-0.418599
-0.0188815
-0.662091
2.18987
-0.4871
0.839595
-0.13424
0.547615
-2.48096
0.182158
4.66415
-1.1095
-0.206446
0.552005
0.21515
-0.0406663
0.144596
2.52736
-2.49513
-0.237571
0.265431
-0.527417
0.249768
0.351312
-1.2627
0.0943458
0.129268
10.9213
6.86606
0.161872
2.96858
-0.0189942
-1.62352
-0.81225
2.49024
0.583946
-0.34986
0.688833
6.44342
-1.11948
1.31853
-0.882753
-0.110466
-2.88679
-0.95824
-9.32318
-1.41607
-0.506445
-4.8618
1.76485
3.84688
-0.902736
-6.10654
0.314632
1.25811
1.06054
0.418825
0.201585
-57.8612
1.29213
0.463212
-2.72039
-1.26592
-0.706144
2.19793
-0.12005
1.45887
-0.109232
-0.170687
0.568701
1.01418
-0.319103
-2.02168
-0.621288
-7.93024
2.86178
-2.45138
