-50.3525
0.038356
0.951797
-1.75079
0.369758
-0.60479
0.280582
0.945393
1.25591
-0.858375
0.477808
1.90194
0.825238
-1.26749
-0.873997
-0.0591408
-0.179683
-11.6933
-0.120141
2.52614
1.18648
1.57697
-0.0607645
3.86234
1.15004
-0.684089
-0.645998
0.303155
-2.96138
0.894385
-1.3126
0.518913
0.91424
-1.24658
0.631193
1.81003
3.21765
-1.44164
0.908115
0.0370825
1.41473
141.835
2.20694
1.17579
1.08805
-1.79746
-1.14563
1.61825
2.76645
-0.349859
-0.463687
-0.574313
0.934578
-2.33113
1.33573
-0.25705
-9.83927
0.0376427
0.478281
-0.397482
15.3383
2.29106
-0.0530406
18.4529
-1.22246
0.562702
0.99132
-2.99594
0.173651
-0.186908
3.8865
-0.340832
2.14919
-3.89925
-0.809337
-0.102323
-19.6699
-0.177028
0.797868
4.96823
-0.0533289
0.312138
-1.53607
-0.848853
2.64762
-0.445357
-3.52012
-0.194308
-0.996479
-0.20704
1.15316
1.74432
0.156572
-23.5279
-1.33512
-6.15188
-0.176982
0.476203
0.765712
-1.65639
-1.17325
0.368653
0.72976
5.70641
-1.7226
-3.4974
277.107
-0.833437
-3.39278
0.043392
-0.62262
0.784029
0.25509
2.33559
0.905754
1.78162
1.84196
1.7597
1.42298
0.748635
3.31253
-0.539145
0.707503
2.6456
0.528501
1.91726
-1.644
-6.30777
0.751887
1.42299
0.592068
-0.600398
-0.328166
0.114185
1.16238
-1.44245
1.16197
1.06446
2.53656
-2.42964
0.336804
-0.676407
22.8675
-1.3388
0.639342
1.43705
1.65266
5.64342
2.8386
0.786343
-0.726139
4.0483
-0.887076
-1.67296
41.11
0.379922
-4.12279
-0.226072
1.11362
0.819128
0.446167
-2.25165
-0.620146
0.647035
0.0955924
-0.832938
1.23604
-0.715659
1.41441
-3.99822
0.362069
0.482138
1.75493
0.201185
4.83902
-0.00790639
-0.0378715
2.40486
-0.42151
-0.122513
0.781011
4.45732
-1.86899
-2.2054
0.100554
0.938564
-1.06517
-1.33103
0.289739
0.252107
-0.651585
0.988619
0.466758
-0.23592
5.54829
1.45776
-0.105996
-1.40938
-2.07178
-2.59909
-1.19108
2.03042
-2.6272
1.17537
-0.715186
-8.51113
0.214976
0.459106
-3.36115
0.0241674
-2.23647
5.04345
0.26938
0.765499
-0.0594119
0.0125706
0.0841588
-0.132363
0.362916
-1.42575
0.752941
-1.97455
-1.09656
-0.84963
-0.15807
0.23787
-8.18151
-4.97152
0.896118
0.249157
-0.873704
0.636514
0.246745
-0.539252
9.42129
2.11676
1.23249
0.104863
1.23242
-4.62446
-0.305071
0.795506
-1.54745
3.78637
-3.72005
-0.309036
4.65904
-0.205634
-3.416
0.219269
0.122192
0.285742
-0.821578
-1.08699
-1.14714
-1.74678
0.0603107
1.20154
0.328756
0.92521
-0.384453
-1.46131
4.62025
1.82426
0.269938
-0.961115
9.0836
-1.00995
-0.849149
-0.402222
-4.14634
0.983908
3.21445
0.610819
1.85639
1.17193
-8.32406
0.134802
0.83665
6.6886
0.343102
0.381793
-5.02168
-0.439594
5.02936
0.712416
-4.60769
9.1578
0.831505
-1.35707
-0.447897
-1.89471
-0.161886
-5.73762
2.08782
-0.225615
8.82819
8.49962
-0.0739041
3.28454
2.50414
-0.122011
-2.45146
-6.08541
-0.599654
0.173837
2.33606
-0.057925
-1.16571
-1.40242
0.854707
-1.61433
2.04933
-0.33709
0.27898
1.40645
1.36263
-1.11725
-0.494899
-3.46749
2.05974
0.0869072
1.17513
2.21986
-1.31255
0.0425858
-8.93056
2.25479
-0.150895
-3.54792
-1.36375
-0.7414
-0.773834
0.0101062
0.181668
-0.406303
-2.42869
-0.841867
0.0907922
-1.65093
-8.67752
0.256954
-7.65797
8.53766
0.0373525
-2.02881
0.227224
4.24662
1.04905
-0.00534573
-1.84655
2.72278
0.438931
0.55686
-0.245037
-0.216236
-1.63972
-0.112201
0.294244
-0.194636
-1.32375
-1.34431
1.24009
1.15334
-1.10868
3.61232
-0.0446162
2.17924
0.59704
-5.75055
-0.0119105
2.812
1.65694
-1.18632
-1.10308
0.15
-2.21041
-0.85443
-0.141634
-8.30866
-0.495289
0.237348
-1.23164
7.66834
0.436185
1.28313
1.32846
-1.44574
-0.823907
-0.170869
-3.46179
-0.366691
-0.4374
0.0237398
-0.126016
-0.132291
0.0495682
23.5942
2.1129
3.80295
0.195323
-2.02657
-0.277021
5.77315
-0.548616
0.990288
-0.520918
-0.20742
3.30124
-1.59047
-0.500753
-1.64891
0.326202
-0.855418
-4.48679
0.432254
3.32891
0.969053
-2.05263
-0.156148
1.70212
0.415527
-3.09158
3.14823
-0.797761
0.00515006
-0.162611
-7.05319
-1.18182
-0.844636
0.866272
10.743
-0.947623
-4.25502
0.429471
0.576088
0.286354
-4.38148
-0.157267
0.507678
2.03293
0.659231
-0.218846
-0.341243
1.11601
4.78309
4.51958
-0.224512
0.252872
1.01106
-0.350078
1.06247
14.5318
-0.593871
-2.51015
-0.904838
8.54594
0.47636
4.94854
12.9202
-0.47648
0.0523249
1.91726
-0.693622
0.14154
-1.80224
0.497194
0.288377
0.3111
1.15912
-1.88037
2.17474
1.61738
-0.103166
0.134062
0.213323
2.95891
-5.20809
-0.915714
-1.20297
-6.10172
0.608199
-2.30409
-7.43155
-15.3079
0.133387
-1.11211
-2.84526
0.951549
-0.281843
-0.16777
0.100499
0.908249
-2.64713
0.640425
-2.09269
0.843015
1.94962
5.6461
3.49055
2.45824
-0.963393
-0.514961
-0.535008
0.0907859
-1.98226
-2.77227
2.09655
-255.957
1.51714
1.90431
-1.66014
6.89446
-0.0252004
0.0425851
-0.220811
0.0105579
-0.862357
1.37864
0.152243
-0.892108
-4.30557
-0.0698919
4.18208
0.0611864
1.52538
25.1544
4.62463
1.37937
0.210771
10.6218
0.310342
1.14253
-3.68554
-0.170393
0.38481
-5.15801
-0.00272035
-2.91923
-0.0524543
-0.909822
1.16454
1.40741
1.42271
0.0215454
0.0160956
-1.62005
-8.14436
-7.36824
0.0150806
1.20789
6.23332
-0.956472
-1.6139
0.197252
-0.2597
1.83144
-0.664073
-0.183132
1.05656
14.4363
22.4804
0.00443285
0.828585
-2.46256
1.12751
-1.12791
0.399775
-8.10362
0.470578
-0.240855
-0.0311484
-0.568553
-26.7199
0.00051084
-0.720762
-0.248029
67.8891
0.330234
2.18537
-1.62478
1.23496
-5.06915
-5.00745
-0.119878
0.189497
-0.0970151
-1.07228
-26.5985
-0.744866
-0.0525409
-0.733694
13.9215
0.443474
-0.881397
1.07525
1.67974
-0.792692
0.810305
0.815114
-1.03262
-1.17342
-0.141819
0.21704
3.03623
0.0799561
0.0120852
-0.759861
-2.39582
1.40876
0.880564
-0.0208656
-0.923318
18.4371
0.192741
-0.436629
-0.82107
-0.334925
3.41868
-66.3686
0.465424
0.886177
0.522419
0.345317
-0.928546
-0.220106
0.0859872
-0.0687084
-0.258058
-0.186945
1.10507
0.213344
0.0398931
-0.114176
-0.047718
0.645094
-0.511657
-6.00497
-3.23209
-0.607329
-1.6037
-1.44125
-0.49653
0.0224724
3.19052
2.11743
3.91856
-1.19834
0.514175
-2.60992
-1.22562
1.799
-2.40516
-4.92767
0.175107
-0.260719
0.222587
11.1081
-1.7174
0.452035
-0.103419
-1.00098
-0.208597
-1.77282
-0.691109
0.19555
-0.701224
-2.72935
-3.72684
-1.41721
-2.86236
-3.24232
-6.76737
-0.946205
-0.0129648
0.98201
0.0547009
-0.846326
-0.705043
0.417565
-0.507581
-20.4471
0.777326
1.67867
7.28157
0.465295
-0.931169
0.125392
0.288416
0.484862
-0.0443693
-4.88429
-4.12386
-0.211034
-0.580715
1.23982
-0.00496585
-4.14098
-0.345614
1.79637
-0.612276
3.83866
3.85575
-0.405072
-2.28222
-0.0298952
140.343
0.318483
-0.200484
-3.2092
-1.38508
-0.226086
-2.94652
5.0943
-0.134765
-0.0468525
6.89171
-9.06103
-0.995382
8.99877
0.919439
-1.73359
-0.532689
0.886578
0.342797
-0.0373778
0.393038
-0.12245
0.0042702
0.450842
-0.139208
-0.0518
-2.14029
-1.19463
-1.69533
3.42852
1.38275
1.16516
0.00459235
-1.72378
-0.704257
1.38209
-4.81935
0.899341
-0.738364
0.0881663
-0.547699
2.76209
0.669283
-3.39866
-0.818554
-0.0148536
-6.15378
-0.72182
-1.28895
-5.76906
-0.126013
0.092174
-1.61308
0.354577
0.909597
0.534124
-1.1206
0.0648333
0.958147
1.27068
0.334753
26.842
0.774954
1.14484
0.460737
-0.139631
0.551343
0.261664
2.71625
0.107662
-22.4652
-0.0882384
1.54412
0.0847671
-0.479092
0.551263
-25.4209
-3.15743
1.02239
12.2576
0.329107
-0.206545
0.380866
2.93067
-0.896122
-2.27089
0.128097
-1.87362
-8.87161
0.637728
1.10443
-25.5276
-34.9685
-7.8494
-1.2122
2.63162
0.210814
1.49223
0.227749
2.09134
1.24024
0.638356
-8.82949
-30.5385
-1.25917
0.434373
-0.924314
1.55064
-1.03615
-0.434369
0.799288
1.45706
3.97388
9.38286
0.299025
0.149616
-0.639323
-0.113402
0.293698
-0.316616
0.451727
-12.6101
-2.79994
-2.23741
1.5372
-0.275418
0.80931
1.30749
1.46175
-0.3564
0.348167
-4.86187
-5.72014
-0.572104
2.35743
-0.476892
0.601147
0.42233
-0.3243
3.91291
0.243521
-0.444389
-7.16065
0.520449
-5.01092
8.4579
2.42659
-7.41742
1.48158
-0.531904
0.0303317
-0.418101
3.30423
11.4001
0.457961
0.168254
-0.91651
0.197333
0.0941136
-0.139357
0.883839
0.966218
-1.67881
51.5885
-0.749924
-0.148279
-0.0190643
-0.410749
0.584487
0.634662
-1.93943
1.72827
-14.9045
-1.05056
3.40569
1.39165
-2.30481
-0.974253
0.636276
-2.96371
0.370203
1.06916
1.15899
1.83305
0.0152781
-3.82499
0.101698
-0.044659
0.844442
1.20838
0.236895
1.7626
0.757953
1.69536
-2.17112
7.976
0.0967891
0.0522239
0.160823
-16.153
-0.100883
3.48834
0.019273
-0.834124
-0.0546661
0.349359
-0.104748
-4.19865
-141.752
0.798365
-0.725321
-0.806074
0.777733
0.645942
-3.39413
1.49362
-1.85559
0.548999
2.34259
-0.297028
-2.38808
-0.193835
0.694524
-1.06771
2.58618
-1.36109
-0.401482
-0.81881
1.92846
-0.641105
-0.256749
-1.08542
6.0699
-4.81088
1.14254
-3.41322
124.202
1.19474
0.682629
0.674279
-0.917822
-0.99227
-3.15655
-1.31362
-0.383469
-0.566245
-0.837301
-13.1058
-0.0543059
0.104991
-7.69395
1.01022
4.65697
-0.559439
-2.54427
-0.155636
-0.504673
0.523283
1.37365
-2.07365
-0.797058
-0.159531
-3.43249
0.654006
-0.00272594
-1.64774
0.00847814
-0.0917872
-0.810204
-10.7349
0.736292
0.291177
0.661203
-1.33056
-2.71384
0.171524
0.434821
-0.0633095
1.58258
-0.00551526
-0.581774
14.5513
0.207819
0.512985
-1.79806
1.53205
-2.15632
-1.4237
0.170093
-1.29044
-14.5453
-0.665444
-0.0241604
5.72987
4.07272
-0.150703
1.01448
0.549269
-0.835577
-0.23792
-2.80012
-1.2044
-9.78915
-0.149094
3.05059
-5.48871
0.802836
1.53819
-0.299698
-0.931184
3.16546
98.3146
0.0141254
-0.680199
-0.00838212
0.432883
1.36291
55.9929
1.3035
0.818911
-0.816955
-1.04933
-39.0289
-0.142454
-0.827908
-0.994778
-1.11234
0.287069
0.417031
-0.0906516
1.21123
-1.12433
-1.84023
0.724162
-0.372652
0.314042
0.599508
-0.233513
-0.296328
-0.0495125
0.6397
2.73901
-0.394137
3.12718
-0.942165
0.0226039
-0.497695
-5.65666
-0.903999
-2.2471
4.70664
0.0148143
1.23369
1.50893
-2.95683
0.0276648
-0.0509638
-1.23773
-0.857705
-0.479508
5.82864
1.47745
0.639753
6.15208
-3.1008
-2.78897
2.65428
1.84611
-1.11357
0.398247
-0.516395
0.347085
0.286729
1.513
-1.05297
0.219368
-0.708696
-2.17934
1.25041
2.39952
1.75629
0.396198
-3.45302
-3.65877
-17928.8
0.534812
0.713405
-1.31383
-1.57521
0.546458
-4.23668
0.555376
0.179851
0.461556
0.274488
4.14062
-2.26167
19.2171
-1.54331
0.0224022
1.28395
1.43713
-0.585106
1.2587
-1.27661
-0.801163
0.111178
1.75221
0.112883
2.02284
-0.0689359
-10.3656
-34.1332
2.01886
1.46884
-0.44089
-0.477835
-2.89718
6.56363
-0.895165
-0.0757571
-0.64914
1.33559
26.8147
-1.23232
-0.0816192
0.140331
-0.580189
0.928767
-0.331742
1.23393
-20.5825
1.2687
-1.17349
0.16599
5.25184
-0.141271
2.89651
-0.793226
-0.592992
3.23565
0.259409
0.0207903
-1.48859
-0.30126
1.66727
1.20752
0.925727
0.286078
-0.246608
-0.853314
0.969267
0.873206
1.10789
-3.43587
-1.67448
-0.185944
-14.2658
-1.44938
-0.620878
-1.97028
0.292805
-1.6354
-0.210449
-2.1492
-1.10292
-1.2845
-2.23706
0.178855
-0.979157
-38.4993
-3.33329
6.35647
-6.06938
-4.96686
0.756791
-1.67662
0.152964
3.27129
0.440263
0.271243
0.634279
-0.44545
0.104059
8.49192
-0.827495
-1.85563
-4.30599
2.35461
-0.443932
1.31841
0.563257
2.24465
0.166741
0.856188
-0.0558807
1.23755
14.7039
-0.0289353
-0.635761
-0.436245
6.41635
-1.22253
3.19693
-15.1346
0.244328
-1.48088
1.37476
-2.30183
-0.909204
-0.457069
0.23752
14.3819
-0.483458
-1.08374
-0.475909
0.0530856
1.27014
-0.0281202
1.57399
0.456415
-2.95042
0.877288
-0.946407
0.118026
0.272735
0.548677
-0.763434
0.392191
2.79577
3.15498
0.245383
4.28227
-0.0408103
-1.64679
0.210164
0.518805
-0.846668
15.1283
1.30048
-0.795071
3.45496
-1.02469
0.623332
-2.05818
0.477362
0.347952
2.05848
-0.24547
0.309847
-5.18478
2.1999
0.221997
-0.482258
-4.56789
-3.08527
-0.713969
0.298817
0.0192331
3.04492
-0.612562
-0.968707
0.581124
0.768656
4.52113
-0.263959
0.876357
-0.804711
-0.74166
0.791201
-1.27641
0.0905868
0.0493942
7.95694
-18.3586
-0.265359
0.565008
2.07604
3.72564
-0.833725
3.12471
0.749989
-1.15376
-0.310189
-3.5401
-1.00529
0.295411
-12.4742
0.430984
-1.34821
-0.15047
0.126286
4.25437
-0.347189
-0.387792
-0.778197
-0.484774
3.45098
-0.432726
1.20191
3.38498
-0.358103
2.76541
-0.511213
-0.244311
2.88763
1.82984
-0.642308
4.78972
-1.60669
2.67365
0.631555
-1.14927
-18.6088
1.53034
2.28007
-0.110273
1.14835
4.71271
0.523196
0.811282
5.90118
6.69983
-0.16385
-0.0808381
-1.97967
0.865443
-4.04548
1.74284
0.0344982
0.0744695
-0.706975
-1.33908
-1.8479
0.390948
-1.86483
-5.08245
-0.478897
-2.1369
1.68506
-1.37008
-1.18387
0.979009
0.562661
0.149127
-117.116
-1.3557
-6.85881
-0.0688651
1.05372
-0.354216
27.5066
-0.235527
0.301745
0.351354
2.45944
-0.686415
1.533
-0.100885
-0.582428
0.676149
-0.878909
0.537913
1.17008
0.0362624
1.35804
-0.451508
0.0711719
0.450187
-0.445321
0.578488
0.957133
0.158314
-36.1394
-9.16361
-3.07211
0.457609
-0.835228
-0.197978
-0.14254
1.09141
-1.75694
-0.30159
9.26785
-1.0279
-1.09593
-0.149085
0.169787
-0.735385
1.21723
1.06901
-0.952037
0.702258
2.25226
-0.0916255
0.287951
-1.55567
-9.98378
-11.4952
-0.0233614
-2.97241
0.858216
0.22551
-0.190811
0.663872
0.983057
-0.350647
2.64908
6.91003
-0.181061
-2.27771
-1.32731
0.908591
-0.991849
1.31035
-0.59547
-0.633121
-1.75094
8.21513
0.374202
-8.84946
-0.758393
0.228685
0.415258
0.952617
-1.28767
0.26684
-13.5394
-0.874564
0.210097
1.84671
-0.117142
1.98513
-0.454998
0.73756
-0.0107533
0.874597
0.0851741
-0.460006
1.59946
-1.78549
0.0887373
-1.29524
0.343798
-0.665485
2.02799
1.89562
0.13545
3.11916
-0.862595
0.0828708
-0.658482
5.15745
-0.713913
2.11576
-0.403322
-1.41683
-1.4253
1.05231
-0.335256
0.569362
0.0270971
-0.385514
1.67465
-0.549374
0.208709
0.0809881
-0.1073
-0.0401795
0.922576
-5.71131
-0.60321
-0.559508
0.346987
3.24404
0.252321
-2.58448
0.548914
-2.64473
0.212945
1.35591
0.213922
0.605708
-0.237539
-1.03667
0.728164
-2.82948
0.145332
-1.82243
0.189275
-0.302804
-0.544201
-0.168366
0.518178
-11.112
0.731432
-1.31652
-2.01933
-3.0189
1.58613
-0.265513
-2.5964
8.79759
-1.13866
2.50877
0.38046
-0.773852
0.046579
17.3956
-1.42508
1.90037
8.89552
0.10566
0.310631
-0.0602207
1.49298
1.57597
0.26648
0.388429
6.28804
-0.818923
-0.706136
-7.68085
-2.70291
-0.485458
-0.392279
22.4616
-0.367722
2.3503
-1.71771
-1.52621
0.693774
0.198174
-0.342368
-2.60466
0.43828
0.657485
-0.884816
0.0993787
1.31311
-0.623936
-0.0539843
-0.533973
0.180443
-6.41796
-0.301177
1.33401
-0.0998703
-2.84899
-2.3197
0.532654
1.69321
-3.93633
2.74566
22.6814
-1.95336
1.64911
-0.216214
-1.35173
-0.519175
-170.841
2.12019
3.56219
-0.437478
-4.54077
-0.337489
-2.36051
-14.999
-0.423664
18.8988
0.919563
1.62622
1.06762
-0.455737
0.014928
-2.07021
-1.52466
-0.0826538
1.14047
15.5561
1.25578
1.90364
0.494422
1.57919
-0.141511
-1.98198
-1.22388
-0.0440173
-0.561483
0.258295
0.858463
-1.65487
-1.82462
-0.713538
-0.816096
22.333
1.24975
-0.796592
1.2845
0.110226
1.17212
0.467516
-0.277728
-0.0335197
-25.2566
0.176167
-0.0284858
0.368197
0.154352
5.5142
-0.141091
0.577735
0.856171
-0.317814
-2.48958
-22.7684
-0.823357
0.513212
0.766732
0.268843
-0.219908
-8.36718
0.447014
0.528649
-2.5723
-0.509218
-0.120998
-2.74542
-0.077551
1.54123
-0.0851683
8.90758
-10.3109
5.87007
-3.91362
-0.263237
-0.565391
1.39077
23.8347
15.8868
0.278888
-15.7372
-0.614039
-40.1174
173.313
-2.14119
5.34589
1.79488
-0.495113
-1.82142
-3.70934
-0.529649
-1.758
-5.65533
0.21253
0.105566
-1.65335
-2.15234
-0.186343
0.267781
1.2282
2.43574
-4.55998
-1.32708
-0.813063
0.225781
0.488304
-1.1946
-0.790978
0.331935
-1.10563
0.201878
-0.908232
-0.544702
-0.0957015
0.0532795
-0.495335
0.782756
0.0387165
1.34545
3.6523
0.391201
-7.44831
1.2798
-2.77386
1.85957
-0.056848
0.569473
-1.48966
1.516
2.46983
3.65711
-0.439391
-1.4426
4.43927
0.0467218
0.0869457
-0.084937
-2.48272
-0.124759
-0.124695
3.53828
10.1016
-0.954319
1.30417
-1.91319
0.270921
-0.330403
-0.456536
0.622037
-2.92301
0.0647815
-0.710591
-0.378191
4.39165
0.224033
0.627972
0.10654
-0.487469
-0.746061
2.62028
-1.52436
0.330913
0.0302001
0.386048
0.495526
-5.87667
1.33782
0.641676
-2.9286
0.357633
2.04929
6.45606
-1.27661
0.849861
-0.215312
-0.427145
-0.07862
6.41019
2.5906
0.657861
4.66467
-11.022
-20.557
-0.721335
-0.102033
0.679726
0.682947
0.571719
0.622377
-2.22107
-40.3367
-40.9053
0.754621
0.879422
22.7224
-0.384055
0.231835
-1.7423
0.157159
-2.01675
-2.90705
0.588922
4.80375
-1.43104
0.891119
1.05926
-0.436147
0.681308
3.3224
0.856626
-0.759335
2.41842
-0.154833
-1.35526
0.147495
2.16174
28.7858
0.0925076
-0.133251
0.273144
1.23625
5.10737
-6.34008
-0.600591
1.02812
0.310745
-2.6749
5.72832
9.61797
2.42488
-3.69311
2.1369
-2.12463
-3.74204
1.69677
0.582519
0.186302
-3.13247
-0.209652
-0.0785678
15.0274
-7.12644
0.321074
-0.476321
-1.10514
-48.7425
0.63544
-1.10925
0.477291
-1.14118
8.82814
-2.64693
-0.865185
0.493689
-1.43962
-4.37771
2.14512
0.00533956
-3.30407
3.42312
0.255538
-0.350162
-0.332606
14.9038
-0.0971134
0.0193678
1.07624
0.23183
0.355139
-6.80654
1.98323
-2.26085
4.88343
-1.2733
1.33073
0.194318
14.6223
5.44445
-0.832833
-0.191397
-0.664164
-3.64895
1.2355
1.73528
0.335434
-1.43731
0.873922
-1.26244
-2.22693
0.832741
-53.3396
2.8108
0.627466
-0.947617
12.2401
-0.284012
3.34177
1.84871
3.8088
-0.315022
1.36061
-1.03861
-0.505785
6.23671
-1.07056
20.6531
-8.82518
8.94921
2.93074
0.73743
-2.10492
0.0508597
-3.91452
16.0829
-0.685212
0.378861
3.59472
-10.2725
0.34187
1.32585
-0.259173
0.373526
1.59323
1.72769
0.120221
-1.00745
0.60944
0.174507
1.88445
-1.16383
-0.932845
2.98564
0.842792
-15.6574
0.739785
0.430584
-0.0930954
-7.69908
0.0937611
21.1035
-2.5331
3.26079
1.4684
-0.311172
20.3844
-0.792906
-0.946381
-6.27526
9.62282
9.06013
0.121109
0.39836
-1.23156
16.3809
0.479419
1.10165
-0.0385951
-0.0109972
0.208149
-1.2187
-0.735546
0.365287
38.6549
-0.264778
-2.11068
1.91425
0.260256
-0.52007
2.1698
6.51612
1.11843
-2.99347
0.413041
1.08423
-1.00365
-0.579427
-1.18077
2.35069
-1.83734
0.136551
0.408229
2.15624
-1.58706
1.03015
1.25257
4.39026
3.2589
-0.397963
2.1258
0.837703
-0.459225
-0.494957
-1.26609
1.68674
-7.19989
0.163635
0.561731
3.66209
11.274
-0.856729
0.215188
-37.8741
0.978774
-16.617
3.22449
0.237181
-0.986349
2.61818
0.887589
0.0168726
-178.859
-0.947969
-13.9742
-0.255471
0.196872
2.43575
-0.167219
-1.79084
-22.8229
10.8911
-19.5891
0.769593
1.09715
0.458833
98.2544
4.52873
0.134212
-0.575365
-1.19335
5.96699
-0.613913
0.527661
-2.29674
-0.729769
4.54596
0.220588
-3.6309
0.990509
0.742753
0.118512
-0.641721
1.38502
2.29904
-2.00911
0.00544086
-2.15108
-1.18509
2.95749
4.42839
0.399652
-0.327161
-1.23793
-0.913342
-0.412311
-0.891806
-1.00047
-0.478487
0.716092
-20.4933
-1.57118
0.0531825
0.706221
-1.01262
-6.10947
0.2835
0.338649
0.215643
0.0964873
0.465731
-4.07945
0.986001
-0.436626
0.598221
-1.37798
-1.94325
-1.50882
1.54358
-3.39798
5.02418
-2.04558
-0.0852513
0.209501
0.382497
-0.554183
22.4485
1.93841
-1.35452
-1.68999
-2.5337
0.883256
-7.1448
-1.6041
0.105996
2.03636
0.0457349
-1.03788
-1.0425
-1.26376
-0.188864
-1.23713
0.905451
-0.605587
-2.56707
5.0369
1.00331
1.04056
0.476361
-3.30918
-0.200185
2307.77
-0.217598
0.129225
-135.707
-0.074508
1.46206
-1.09541
-4.91568
-5.65826
0.917896
-0.0273588
0.231808
1.29825
0.485855
-5.8522
-4.02078
-21.5404
0.578882
-0.048486
0.0759002
-0.993608
-0.170758
0.727981
0.0354313
-0.512481
0.645238
0.697896
0.72999
0.327084
3.62117
-1.33863
1.07747
0.77652
1.86326
0.646263
0.319021
7.38508
-1.94743
0.291419
-0.677643
-1.05548
3.90102
0.268382
1.98063
-2.846
1.56679
10.3524
-0.0910486
-0.0358286
-0.0357687
2.03088
1.62397
0.192791
-0.697559
1.24715
-2.7865
2.2414
-1.10447
-0.096972
0.631627
0.998499
6.59335
-0.583037
0.906475
-0.540043
0.191004
-1.50919
0.6044
-0.655716
-0.191581
0.654294
-0.884864
-0.686332
-13.2485
0.0411537
-5.11521
1.11643
-1.52705
-1.03654
-4.42665
-0.51824
-0.626112
1.79309
-0.885386
-2.19676
16.8823
-1.18662
1.13575
-16.6305
3.62237
5.44398
-0.475993
-0.483965
3.71197
-2.18712
1.66755
-0.625738
0.585777
17.2416
-1.22636
0.383422
-0.302094
0.488808
-0.181978
-0.194321
2.37206
0.265395
1.58782
-0.736581
-3.17466
-1.38144
-2.21013
38.6033
2.61073
2.3767
2.51305
-3.09712
4.11894
2.82664
-6.32478
0.628398
0.33476
0.958482
-0.197203
0.541469
3.76071
2.8833
-1.75185
-7.80026
-1.513
2.70732
1.81543
0.0232531
-1.11829
-10.2798
1.1643
-0.260131
-10.2827
1.00526
-3.97955
1.66718
3.13714
0.245287
2.17114
0.960349
-1.77375
-4.69195
0.772649
-1.30488
0.0836147
0.158515
0.3555
-2.07931
0.197862
-0.883515
-0.952561
0.190148
-1.67386
-0.0769224
-0.533137
-2.08909
-0.275092
0.601211
-0.727153
0.233741
-2.6173
0.29292
-4.64408
3.26257
-0.0631367
0.472964
0.274736
-8.02794
0.00772324
-0.0204581
-0.611075
1.55281
0.031911
-1.63667
0.518781
-3.41619
-0.0864925
-1.73207
-0.638033
1.59702
-2.86568
-1.77627
1.56131
2.90066
-12.3157
1.29487
0.395897
-7.85476
-1.57643
18.0576
1.44982
5.17323
1.40219
-0.908117
-1.06766
2.25102
-0.237613
0.575103
32.5032
0.159641
-1.67563
-0.753179
1.10694
2.0435
-0.276107
1.90604
1.37274
2.31072
-0.650982
-0.322356
4.139
-0.725349
0.449813
-0.190623
1.36068
0.263875
12.158
1.02297
2.45169
-0.649396
0.668143
0.0377363
0.192138
0.451938
-3.48389
-0.110004
0.130737
-75.3517
0.218688
-2.4032
-3.55408
-1.13859
-0.093925
-4.75052
0.96616
-5.00341
-1.84597
-1.18377
1.08607
0.127051
2.10978
-0.41545
1.84044
-12.7402
0.201726
31.8422
0.0729916
-0.773518
-1.46025
1.47621
34.2758
-0.677943
0.289273
4.88455
1.35226
-0.124682
0.220817
-5.14912
6.3118
-0.254421
15.0927
0.341721
-0.41625
-0.656726
1.55543
-1.028
-0.952476
-0.212242
-4.71937
0.351435
-2.33723
-0.767662
1.83217
-0.922109
-1.53866
-0.333901
-1.00193
-2.04807
-1.17412
-0.191114
2.40802
-0.940001
-0.852934
0.5383
-2.83262
0.902843
1.3056
-0.972357
0.47735
-4.25043
1.2669
0.941078
-1.92237
-1.62867
0.0657896
-0.253742
-0.143691
-0.274839
1.87118
1.76928
1.10104
-34.7235
0.164273
0.671542
3.68111
-1.3216
-0.525948
-1.8803
-5.28196
-0.307906
-4.91908
-3.44887
0.0583481
-1.36442
-1.85425
-0.857088
-1.88037
-1.81785
-0.244638
-16.3103
-0.646875
-0.202447
-0.832821
0.57153
0.143157
-1.31442
-0.440047
-2.53602
-0.691703
2.5456
7.05963
1.55351
-0.149698
-0.608648
-0.0506973
0.873127
0.093585
-0.819425
0.449412
0.137542
-0.264376
-4.97285
-57.2878
2.33507
2.54581
0.796302
-0.481315
0.513295
-18.3376
-69.9981
-1.16635
1.42074
-0.771967
0.195466
-2.0464
-6.73063
-1.31998
9.32335
-2.15514
-0.408898
-1.49437
-0.788589
0.0755293
-16.2184
3.13979
5.50779
-1.88209
5.35783
0.662571
0.646069
-1.58071
0.628088
-1.42108
53.4061
0.59302
0.383529
-3.18901
1.99462
-6.48718
2.08341
0.816339
1.27638
-1.25632
2.66927
1.26266
-1.86112
-0.0446037
-0.16742
0.577574
0.856045
-1.3219
-2.15553
-1.36619
2.55537
-17.1632
-0.224561
8.61724
-2.75908
6.99036
1.37166
3.0264
2.38901
-0.197984
3.38024
3.60756
2.09228
2.44553
3.80362
-0.0999741
-2.27187
-3.08573
0.157753
0.909894
0.0431175
0.441683
-0.790801
-2.35773
-0.552844
-3.73819
-0.445996
1.6481
-0.224621
-7.16899
3.59313
-2.10228
-0.577517
-0.205054
0.0333643
-4.60507
-2.86308
0.631917
0.732303
0.993013
0.45199
-2.1731
-11.6887
-0.680175
-0.684822
0.303423
-2.72917
11.8049
0.373329
-1.6998
-3.17765
0.184146
6.56304
-73.8621
-0.0716567
0.0927219
17.8594
45.2587
0.0878218
-0.179363
2.06549
-30.999
1.3895
-3.30964
0.370114
-0.841922
0.38744
1.17499
6.46805
1.23767
0.230693
1.65425
0.177596
2.3268
-0.0336514
0.336832
-3.9491
1.10354
-1.34443
2.17728
-0.100879
0.977285
2.12268
122.458
-16.4144
-0.881741
-1.75395
2.8824
1.58574
-1.24806
-0.495207
3.11085
2.47476
0.570224
-0.81895
0.0360843
1.43689
-1.75088
0.545302
-0.47829
0.943994
-2.80661
-0.0117178
8.45838
-0.155176
-0.881666
-0.509233
0.787488
38.5571
1.80178
-0.587972
-1.16942
0.385091
-0.891228
36.7618
40.8637
1.26864
0.651583
1.30191
1.28926
-2.44237
-2.36987
1.88527
1.48747
0.489812
-0.605409
-0.0884433
-0.253131
1.29795
0.158818
1.43963
-2.87185
-1.31411
1.3846
-100.078
-4.83023
0.024456
2.41235
-1.42277
5.31123
0.644555
-2.6375
0.764883
0.065027
0.0744828
0.0947769
1.41398
-0.832978
0.634504
-1.57897
1.29007
1.6006
-18.7596
-2.43753
-0.915075
-1.10229
0.103113
1.93441
0.906327
3.66753
3.20174
0.285053
-4.482
0.456132
-0.0732457
-1.07367
0.596177
-0.0813095
-4.05443
2.34722
0.436765
-0.96828
0.788982
-0.0695121
-0.639462
-1.02219
-0.27988
-1.74524
-0.0712885
-8.83697
-0.767866
-1.96512
-25.9886
2.05716
-0.363752
35.4131
2.36871
0.62949
0.191194
1.68543
-0.149877
0.0210002
-0.396341
-14.0169
4.03273
-3.67611
-15.178
0.931172
-1.64892
-0.635633
-1.39636
-0.78231
-6.49233
0.36233
-2.12456
1.01035
-4.91544
0.0153111
-0.230467
0.513049
0.774524
0.0860194
5.87196
-0.567784
2.25595
0.502905
0.0581615
1.19599
1.60221
1.16623
-2.80041
2.22526
-9.39197
1.56686
9.02252
-1.43711
-0.487646
-4.35706
0.55408
1.51305
1.70615
-2.08192
-0.357873
-1.10874
4.52036
3.55603
-0.245942
7.55793
0.76628
9.86514
-1.62197
-0.0267115
1.1174
2.28465
-2.21005
0.786117
2.06309
-2.36294
-0.753932
-1.21167
-0.722396
-8.64279
0.976181
0.896687
0.441218
-1.70206
-3.52644
0.427052
-0.556648
0.677273
0.327558
5.40792
0.533632
1.12746
1.83138
-0.0930189
0.0230673
-2.2668
1.1901
5.73567
0.630071
-1.45129
-4.37271
1.30486
0.766807
331.947
-2.45268
0.722828
3.04589
-11.3627
-0.816175
-0.00808029
-0.231417
-0.775731
-0.577405
119.674
1.75546
2.16379
-0.790969
8.91867
-0.133798
0.503565
-0.0251369
-4.23661
-0.0142402
-11.8849
0.320984
0.485207
0.00779164
-2.13373
-0.642132
0.310455
1.55562
-0.734686
-0.546241
-0.910452
-0.0257331
0.759054
1.27498
1.54123
5.02063
-1.94689
-0.920208
0.467047
0.489911
2.38159
-3.22408
0.0424261
-5.62728
1.35213
0.399971
0.38971
24.8222
-1.12694
-0.88222
-0.633133
-0.783731
0.108358
-0.142567
1.2208
-3.48881
-0.189348
0.545935
-0.47206
-1.07172
-11.6717
-0.220405
0.498632
-2.36496
-0.465853
27.4231
1.01736
22.2196
60.9524
0.378238
-1.99608
0.578586
-0.501999
-1.83653
-2.50433
0.514994
0.0343936
-1.6038
-0.106169
-0.205451
-0.00204443
-66.6903
0.306126
-0.126969
-0.930608
-1.01167
-0.0172549
0.235667
0.761882
0.202463
0.514654
-0.312686
0.222421
0.837897
0.914478
0.708464
-0.668486
-0.477395
0.119552
0.150577
-1.50787
6.04998
-0.595231
-1.3054
-1.30946
-5.10569
0.380739
-7.15761
0.466572
1.00096
1.71287
-0.40242
1.15575
-1.65635
-0.356624
2.76912
1.14031
1.20098
2.31335
-9.45331
3.65932
-0.126824
-1.09927
-1.56053
0.752299
1.15779
0.560742
0.69538
-0.810181
-0.695496
0.345643
0.289789
3.83282
0.39021
3.30807
0.558177
0.022291
-1.10742
-0.55519
0.308047
6.15845
-0.650332
-10.8483
0.215749
-1.27546
3.43587
0.204043
2.14681
2.59873
-0.49453
-0.502249
-1.45432
0.00131864
0.212228
-1.08415
-83.9731
0.242987
2.46945
0.618921
1.86172
-0.419344
5.93859
2.97774
0.519157
-2.97566
-0.146884
0.533034
0.408753
0.707102
0.707036
4.65044
-1.6916
0.575747
-3.84782
0.228295
-0.929646
-1.47172
0.338783
4.41161
0.54394
0.288234
-2.03297
2.38991
-11.7574
0.17696
-0.168586
-0.819731
9.29593
1.22784
-0.214769
0.899041
1.10859
-0.525608
0.806313
2.01661
3.36761
-1.13856
-3.50968
1.43623
0.201355
0.665776
0.920719
6.30413
0.458782
1.13459
-12.5884
4.76207
0.0483129
0.032879
-2.00397
-0.880502
1.65881
-1.79822
0.0563441
-0.0208531
0.435072
-1.33228
1.74013
0.286869
-2.87846
-2.38008
0.596736
-2.76641
-2.19178
0.532679
-0.940504
-0.0563165
-0.897759
0.145583
0.913964
0.246911
0.928662
0.321018
-5.67471
0.694536
-0.229548
-1.68496
-8.35494
-9.36054
-0.0772521
-1.51868
8.43121
-13.8365
-0.0155044
-3.15019
5.21836
-3.3682
0.597455
-2.46108
1.01597
-1.35387
4.76542
1.50897
-0.0944721
-6.33803
-0.811249
-3.11449
0.374012
0.614336
3.06868
9.61602
3.40817
-1.32286
-0.823961
-3.37354
0.295943
-3.19404
-0.245786
0.424051
4.76395
-0.204744
1.12692
-0.811499
1.08729
-0.180603
-0.2494
-0.410147
1.44453
-3.97416
-3.04657
1.48312
-32.6645
-0.134002
-0.889949
-1.86574
0.0315006
1.34263
-0.0173466
2.05005
-0.579701
12.6603
0.813103
0.344327
-0.186062
1.66886
0.233189
-0.473973
-1.52127
-2.22787
-5.40017
0.0217073
0.461107
-76.0366
-1.09017
-0.00658088
0.366135
-0.606349
-0.0282857
-0.394819
-11.3138
0.259908
0.779708
-1.61052
2.09696
2.49415
-8.64848
-9.22105
0.684111
1.57583
11.1389
-0.0988033
-0.624542
-1.59628
-0.234559
1.75426
-0.0859009
2.6179
6.40243
-0.9465
3.32564
-0.20926
0.29398
-0.361746
-0.951292
0.595135
-1.83834
-2.91428
0.112038
-0.266573
-0.00824895
-4.16364
-1.27605
1.35866
-1.02671
1.40187
-0.230389
39.3719
1.02721
-0.980367
-1.78862
0.366585
11.1692
1.26586
-0.730038
-0.800868
0.647654
-0.212897
-6.23802
1.00906
0.373927
1.00664
-4.13187
1.71468
0.291845
-1.26258
-4.15798
1.19533
0.0145606
-0.926647
-0.0718453
0.31682
-0.524784
-0.690209
2.75805
0.191479
0.157672
0.894294
0.510785
-2.01697
-20.8954
0.509949
1.64056
0.836946
0.190155
0.235852
-0.943674
2.3822
-0.414046
0.664474
-1.1673
0.0509185
1.21757
0.427538
1.29052
-0.740209
-0.219169
4.15346
-2.17321
-6.76935
2.4355
-1.17214
-7.9354
-2.60749
-0.398564
0.411566
-0.297988
-0.0179262
-0.0152566
-0.462586
-3.5212
0.559106
-0.220178
-0.0611904
0.0148248
0.777774
4.41112
-0.435157
0.106763
6.7354
-1.34713
0.30758
0.278387
-0.939879
-0.531368
-1.30905
-0.354758
-0.316234
-0.297747
-1.91261
3.17749
-0.808739
0.995355
1.41125
-0.512395
-1.78716
-0.15324
-0.0792667
-0.2531
-0.628164
-0.455009
15.7512
-37.7099
-0.987047
-0.55689
-0.143372
-0.0429537
0.910619
-0.121046
0.686425
-0.0401608
0.0877172
-1.22071
0.306497
-0.045986
-0.269095
-0.282219
-3.73542
3.00823
19.041
-1.99339
1.97326
-1.8695
0.63561
-0.00877876
-4.33383
1.94955
-1.7035
-0.378383
-1.07078
1.76085
-0.36633
-0.476123
-0.869085
-0.263588
-1.45002
-1.17549
-0.791423
1.55655
-0.194584
-1.9137
0.218814
-0.775559
0.626594
-0.282961
3.82525
-0.146642
1.01124
-16.4101
5.33607
-3.9913
2.24032
2.59317
6.71517
-2.6336
3.80618
1.89911
1.39794
3.56638
2.2062
-1.79775
1.95393
1.90543
-0.791405
-1.79644
-0.0107754
0.169198
1.1951
-1.17359
0.208297
-1.48904
-0.255249
0.622198
-0.379829
-0.458226
-0.628614
0.604144
0.284807
0.0285588
2.606
0.241037
0.406573
0.0073801
-0.711545
-0.7134
0.513508
0.0203416
2.01322
1.57301
3.56693
-0.292397
-0.30176
1.29381
1.07212
-2.54064
-0.458889
0.202453
0.75942
-0.915955
0.552885
-0.842038
0.562452
-0.488145
-0.14639
0.76082
-0.220774
0.162213
-17.3543
1.14725
0.0523415
-0.516026
0.0379027
0.547086
1.14426
1.1153
-4.70603
-1.39068
-0.358944
1.63797
125.718
0.341299
-4.24333
1.43932
0.0494697
0.118378
-9.69271
-0.363499
-4.69237
1.68539
0.129586
0.749324
1.09708
0.968696
-1.86398
0.959291
1.08168
0.195244
0.745379
-2.94997
-7.97508
1.46814
1.9424
-1.77975
-2.11927
-64.5571
-1.70722
1.1695
-0.511008
-0.14094
-0.622875
1.95225
-0.236669
-0.312276
1.05472
0.492362
1.10898
-0.944635
-7.29283
-8.15577
-0.198176
-3.45413
-1.13613
0.136369
1.45091
-0.405891
0.965583
-0.760213
3.04829
-2.27305
-1.88438
4.14647
-2.74102
1.80018
0.168053
0.435367
0.912509
0.049884
-1.21356
-0.0217562
-7.207
-1.56744
-1.43768
0.00147382
-1.14386
0.424255
-1.55734
-0.155453
-1098.59
0.646029
-0.384611
-0.467496
-1.31273
1.65235
-2.96894
15.3887
-2.53453
-3.1218
0.461302
1.09154
-0.604428
-0.473363
0.143687
0.21288
0.121933
-0.179056
-5.51599
-1.44346
-3.41737
1.25916
0.830248
1.39809
-0.250947
1.73387
-0.221321
-0.274967
-0.527321
-2.0166
-0.662171
11.7039
0.552847
-2.09884
1.38465
-3.31997
-0.699197
-0.191504
0.00969007
-0.853208
-8.49251
0.924773
0.283814
1.19834
-2.36865
6.34733
0.265467
-6.25654
0.0456174
-0.368353
10.8443
8.27756
5.40079
-0.560482
-7.99908
-5.98559
-4.5411
0.131814
3.28584
-184.567
1.12182
2.36871
3.92945
-0.202261
0.305788
-0.0759868
-3.40267
1.15398
-0.292324
0.70989
-1.24665
0.291456
0.822413
1.67655
-0.863759
-1.93179
-8.74571
-2.10438
-0.738253
0.126567
1.28423
-1.99986
-0.281179
0.145869
-0.469467
-0.259042
0.555226
0.454634
1.4386
3.19068
4.17923
-3.17887
-0.807439
-0.602728
3.49322
-0.0234246
-1.59577
-1.12236
-1.32135
-0.0195433
-0.960558
1.13909
0.624206
-5.33214
1.63503
7.73441
-2.82123
-4.45356
-7.96453
1.51521
-0.175445
1.36449
5.18483
0.222182
-0.01331
1.85755
-1.70095
9.29205
-7.22844
-10.0677
-1.88858
0.991129
-1.76432
0.174354
3.29762
-1.36295
0.642418
-0.490741
-1.4297
-0.435227
-1.20484
-2.25022
-0.76112
-1.41495
-0.596941
-36.7832
-1.23371
1.94023
0.619128
-0.324446
-2.19421
-0.186541
-0.149545
-2.9281
-2.63858
-1.56805
2.5633
-0.164138
-16.4213
0.618199
2.605
-0.613191
-0.0302856
0.54251
-0.0448147
-1.25809
-1.74505
-13.7485
-0.157808
0.0760164
0.143279
-0.931287
-2.41404
-1.46728
-3.93095
0.978589
-0.160981
5.72417
-2.98381
2.00624
-1.33715
-5.17676
-0.654351
-2.26215
6.07327
-0.0392675
-1.00715
-0.74503
0.536255
-0.378301
-1.38611
-7.85789
1.54568
2.26195
-4.19093
1.4498
0.325422
-0.974716
0.288388
-1.51102
0.981972
-0.816163
1.25801
-0.224972
1.34627
-1.17845
-0.37159
1.46436
-3.63539
2.48018
-3.68206
0.190636
3.46355
0.561841
-0.824471
-0.27811
0.826895
1.77697
-18.0915
-1.66383
-0.0484758
-0.774563
-3.09117
-0.16578
0.868821
4.6567
1.91459
1.09631
0.679559
2.95254
2.2006
0.29167
0.481978
1.15305
0.623178
-0.251513
-5.01686
1.03542
3.66293
-0.211944
-3.1314
-0.914584
-0.855974
0.7765
0.117957
-0.0797886
-0.676144
-0.854653
-10.0134
1.9175
-10.6961
1.06376
0.0159657
-0.517142
-0.134934
1.85254
-1.84885
2.67833
-1.15916
-1.06256
0.886774
-0.325525
0.306092
0.662962
-0.986687
-0.0372967
1.76821
0.226647
78.2841
-3.7746
-0.749943
28.755
0.67664
0.135348
1.71913
0.314683
-0.84791
0.248579
-0.538447
0.928104
-0.173682
4.22603
-0.74281
-0.137424
0.31915
0.707981
0.234992
1.12369
-1.96272
-0.958115
0.404448
1.18856
-4.92261
53.6345
4.48011
0.812503
-1.44595
-1.21304
-3.37013
0.95705
0.23633
-0.600035
-1.56384
2.83164
0.130216
-0.760981
-2.97348
0.247556
0.0605571
-4.98438
0.750506
0.0704321
-2.27046
-0.0454374
-0.0444317
0.142493
-1.38753
-7.23011
1.93093
1.81446
0.0353942
-1.17817
0.115779
0.210553
2.50162
3.37476
-3.08178
-1.65671
0.911323
-0.534642
-0.828157
0.874899
-2.79861
-1.43025
0.534802
0.342333
2.67908
-1.47193
0.687093
-8.84834
0.567373
1.40262
-0.141495
2.71698
-1.407
-1.65972
1.12913
-0.0803344
-5.11191
-12.8294
1.32729
-0.13474
-1.02904
-529.318
0.665854
0.438662
0.303982
0.00901209
-2.81993
1.27112
-1.829
-1.72508
-0.384389
0.95845
1.31477
-0.0182036
1.23129
-0.583288
0.596821
-9.53648
-0.953
0.254832
9.96987
0.78782
1.04511
-2.18483
1.04499
0.0111859
-3.72161
0.860569
-0.303877
-0.649119
0.93472
0.705691
0.446616
-2.50011
-0.479173
1.33733
-1.33083
19.9756
0.412214
-0.130982
-0.950667
0.504794
0.373451
0.157655
1.11737
-3.25422
-0.425764
-0.603049
0.23068
1.70761
6.75214
0.242974
-0.773592
0.145528
0.831348
-0.753775
-0.0406524
-3.36543
4.3886
0.927013
0.230334
-1.11917
1.08715
2.45956
-2.23329
-0.474663
2.32718
-2.21295
0.65193
-6.27267
-4.04644
-0.258406
1.32292
9.81715
0.196049
-0.214077
0.0553111
-0.471508
0.0677502
1.52501
1.2543
2.73442
0.960946
-19.5474
0.683905
0.788823
0.194187
-0.764467
-0.0732306
-1.31496
-2.08153
-1.70652
-1.28603
-0.0812532
-0.54749
0.559344
20.758
0.649251
1.44484
-0.61516
-0.0196213
0.530919
0.631738
-0.992928
-0.704941
-0.577168
-0.590748
-2.25007
-3.81398
0.573326
0.0245811
-1.69742
1.96837
-0.0934814
399.112
-0.637083
-1.09825
1.70018
-1.70176
-5.51362
-0.114011
-1.40227
-0.577776
-2.96159
3.90187
-3.63802
0.0448397
0.436424
-0.0649359
3.97622
0.08333
-3.10619
-1.837
1.43861
-0.243945
0.288232
-8.72626
1.4425
0.166907
2.42203
-0.108259
-0.225638
-0.993449
4.025
-0.280323
0.806799
0.285663
-0.505664
-0.989946
1.80485
0.690072
5.35284
-1.72702
-0.238306
-0.709038
1.12179
-0.542818
-0.0742161
-0.79283
0.822506
0.221431
0.152097
2.54791
2.62353
0.878848
1.7901
0.848343
0.273147
-6.74447
-0.553589
-2.08381
-0.520806
0.259187
-0.825685
3.61445
0.0742686
-4.43597
-33.9691
-3.76237
28.1973
-1.05544
-0.821355
3.59881
-3.90762
0.523917
2.53919
10.9809
0.491165
6.71747
-0.390851
1.29142
0.227846
0.362369
2.59664
-4.50775
7.5741
-0.49381
2.68773
-1.55791
0.604046
0.576484
-33.7954
2.7867
-0.875518
0.0639127
0.22776
0.160687
-0.845419
-2.73768
-11.3732
0.151355
-0.185606
1.59353
0.922357
-1.53314
12.7973
4.15892
0.302673
0.0759271
-0.0740097
0.405088
1.42015
-68.909
1.65048
5.95395
0.498796
-1.04296
2.94235
-2.07257
2.46999
1.8765
-0.640058
-14.3373
1.17003
0.426472
-0.807507
1.68052
-0.393468
-1.19568
-1.98378
0.28827
-0.302269
-1.77623
0.00504184
-0.520145
-1.81865
-0.179094
1.61144
0.602915
-0.770908
-0.821806
0.562399
-1.39584
-12.101
-0.502595
-4.11703
1.67212
-3.32084
-0.289499
0.403581
-2.68254
3.11127
0.672904
3.27725
0.786593
0.211677
-1.19503
1.24986
-4.01962
-8.05771
-0.870313
0.0924094
5.3145
-2.44468
100.848
-1.25393
-1.02469
-0.285291
1.46008
0.534573
0.713173
-5.92917
1.55029
-0.0482822
-5.1388
-9.45438
4.61225
-0.312415
23.6065
-1.43132
0.89116
0.27151
1.80637
24.0222
2.2152
-18.876
0.822757
13.1301
-1.66343
-0.932248
0.653453
0.394554
-0.160699
-1.64924
-4.33889
-0.213816
0.0856781
-45.1528
0.38343
-0.825619
-2.19856
-57.7575
0.448723
-34.5377
0.786252
1.33363
0.0754246
0.784021
-1.00841
0.85024
-2.53097
-0.902784
-1.06533
-4.04985
1.06438
-0.852028
-1.208
-0.874228
0.556525
-1.05421
1.19385
0.189738
-3.46684
4.87682
-1.21565
1.93894
-4.50386
1.56455
125.618
-0.159129
0.89418
34.1263
8.04633
0.841327
2.32112
-3.19539
0.256656
-1.93386
0.901745
-62.2329
-0.499746
-13.7767
-5.23368
0.663839
16.5976
-0.0582775
-3.35419
0.416764
-1.35239
-2.16709
0.913728
2.05963
0.173093
0.555586
1.37692
-1.77715
-179.203
2.46774
0.0148681
-0.34341
2.00147
-2.45015
-8.46338
2.20297
-4.7796
0.414209
-0.372187
27.6837
-1.73178
4.69288
0.247842
-0.800269
3.35862
1.09636
0.287035
0.238778
2.8955
-1.94189
-0.462421
0.417947
-2.08378
-1.04738
-75.6776
16.9677
-1.94903
-2.31397
-5.00846
0.806931
-8.77428
-0.425555
-0.188982
1.13331
-0.839996
7.05123
-0.740557
1.70378
-0.461952
1.52361
-0.368457
0.0717826
1.85427
-0.590699
-0.758595
-0.952308
1.08732
0.0255539
0.796932
0.429296
-4680.72
1.68683
-2.52984
0.464378
-7.29627
0.858796
-0.265717
-14.6212
-0.221104
-6.27646
0.292811
-0.363874
57.5934
-0.383458
0.0620943
-0.141889
1.6779
-2.32713
1.57793
-0.0514565
-0.363949
-2.17924
-0.362011
0.360924
0.0882555
0.389408
-5.28502
0.720375
-2.49218
-0.414507
-0.481965
-0.250321
-0.695845
0.530327
1.9076
-0.232372
-1.72406
-3.85299
-1.11484
-0.807073
-0.216913
-2.79842
-1.72588
-0.231102
-0.368957
-0.401938
0.189452
0.145239
0.0762696
0.207064
16.6655
0.590419
-0.0759023
-6.09725
-222.909
-1.38798
-4.53903
3.9156
-4.72529
-0.380464
1.3992
-0.671091
2.28625
1.48248
-7.39851
0.899956
2.12803
-1.1971
-5.93436
-0.801679
-0.713527
-0.065064
0.74385
1.69559
1.04588
3.4351
15.9134
1.20345
-0.866476
3.49494
-2.05158
-0.747064
-1.08853
-10.0189
-0.488656
0.100135
2.61555
77.5803
-0.914512
-16.9725
-0.239531
1.77108
1.06752
0.611307
-0.416098
-7.57023
0.0337341
0.0553478
2.82863
1.65854
1.50678
-0.449553
-0.918045
1.04188
-0.238221
-0.555527
0.0921491
-0.0360318
1.70813
-13.575
-0.0736632
-0.785367
-3.98445
-548.295
-0.171112
7.91047
2.07355
-0.0329155
-0.0510565
0.80575
-0.0792575
-0.16611
0.226771
0.383369
-0.973913
-1.07713
-1.59426
-7.26928
-8.72579
-0.474477
0.797775
4.33227
-1.07233
-1.17303
2.19929
-7.44349
0.575983
0.0498847
3.32784
-1.30637
1.34315
104.336
0.534129
0.42688
0.503116
-1.44124
-0.706969
7.55107
1.12359
-2.82494
1.25684
-1.4863
-0.613579
-0.316478
1.27558
-0.337137
2.52625
0.909594
-2.80632
-0.883576
-0.470045
0.114852
-3.29347
0.536953
1.09593
-2.37463
11.1316
3.6844
-0.671807
-0.0814206
0.7293
20.8862
-0.316099
0.805174
0.794479
0.774539
0.753172
-0.785369
1.53773
-4.73731
-0.181842
-0.307167
0.572972
-0.250269
3.05963
-0.17383
9.69911
4.28872
44.4982
0.360153
-2.13288
-0.104218
2.65628
0.92746
0.571199
0.439498
-0.666529
-0.0401283
0.599328
-0.968478
0.676916
-1.88579
-19.3059
1.55838
-2.69938
-0.519479
-1.7792
-1.92287
1.55784
-81.6644
-0.860202
-3.78793
0.925653
-0.284723
-7.10861
0.575915
-0.213349
-0.629686
5.57597
-1.90838
-0.703953
0.43308
0.635602
1.12678
-0.184133
1.23848
-1.12326
-2.69827
-5.43326
-0.451331
-2.75485
0.20053
-0.227351
5.82661
1.75534
-0.0466125
-0.918265
-8.69337
9.54449
2.57685
-1.06569
1.20538
-2.35813
2.20181
0.548842
1.26641
-0.00531539
1.03832
-1.51828
6.2822
-1.72313
-3.26727
0.0428869
2.48385
-0.592997
1.19555
-1.04052
-1.52726
-3.37633
-4.66745
-1.87336
-0.401963
-3.45504
1.2162
1.16089
-0.146092
-7.36395
-0.913527
0.187133
49.9767
0.173903
-0.37904
0.0692689
-0.32773
0.0120716
-6.94582
39.7451
-0.448389
-0.105252
-0.221611
0.300063
-1.3258
-0.180567
0.44817
-5.12734
-27.1336
5.4444
2.94974
0.400508
2.09151
-0.646128
-2.68895
-0.332871
2.02071
3.73679
0.100708
-3.42301
1.83427
-0.901319
-0.678104
2.29838
-0.950559
-1.10019
0.383216
0.0689174
0.435705
-0.476844
2.82008
0.118565
0.632644
3.02284
3.172
-1.40188
-0.72988
1.60595
1.22605
-1.93952
4.06358
-0.808769
39.5004
-1.56681
2.01689
0.0465035
-2.43453
-1.16877
0.613157
-0.536373
-0.196703
-0.457398
-0.864069
-0.470333
0.863392
0.807094
0.825107
0.815585
-0.166404
16.054
-1.78349
0.618537
0.298119
-0.383595
1.46745
-1.98428
1.88803
-0.877331
0.32517
84.6843
-11.981
-0.649831
-0.356141
0.0546214
-0.940205
0.54698
0.312282
-0.97862
1.96902
0.0613563
1.76151
-0.653051
-0.569234
0.349376
-0.701658
-1.45942
1.60867
1.59227
-0.612867
0.152281
-1.62185
0.262951
0.0944368
-0.811553
-0.898859
-3.06143
0.851884
-0.529104
0.0753348
-0.693448
200.565
0.473638
0.178538
1.09513
-3.39845
-0.859178
12.1441
1.26892
0.450848
0.849795
-0.202887
-1.5063
-0.983246
-0.540048
2.92916
-2.24212
-3.28017
-9.56307
0.300824
-0.319933
-0.456414
4.8127
-0.967133
3.81811
-2.94981
0.015582
12.2401
-0.865628
-0.196377
0.970206
0.240233
-0.518695
3.34249
-11.8222
0.814871
-8.08941
-1.37521
-0.373631
0.467933
-1.18928
0.73508
0.635734
-0.0225426
-0.518081
0.128839
-1.72363
0.902338
-0.785704
0.48123
-0.570725
-0.433026
-0.520119
-1.85955
-1.70358
0.823673
-19.2054
-27.661
0.213358
6.45284
0.48312
-0.774271
1.09675
-0.0920506
0.231796
1.27372
19.7921
-1.16733
-0.711851
-0.52305
-0.381928
-1.09369
1.63767
-1.40341
-0.0700678
3.34348
0.243891
-0.474593
0.578781
0.663597
-10.1456
2.87807
2.19433
5.81146
-0.403409
-0.447535
1.85857
-2.25383
-1.08299
0.562607
0.674347
0.338836
-1.10474
0.152837
0.333776
0.378659
-1.91931
-5.56608
2.35195
2.35447
1.54666
-0.579019
0.280589
0.59043
-3.95124
-18.019
0.0148919
-0.602812
-1.07831
-16.3585
-0.573371
-0.00639662
-1.55994
-0.531755
111.113
-0.658255
-3.04839
-1.17741
5.28858
-1.18955
0.277983
-0.19265
0.0715032
2.5909
0.80408
2.597
6.96345
-2.21858
-6.42745
-1.81197
0.871971
0.314729
-0.254318
-1.38102
0.462381
0.245956
0.432247
1.91215
0.219335
-0.305778
-0.0703467
-0.932359
-0.730831
1.43215
-0.720443
-1.74197
-0.300784
3.91629
-0.252115
-7.07632
2.58378
0.92537
-0.797835
-0.128288
1.38819
4.14215
6.08554
0.765573
-0.118676
-12.0439
-0.113595
-0.410642
-1.4269
5.48531
0.0514589
0.283909
-0.658133
-0.162666
2.62944
-2.05617
0.113663
0.708993
15.7205
-0.000834253
3.13197
0.924184
0.591059
0.0468734
-22.6297
0.574884
0.871411
0.195491
-1.13145
1.59057
0.015952
0.00968166
-0.131385
0.863332
-5.95395
-3.89074
-9.90242
-0.560617
-0.862547
-0.119332
-9.89223
-1.27332
0.208326
0.309961
-0.369982
0.50177
-2.35944
0.518937
-0.0900502
0.895383
1.73666
0.38696
-0.00901403
-0.280892
-0.0342854
-0.28893
0.316793
5.46406
0.838315
1.26468
-0.0127565
-0.00471265
-0.84972
-5.50983
-0.746678
-0.413281
-0.821608
-9.00954
1.58687
-0.618025
-1.8818
0.711732
4.10792
-3.2732
3.84451
-7.25111
-0.309892
1.15819
-1.1894
-1.86199
0.625745
-0.0524922
-4.15628
0.492442
0.858924
25.4772
0.780891
-4.41882
-7.37584
-0.434436
3.00646
0.47011
-0.904011
-4.74268
0.270313
-1.14351
2.33432
3.52858
0.353853
1.48128
3.82342
0.387166
2.69931
7.37665
-2.87078
-0.0954435
0.64013
0.560925
1.52649
-0.0497607
0.453459
16.9516
-0.673662
-5.05448
0.0111156
-3.818
-0.132145
-2.14337
-3.87567
-0.302595
1.40492
-0.714214
1.85645
-0.488058
-0.575475
2.39669
-3.30647
-2.08326
5.84306
1.12163
0.154612
5.14694
-0.253354
-2.05751
2.39709
5.91368
-0.577321
-0.444449
1.67984
0.448566
7.95977
1.08823
-1.31367
-6.25366
0.162861
0.126154
0.22648
9.26281
0.213334
-2.63292
0.764643
0.290011
-0.269554
-4.02266
3.41279
0.79043
4.19066
-0.403289
1.18684
1.20844
-1.69787
0.0206307
-0.805131
-3.14688
2.09977
0.347502
0.00579987
-0.0527319
-0.298797
2.50473
-0.989376
-18.6714
0.609925
3.79314
1.22898
-0.0353861
-3.09435
9.09248
6.39581
-0.0724449
0.00956047
-0.395804
0.0302655
-0.87539
0.478318
-0.787908
-0.109188
2.49545
-0.401269
-0.0311939
-1.30566
24.6807
0.890518
0.473917
-1.18554
-0.512164
0.016673
-1.03568
-2.78482
1.24054
-2.46975
-3.43518
3.09632
-1.43202
0.941332
1.8455
6.48062
0.0123972
-0.0866509
-0.866522
-0.602485
-0.496141
4.41792
-48.0795
0.669449
4.93824
0.464662
-0.385041
1.65267
0.26082
0.306346
-1.07895
-0.55239
-0.962591
5.81475
-3.32498
0.23155
1.20235
-0.964891
71.3356
5.33128
-1.24474
-0.444364
-44.4769
2.33724
-0.87617
-2.64856
-0.235481
-5.09912
2.62741
0.251778
-0.582906
1.57542
-5.00864
0.176285
1.78239
-1.65373
-8.72092
-4.33183
0.294716
-1.25797
-2.88066
0.519658
-2.87443
1.41985
11.1779
-1.76014
-1.11734
-1.25551
0.681485
0.19543
-0.580479
-0.538674
-0.419872
-1.0346
-0.245483
0.644008
-0.194103
0.0418768
0.297516
-1.03219
0.686958
-4.34729
-1.70765
21.7341
-0.540955
-0.693175
-1.87392
-0.483492
-3.5478
0.300393
-0.893969
-10.6278
0.581189
-1.67132
-0.783742
2.12729
-2.78204
0.168147
2.99026
2.60196
-15.1147
0.860295
-2.19706
5.74366
-0.958582
-1.87372
-3.43841
1.50759
0.0544536
-0.773902
-0.284114
0.325027
-1.98643
0.867224
0.149908
-0.93194
-0.284145
-19.1105
-0.756766
0.649299
9.67146
-0.268024
-0.189879
4.16357
0.544235
-0.291261
-9.6422
1.28594
1.14224
-0.854041
0.453018
-0.20518
-5.699
-0.33162
2.17616
0.96577
-2.76194
0.197148
0.0893509
-0.621148
3.27992
-1.2918
-0.592272
-0.883138
-0.371579
-1.01827
-1.10814
-0.717354
0.232169
-0.487055
-0.577833
-0.335465
1.57814
0.52957
0.960186
-1.1461
1.88158
1.50067
0.500798
-0.0750372
-1.61367
0.65274
0.695795
-1.63504
-0.203267
-0.935759
-51.6711
-1.45837
0.512959
1.55849
-0.185684
-21.3766
-0.620688
1.33185
-0.394814
1.93908
2.42339
0.485058
5.17334
3.33825
1.48679
0.0664639
32.2499
-0.874825
-1.90361
1.12352
-1.22498
-0.339975
10.9784
-0.104737
-0.86187
6.07971
-0.972558
2.65514
-1.23588
0.200985
0.602772
1.00327
0.231043
-12.8637
3.15184
1.73398
0.551253
0.294491
-0.0201987
0.496605
-2.6578
3.06546
-1.27361
1.87755
5.25295
0.596127
43.4336
-0.970955
-1.83229
0.274583
0.718697
7.38558
-1.17689
0.952387
-0.401453
1.58543
0.581016
0.934583
-0.285672
-0.271339
-2.55595
-1.01439
1.72909
0.452306
0.731992
1.93478
-2.99649
0.654794
-0.155205
-2.77146
4.61841
3.94685
-0.22869
-2.30683
-0.521315
1.97612
1.69017
51.4178
0.938885
-3.6974
1.27986
5.20398
-1.2181
0.40119
2.79147
-0.0159592
-0.931921
2.54564
-0.44336
2.09476
0.941057
-0.27484
0.832428
1.54843
-0.512553
-0.711791
0.276672
-9.15548
0.042288
-1.63876
-0.773664
-2.10461
1.52783
-0.0207651
-0.319135
0.0405176
0.789406
-6.03452
13.4405
1.464
0.0580178
0.325768
-0.356246
0.822256
-1.29634
-151.114
1.07807
0.350465
4.02952
-0.108294
0.340058
11.9651
2.03774
4.25663
5.43597
-0.847467
0.933761
-0.597241
2.1239
0.298347
-1.03608
-0.462209
-1.42844
-1.24193
-3.4609
-0.439758
-6.32007
0.093864
-1.12779
-0.124978
2.02083
-0.0801593
0.280828
0.137278
0.33748
-0.652456
-1.99143
-2.75506
19.3565
-0.499053
-0.326652
-0.715629
-0.595002
0.108711
-1.5301
-1.65968
0.252066
0.845508
1.47575
2.74243
-4.0258
-1.11235
0.42276
0.354741
1.60794
-3.31267
0.646774
2.96712
2.09223
1.56946
3.17407
0.0418193
-0.323742
-2.19811
-0.163344
-0.381553
-1.63309
0.475367
-0.048626
-0.00999467
-2.5535
1.39955
1.46932
-0.700795
3.93478
1.65926
0.885446
-3.3896
7.17485
2.54495
4.09477
-0.694501
3.18121
0.120124
-7.47852
0.211894
-0.293245
1.98367
1.94772
1.55127
-0.021334
-0.412647
2.4182
2.92147
-2.08522
-2.65936
0.320917
-0.728067
3.15516
-4.04754
-0.178994
-1.21482
-1.03814
2.93118
-0.0918293
8.13385
-2.13702
0.0513509
-5.30504
2.21319
-2.72474
-0.108691
20.7776
0.902433
-0.267154
-0.72004
-0.754793
0.508138
1.57157
0.677755
0.0228099
1.08344
0.397599
-1.31932
-11.5655
-1.32981
0.389567
-1.70274
3.89903
-1.88913
-1.36933
0.194945
0.523389
-3.53282
0.98329
-0.568943
1.15509
-4.03086
0.476497
1.15314
1.90887
-1.5362
1.86575
-0.321203
-0.0531183
4.11572
0.56996
1.30905
-0.107275
-0.805148
4.80119
-2.22035
1.20543
0.269043
1.32684
0.364494
0.67757
0.500336
-1.32223
2.88348
-0.0771446
-1.65636
1.08431
-0.261545
1.23944
-13.5554
-2.2378
-0.440177
0.0474272
-1.17605
-6.79318
0.651364
2.07351
0.528148
19.4985
1.53626
0.297367
3.02453
1.03759
1.07305
-0.486383
-0.987906
-5.02736
-1.03881
3.31656
-2.60061
-1.46228
1.95919
0.281557
0.350774
0.0526839
-4.1379
0.202406
1.55326
2.05115
-0.250609
-2.74211
-0.453925
-1.06048
3.7735
-26.3525
0.0998701
2.14391
-0.244933
1.05779
-1.91413
0.451592
25.4125
0.490365
-0.142867
0.00939562
0.93216
0.767935
-3.44509
1.00439
-1.74925
0.541345
-0.52835
0.390334
0.63166
-0.0632584
0.231879
-2.45101
-0.548845
6.85062
-0.416872
-0.542369
-0.13026
-2.31441
-0.493034
1.79133
-3.99705
3.59436
11.7013
2.20576
18.3892
-0.258551
-0.260647
0.910322
-1.16403
5.72837
0.616163
-3.45328
-1.23112
-1.06538
-5.76148
3.5721
-0.675563
1.46504
11.645
0.0242329
-1.3991
0.202695
1.41729
1.61645
1.93207
0.151628
-1.48458
1.43064
0.397027
-1.98714
-13.5572
0.765607
-1.14977
-0.521311
0.280665
0.146349
-0.808412
-3.66448
0.136965
8.87228
15.4509
-0.546858
-0.128926
4.35527
0.627856
10.1296
-1.11118
3.26535
-4.23215
0.43914
0.23979
-9.33974
-2.08846
-0.622492
-117.287
0.61679
-0.158858
-1.30291
-1.09252
2.15763
-9.0037
0.065956
-1.19443
-0.0884842
2.3282
0.678531
-0.792318
0.355124
-0.35262
0.690999
-0.671708
-3.60378
0.175149
1.1308
-0.927887
-1.63334
3.57557
-2.89552
0.285484
5.50438
-0.0381961
2.6372
-0.621763
0.819772
0.556471
-3.80183
2.25955
-0.904732
-2.79103
0.647608
43.3176
-0.439308
3.12614
6.42066
-0.444259
-4.10886
-1.00555
0.760647
-0.418286
1.3952
0.341024
3.72134
0.0457904
0.582308
-0.0922122
-0.379413
0.322653
10.6621
4.56144
0.193568
-2.8427
-0.447527
3.16243
-0.424313
5.14971
-2.00887
0.145061
-0.184679
-0.261923
8.14497
1.27015
-2.03478
-0.0326655
2.13102
-167.363
-272.079
0.632697
-0.745709
0.233142
-0.766729
-1.33741
-0.254259
4.67214
-0.589059
-1.74921
0.792097
-1.44547
1.12033
1.75551
0.790429
3.23499
1.76724
-0.194586
-0.521144
-0.00245338
2.43716
0.48291
48.7755
0.573717
2.08833
4.53433
1.33883
-0.694853
0.61343
0.384594
-8.00927
0.56715
-0.16227
-0.388901
0.784644
0.288524
0.313127
-2.81118
-0.0189726
-0.539109
0.957422
-1.15024
-1.95706
0.775961
0.0192495
0.687991
1.80006
-0.982198
2.88409
5.03741
0.272552
1.20486
-1.65051
3.18
115.98
-0.465394
0.588184
-0.523366
0.697837
-16.2996
-2.65299
0.659479
2.55718
-0.0601853
0.235937
-0.719642
-1.1121
-0.160515
-2.3401
-2.99352
0.0640082
4.40638
13.8598
1.07242
1.81884
-0.261725
2.13691
0.181373
-8.33931
-5.32026
0.426366
1.80724
0.629287
0.666985
1.04252
0.643469
-0.925717
-2.21466
-1.71477
0.104444
0.349724
-1.8677
0.773721
-0.8593
1.36472
0.420427
0.737768
14.1699
-7.69797
-1.17846
0.302447
-1.95263
2.06194
-40.6271
6.42433
1.0596
-0.114603
-1.23654
-1.60518
-0.176008
0.926051
0.952213
-2.56668
1.81231
-2.50989
-0.285515
-0.451569
-0.851355
-1.82916
1.39156
0.041504
-4.79879
-0.518978
-17.5811
0.828624
-4.85471
0.754528
-0.642405
0.000517244
2.59407
0.282774
-48.5723
-1.49743
0.731604
-2.30749
0.906289
-0.888495
-0.533861
2.36354
-2.42481
-0.529156
1.92897
0.0739597
-0.51641
0.618101
-5.12037
-14.1044
0.0255252
3.83252
0.148611
-1.30168
0.0630961
-0.190968
-0.334041
-0.847865
-3.48454
-1.96018
0.582133
-2.59564
0.0688128
0.345003
0.10273
-1.74843
0.875317
-1.92684
-0.326355
0.249644
-0.065679
2.38055
-0.985122
-2.75173
-0.481353
-0.43203
-4.22018
0.258596
0.830591
-1.13338
0.429236
-0.983845
-3.27139
0.00873182
-1.56824
1.34756
-1.72602
2.75721
-2.08934
1.26563
-0.553527
1.10061
7.41918
1.04663
-1.68761
0.521183
-0.0199921
1.69225
-0.128671
-27.0448
-4.29195
0.76286
-0.342287
-1.10666
0.234058
-3.18782
-1.86325
-2.52096
-1.47576
-0.160568
-13.9443
-35.0251
-0.304106
-0.991193
1.2827
0.441522
0.256046
-0.198935
0.3721
0.62805
1.68289
8.87485
0.442193
-1.49801
0.410279
-0.0718896
0.630848
-0.277019
0.864138
0.776391
-0.737039
0.473324
-0.576757
0.483918
-1.13268
4.10966
-1.14423
1.78318
0.787243
-7.58973
3.82147
-0.831471
0.367019
-1.50777
-2.23721
-2.04146
-3.75851
0.205899
1.43334
0.565867
-0.572257
-3.28989
-1.21134
0.518815
-26.3049
-4.08233
-0.0597279
1.23138
0.378214
1.24752
0.607997
0.0851587
-2.83819
-0.679355
0.784506
2.17485
1.05379
-0.550964
0.551926
-4.55842
-0.019938
0.995001
1.46689
-0.178779
-0.998133
0.0836155
18.1705
0.770354
-0.765768
-1.1938
0.352629
-1.33254
-1.306
0.499498
0.608008
0.908901
0.85534
1.83738
0.347206
-6.00309
-1.18148
6.34825
-0.224243
2.82899
0.0979861
-0.499208
0.825054
-1.14184
-17.4877
-4.68519
-0.572565
0.866127
-1.17029
-0.368448
-269.855
-2.18495
0.0296253
4.39946
-0.151178
-14.1947
0.6214
1.30868
9.59635
-2.30547
-0.11615
-2.42867
2.68532
-0.426383
-2.925
-0.397444
-7.24415
-1.69029
2.09166
0.422731
-0.486296
1.18392
1.24375
-2.83966
4.62401
1.33805
0.155905
5.07153
0.664518
-2.35405
-0.465428
-1.25264
-0.261039
-1.22441
0.824269
-0.326799
0.536444
0.109278
0.303346
-3.8994
-1.64395
4.66002
28.5591
-1.0096
0.410866
2.21283
-2.37811
-1.39443
1.6963
0.0135805
0.0149193
-0.412925
-0.442213
0.932276
0.148807
0.0823259
1.28537
0.842145
-0.126482
0.543593
-0.576064
0.576293
0.608203
0.121949
-0.626112
-6.02994
0.51684
-6.93676
-5.03246
1.89872
7.01827
0.907153
3.11034
0.761315
2.29638
-0.237119
0.616802
1.02649
-0.625778
-0.275324
0.540617
-8.33423
-0.251008
-2.18536
0.265316
1.12628
0.623994
-0.115942
0.682773
0.0904479
-0.387235
0.0124588
-1.36348
0.321296
-1.40504
-0.126235
-12.8889
-0.537115
0.754886
0.644806
-0.0377593
6.46099
-42.4468
24.1945
-1.23808
1.07644
-0.359177
2.57231
-0.214556
1.72522
-0.310899
1.24225
-0.942959
-1.6286
-5.49949
0.627436
-4.7387
-0.7916
-1.78092
-1.2713
-3.40167
-0.412247
0.886013
-4.60123
-0.594534
0.47609
-2.41915
0.283941
-5.4975
1.07076
-0.748134
0.79872
-1.01106
-9.25461
-1.28824
-2.14686
1.05977
0.660677
1.01774
-0.198988
-0.385552
0.50609
-0.117051
0.576415
0.412231
94.1175
-0.395247
2.59281
17.7336
-1.47332
0.246821
-0.472464
-2.47457
-1.47428
1.10089
-0.818211
0.063936
1.70535
-1.58381
0.328797
4.49575
0.359751
0.893413
-3.21386
-0.828451
-0.769369
-12.6891
2.95704
0.850198
-12.0066
0.0127763
-1.20805
-0.579411
0.444073
0.130387
5.97185
-3.70776
5.79659
2.50432
-3.86963
-4.30515
-0.765883
1.06238
0.510224
0.520111
-1.2409
10.4812
-0.170024
1.72765
0.775843
1.5754
-2.41349
-0.142221
0.458506
-2.31103
-71.5242
-0.538266
0.501054
1.15857
-0.440898
-0.393356
-3.52587
0.436501
2.56579
-14.4295
-0.33827
-1.717
-0.0476507
-0.224542
-0.204954
-0.171178
-3.25591
-1.0051
1.78905
3.52353
-0.708416
0.233549
-0.205791
-0.1353
-0.713348
-0.321464
2.32477
-0.51132
1.1559
-2.92417
-0.873246
1.14863
0.663672
0.324234
8.96163
6.67495
-4.37837
0.043935
0.748102
-1.26904
-0.727331
-0.671376
-0.222911
1.99455
3.31757
2.56827
-0.212293
-4.865
-1.0708
-0.195004
-20.9246
0.101274
0.865597
-1.5662
-0.537091
-1.13147
1.94356
-4.53933
-1.7339
-0.187296
-0.354322
12.8676
-2.04584
-5.16832
1.75621
-1.02602
-1.05316
0.887255
-0.380027
0.944156
-0.202144
1.00349
-1.60907
0.873784
-2.69208
0.932885
1.4244
0.689375
0.131256
0.435877
4.18557
-4.00295
1.01195
-5.37544
-0.915757
1.16798
-0.142021
-1.00513
0.432693
-1.07977
1.11874
0.81393
-1.43227
0.539781
0.840359
-5.59411
2.48662
4.30796
-0.729389
-0.173676
-0.79515
0.0096773
1.33168
0.102602
5.86873
-2.02174
0.0847666
-0.440764
3.41871
1.55778
-2.02266
0.440986
-2.7135
-0.291792
-0.350985
3.20889
-5.9096
0.305063
0.555285
-2.73429
0.269297
-6.45285
4.49014
0.375927
-0.404203
6.24797
7.22669
0.256604
-4.42227
5.67268
-0.740106
0.419441
0.708615
0.423556
0.65152
-3.18813
0.322973
0.870591
14.735
-6.41351
-1.72227
-134.983
19.3744
0.068336
-1.4348
-0.240527
0.683387
-0.0996192
-36.231
-0.355887
0.0714849
0.236159
-7.82181
1.43862
4.85866
-0.226949
-0.44369
-0.693877
0.827316
5.3032
0.657719
0.561036
-0.189917
0.375171
6.86129
-2.14473
-0.311845
-2.47136
1.38972
1.6868
2.14981
1.20037
0.626058
2.46701
2.44642
-1.48714
0.00607214
-0.264781
1.97379
0.3753
5.38142
-3.45013
0.234445
-9.0528
3.27367
0.283716
-0.437582
-0.142421
0.602748
0.140103
-0.24415
0.806103
-1.95433
-0.525957
0.0966557
-0.23531
-3.40403
-4.42615
-29.5866
-4.30291
0.676476
6.29295
2.43187
1.81001
-1.89029
-0.155492
3.23969
-1.35207
-0.500103
1.57827
6.79942
-0.00174357
-37.4154
-1.71501
-0.46421
-0.322874
1.09447
2.44301
1.15657
14.7518
-0.397843
2.25503
12.4435
2.22016
2.24905
-2.00406
-2.2926
0.576961
-0.319257
-1.22406
-1.77713
1.19241
-14.5157
-0.00946106
-1.13195
0.805483
-0.646239
-0.566918
0.84635
28.0387
0.287716
0.966651
1.02517
-0.151427
3.31148
-1.97087
0.735722
-1.66834
-1.52709
-5.50574
0.107734
0.113583
-7.62302
1.38377
0.94946
4.85143
-0.781381
-1.39243
-0.438064
2.11078
0.935624
-0.666364
-0.965547
0.410359
0.779663
0.72896
0.346919
1.42985
-5.00774
0.630533
-1.97374
0.16784
-2.57281
0.50947
-4.92112
4.01134
-17.5754
-0.288805
0.751832
-1.48128
0.125645
0.976538
0.137808
0.0518387
-1.53734
-0.0523942
1.64003
-27.8971
-0.161991
1.36215
-0.208041
0.544752
-8.73968
23.2919
3.42639
-7.04507
-0.799923
0.194241
-61.9001
0.287861
0.548017
-4.06275
-0.892163
-0.354215
-0.499278
-0.709827
-1.19883
-4.87573
2.78862
-0.354141
3.06899
3.14328
-2.37987
-5.16789
0.360153
6.77779
2.76316
-5.53323
-2.57099
21.6155
-0.696746
-0.837064
-2.33628
-0.0923433
0.81121
-2.67358
0.391828
-6.05913
1.22315
0.246621
0.387006
31.0199
-0.0904235
-0.352882
-0.963482
0.64299
-0.290926
-1.70378
0.49739
0.669059
0.670674
0.624544
-1.85327
5.6316
0.673854
-1.11592
0.918054
-1.51976
0.790679
-0.942537
-0.466929
0.653981
0.290987
-1.01323
3.91716
4.38409
-1.20266
-2.13861
-0.0173684
-1.16524
1.40882
-2.04066
-0.00566486
-0.403395
-3.15246
14.5374
15.8927
0.0588579
1.19427
0.883299
6.70227
-2.1698
-7.5627
-3.65427
0.0904749
0.930146
6.84007
-0.626729
1.8691
-0.072631
-0.0650507
-0.985207
-15.4504
3.40006
14.8596
0.347084
-1.02589
-1.35111
-0.755372
-1.71033
-38.9721
1.01326
1.18059
0.137551
0.417634
3.9552
0.950695
0.0950313
-0.654613
-0.400946
-0.673765
-0.263555
0.794427
0.958355
-0.0729312
0.456406
0.272184
-0.206763
-0.525967
0.241852
-0.244336
-1.71107
0.851507
1.34997
-0.825797
-0.83075
0.51183
5.85554
-3.54553
0.144139
-1.72113
-3.29784
-1.19192
-0.756439
12.1674
-2.99227
0.336228
9.0746
0.965888
-2.63113
0.111453
0.0981663
0.733857
1.34839
1.49915
0.382955
-1.68697
0.281799
-24.6494
0.550738
-0.529204
-10.5473
3.98036
0.374799
4.39211
0.287123
-0.804294
1.66401
-20.9622
0.529613
-0.125357
-0.0205117
0.964258
21.8712
-5.06741
0.357061
3.36395
2.97124
0.526167
15.6038
0.630176
-0.281776
-33.1171
12.7162
-1.96152
-0.09139
-2.45424
3.61885
-3.28551
24.0827
1.62891
0.431631
-1716.47
-14.0301
-0.374046
-4.48326
-0.223523
-0.297955
2.43703
0.560167
-0.187691
1.26561
-5.10808
8.30723
1.03028
0.443569
-0.760298
-0.301187
-0.986685
-6.14714
-1.16238
0.273458
2.27995
-0.384804
0.360137
0.162478
-1.60092
0.461012
0.205381
-0.959288
-0.976282
-0.5499
1.28281
-1.11062
4.86338
0.216903
0.743361
-1.13915
-116.855
1.29508
0.333132
0.0443357
0.230061
-1.18804
0.298553
-0.741295
0.344004
-1.38935
0.905725
1.64658
-3.26126
-0.5972
-3.18395
-2.07681
-0.469099
0.209438
-0.187311
0.330773
-5.11542
0.0577224
-0.970099
-0.854957
-0.204055
-9.91783
0.769125
18.0476
-1.99179
0.0298609
20.8377
2.62036
-7.66619
-1.32437
-0.00476837
2.34029
2.76879
0.0187894
-2.13719
1.31109
-2.88398
-1.28293
-9.96684
-24.1415
-0.123146
2.47203
-2.18462
0.557465
-0.54856
-11.998
0.734492
-0.290306
-4.92189
0.709753
-1.84134
1.02761
0.648395
-0.419772
1.33053
0.822641
1.16274
-0.205112
1.05115
1.13106
0.090822
1.0521
-56.0408
-3.78625
-1.96122
0.218458
-0.430009
-0.157474
-0.394429
-1.36227
0.488633
1.23402
0.382014
-0.234686
1.23606
-4.04963
1.44456
-0.289396
-0.780463
-0.863032
0.676712
-0.604233
-1.33584
-0.0470084
1.24553
0.248972
-5.5461
1.29119
1.05079
-1.41181
12.0212
-1.20742
2.46029
0.769687
1.35642
-0.482882
-2.08964
0.596554
4.55639
-11.0083
-0.519551
-0.878724
-0.182639
0.477933
-0.577928
0.924008
2.33046
-0.0140871
0.503925
1.4658
0.740333
-2.87418
3.67889
1.05251
-0.927229
0.629392
-0.83458
-2.49839
82.7465
-30.6839
0.972931
2.46729
0.393445
1.62674
2.56891
-3.33086
0.599152
-11.7565
-3.86671
-3.42053
0.464848
14.8123
0.603114
-14.11
-0.737766
0.965911
0.0239253
10.372
-0.163962
3.85789
-0.171995
-0.632086
3.07107
-0.107463
0.643914
-1.16439
10.8008
8.1452
-0.9445
-0.59831
-0.316219
0.527197
-3.65829
0.131554
-84.383
-10.5512
1.70107
1.4427
-5.76139
-1.17414
-0.368183
24.7214
1.56351
-1.24366
0.330368
-0.529164
-2.44293
0.415863
-0.582737
0.460009
-0.0323175
-3.03976
-0.0821464
-1.03704
-10.3209
6.47151
-1.39427
-0.758401
-0.456998
-5.51147
1.23826
0.64357
0.491326
0.927121
4.48209
3.7024
0.00480017
0.188555
-0.783242
0.87507
4.00834
-0.0890365
-2.03322
-0.113065
0.293758
64.5727
2.58162
0.756524
1.78962
-0.357951
0.410616
-0.105942
-0.702435
3.93155
-4.60914
-1.19905
-9.16856
-1.06141
-1.64431
1.28254
-1.0405
26.7944
0.256729
-3.73451
-8.83882
-0.405083
0.274845
-0.302281
-0.555966
-0.848945
-0.524671
4.74991
-0.148866
-1.00097
0.259714
19.3413
2.31327
-0.610631
-0.100219
0.922124
-2.8168
0.70142
8.0295
-15.6107
-0.285489
-0.360491
-0.349857
-0.212801
1.22521
4.5284
1.18871
-1.28498
6.86973
1.02552
-1.97003
-1.04034
-4.26324
344.501
3.37753
3.16393
1.35572
-2.10631
0.0967024
-0.684721
-0.89422
0.462853
-3.53116
20.3416
1.82388
2.27264
-0.426786
0.771478
8.30916
0.274464
1.49161
-0.747336
0.591485
1.50022
-8.04473
1.93021
0.314987
-0.300721
-1.23663
-0.523448
0.612594
0.425196
-2.18048
-2.23503
-0.825651
-1.32157
5.2364
14.3539
1.29539
-0.711149
0.474989
0.225282
0.741509
-4.44664
-0.932375
0.820351
-38.4166
0.530733
-4.32206
-1.64646
0.790345
-0.808701
0.24184
0.101724
5.56704
-21.4573
-2.17496
-1.05286
0.956059
-0.926443
0.286885
-3.48178
0.409142
-2.44578
-2.55353
0.451913
8.10437
-1.1159
-0.711195
1.24073
0.437554
3.13037
-0.0668052
-1.3378
-5.9785
-0.981287
-3.54821
1.47198
0.0351845
0.200359
-0.392595
-0.713264
-0.364596
-3.05254
-0.242248
-0.597481
6.82104
3.45688
17.5036
0.213646
32.4649
0.785219
-1.39645
2.10217
-58.7286
0.384022
0.862487
1.15224
-9.47888
0.0722742
0.604215
-5.27961
-25.0862
1.93733
-0.699468
-0.0498852
3.7818
-0.581684
0.033605
18.3592
0.160304
-3.18055
-0.22394
0.37818
-1.65502
3.77774
-7.11676
2.27173
-0.273959
-6.9069
-16.7619
10.5277
-0.553152
-0.938117
0.315501
-0.724332
1.45424
7.15344
-1.46075
145.591
1.12003
0.359164
-5.01151
-0.161625
2.41251
-0.710575
-2.77656
4.06216
27.121
-0.472972
-3.15293
-1.72231
-1.28093
-1.39388
0.962484
-5.81722
0.0169226
-0.681739
0.244159
-2.35242
-1.72115
-2.52454
-15.519
-0.622586
2.39987
1.56745
-0.663753
-0.0862879
2.4581
-2.47993
-0.161567
0.892334
-0.994875
2.96384
4.29533
-3.06381
1.87549
-0.690597
-0.100389
-0.268567
-0.573168
9.47849
-0.617401
0.543198
-0.826468
0.209149
-1.65878
-0.391024
-0.433346
5.08814
1.51842
0.40937
0.106374
-2.54627
4.37729
0.537666
1.40848
-0.381857
-0.602295
9.85898
-5.28604
1.17386
0.641563
-0.94464
0.423546
-0.72268
-0.8291
-0.531799
0.0943246
1.38282
0.0826416
0.0144764
-0.362711
5.61801
-0.0900342
1.67211
0.653614
1.01387
-0.161579
5.57067
-5.81353
0.463202
-92.3953
-1.63137
13.9769
7.65801
1.23362
0.0469451
-0.603913
5.92984
-0.0962834
0.0414938
-0.0518852
-3.29574
-0.127892
2.02593
-0.358777
7.48588
3.13393
-0.810997
-1.16735
2.48899
-0.0346555
-2.2765
0.0899577
0.436485
-0.789546
-0.397274
0.381012
-0.887682
-0.811251
0.393296
-0.487835
1.62109
-1.09047
4.83392
0.377113
-26.5063
0.00234134
1.04661
7.57469
-0.70083
-0.954494
1.11386
2.41936
1.20061
-5.66065
0.272888
0.196585
-0.166354
2.034
-1.03526
34.2902
-2.03089
-0.90979
0.280141
-0.316623
-1.08251
-3.78965
-0.780852
6.64664
-0.980339
0.935255
0.345379
-2.09372
-0.98269
-0.24691
-5.22129
0.285609
-1.69081
-6.11842
-1.83357
-5.80015
-2.28829
0.972464
-1.05241
-0.793931
-1.7028
-1.39728
0.128311
13.7118
-1.58448
1.37143
-0.457485
-2.06424
6.535
0.0351182
-1.74969
0.713779
0.227882
-0.762877
2.81264
-0.214498
2.3677
-1.21434
-1.6118
-2.8429
0.0901797
0.539809
-2.99499
0.713445
-0.860227
-0.91844
-1.30895
2.12736
0.114747
3.84721
-9.99939
0.29627
-0.279048
2.33759
-2.06215
-0.298355
0.0455531
-0.480564
-1.36198
-1.36798
-1.10209
-1.5446
9.23356
-1.03958
-0.512069
8.07227
6.20663
-0.252764
-4.09005
-0.857424
-4.25471
-0.084247
-0.626734
0.218324
3.01934
0.15692
-1.46252
0.365577
0.617278
-4.21986
-2.14594
0.648367
-5.22175
0.723166
-5.77796
0.643635
-2.1162
-0.0711821
-0.277285
-1.10206
1.63536
1.31834
-0.0908465
-0.596429
-0.407185
-2.81965
1.50209
0.265292
0.172943
3.36308
-0.723733
0.901394
-0.382162
-0.811302
0.634964
1.96169
-1.20043
-0.841269
-0.391612
0.441869
7.24176
-0.481728
-0.0697221
0.259262
3.43002
1.05454
0.335051
4.47474
-1.4162
4.0544
1.65979
0.524722
1.11794
-0.125228
-7.39676
0.986984
-1.52514
0.852518
-0.258065
0.0914439
0.680847
0.880534
-1.87502
8.50833
-0.0115106
-0.227016
9.37391
-0.506432
0.397573
-0.692333
-0.161509
0.521781
-11.1993
-0.800177
-1.14488
-0.864122
11.8324
-4.89236
-6.60329
-0.423533
-3.13226
-0.00903793
-1.11596
-44.5992
0.172405
1.17444
-0.185808
0.909183
-1.62259
-0.853904
0.569971
0.183482
-1.19434
-0.126002
-1.58807
-1.02345
-1.16839
-1.86152
0.1878
2.41712
0.428801
0.537488
-0.888352
0.190117
-0.611046
0.079515
-124.941
0.0562166
-0.799277
-5.77283
0.446326
-0.124937
29.4393
0.798769
0.925537
-1.07711
5.11341
-0.0580831
32.8133
1.69494
-0.301578
-4.74105
7.06303
-2.07565
0.743279
0.032818
0.347106
-0.0095429
-0.729551
-0.957395
-0.0276209
3.02234
0.900258
-2.60645
-3.05283
-2.28
-0.755961
-0.887195
-0.629228
-1.20299
0.135995
-0.427773
-0.48212
0.862209
-0.180825
-1.54488
-18.1206
22.5371
-3.98147
1.16185
0.315858
0.958001
-0.90828
-0.263013
1.71293
0.797565
-0.0503335
-1.32177
-0.158532
1.83673
0.914696
1.97538
1.60349
0.433265
-3.87353
0.550529
-0.236346
-7.20946
-0.738312
14.2551
0.427789
0.524138
0.779444
-0.0635946
-1.74982
-1.51762
-0.132342
11.9258
-0.522546
0.0315727
-1.53564
-0.298026
0.702486
-1.70735
0.957383
-39.4861
0.233114
0.146448
-0.286219
273.223
-0.834797
-0.362144
2.6371
1.04778
0.678966
15.311
-7.87302
0.438208
0.28825
0.586462
1.2781
0.29715
-1.944
1.0255
-3.736
4.12307
-16.7026
0.779549
0.932011
2.53597
-7.43994
1.16055
5.78935
1.98984
0.251755
-7.19372
0.12951
0.0459781
-1.49906
0.783854
-9.05089
-0.692442
-2.24924
-0.27475
1.30644
4.40505
1.45788
3.1922
2.82186
0.85164
-1.33543
0.234308
-2.09337
-0.129751
-4.71257
-0.823851
-2.01534
0.121301
1.8222
-0.847145
-1.02806
-0.977541
1.04921
1.01959
9.00067
-0.316102
-1.62668
0.54677
1.45715
-0.0374222
-3.86941
0.347417
-1.63583
-1.33136
1.0642
2.86713
-2.80613
0.115527
-6.36926
-2.55753
-0.0136784
-1.12083
-3.5154
-2.43979
-1.30858
-0.0567264
-1.2661
0.388192
-0.78695
-1.89391
0.802848
6.70775
-0.451515
-0.0664747
-1.3857
3.11967
0.255548
-3.66081
0.548034
0.0771609
1.09222
0.373273
-0.367618
0.391927
0.69741
-1.15237
2.85584
-0.283253
0.853376
0.978951
4.41668
9.50255
-0.768017
-0.483817
0.204093
-0.677918
0.762076
14.0192
-1.11688
4.03464
0.582492
-0.458366
-0.185244
-1.70627
-0.0185472
0.979928
-1.28765
0.102911
-1.91976
-0.477297
0.380285
-2.95687
-2.50433
0.281316
-0.103084
-0.524649
-3.88202
-1.57213
2.53484
0.845524
0.062771
-1.28607
-6.58484
1.27877
-0.748732
5.04984
-2.02389
1.76941
-0.794713
-29.4489
2.49393
-1.17811
2.33431
0.55689
-0.347885
0.550673
1.7896
6.9867
-2.09854
-0.791379
1.11522
-0.989247
2.94508
-1.02472
0.175384
-0.72933
-1.2148
-3.46398
-0.0357817
-0.908614
-0.339283
-1.78125
0.801346
-0.961442
0.0278438
0.951545
-2.78305
-5.62347
-1.15772
12.5316
4.43674
-0.279561
-1.71217
-0.354007
-0.21353
0.236474
-0.00505001
-4.80856
-1.74349
4.33285
-4.2795
-1.03256
-0.837133
-1.41868
-0.695313
0.462125
0.827233
0.652239
-0.599713
0.105001
0.783416
-1.95463
-1.13364
0.763104
-1.6477
-47.6678
-14.7996
0.284137
-0.088128
-2.79677
8.67945
-0.135967
-0.290623
0.161956
1.15274
-1.19687
-24.1083
0.126406
-5.5009
0.888131
0.869759
-0.259561
-0.928148
-2.1071
5.15852
0.825974
-2.15324
50.812
0.524848
-21.7194
0.827441
-0.0951105
1.97855
-4.43545
-0.347938
0.0233622
6.3206
-2.13154
-0.525636
-1.42073
-0.698899
-0.618801
-1.46816
-2.00343
0.418232
-3.1483
0.278396
-0.440235
-0.044447
0.199207
-1.30174
-2.56424
0.00198193
-0.0781867
-0.500891
-1.7113
-5.71564
-0.464499
-2.38203
-2.05837
-0.99416
0.0105545
-2.28724
-45.7499
-1.1327
-1.28726
3.5928
6.29958
-0.222758
18.4331
1.32771
-3.73957
1.21535
0.330878
0.199127
0.404442
1.00069
-1.04255
2.38998
0.398962
0.918086
3.19911
-50.2266
1.00688
-1.40084
1.72988
-0.139765
-1.34333
-1.53753
0.346136
0.392689
-1.59327
-0.0345203
-1.74454
1.0253
-0.528967
-2.42136
-1.15871
-0.774477
11.2768
-0.472848
1.51467
-1.49854
0.946341
-1.14734
-9.64131
-4.59134
-0.805793
-2.2235
0.46975
1.9406
-1.47809
0.997825
0.328706
-0.151941
60.4944
1.02374
0.347675
6.92287
1.23752
0.38317
0.612508
-1.00968
-2.28373
0.418311
5.17843
-1.44747
0.93028
-0.12627
0.250608
7.02972
-0.843512
2.5301
1.95615
-1.09227
-0.259989
-0.323052
-0.478086
-1.09657
-0.207061
0.163663
33.317
15.411
-1.13937
-2.2977
-0.780648
-0.511676
1.40003
-12.5781
0.88065
0.386108
4.10309
0.160758
0.554754
1.49422
-8.10764
-0.185106
-0.581155
-0.159692
-0.0632564
0.487367
4.65502
0.639087
1.72534
1.07852
-1.21724
-0.138387
0.622831
-0.629382
1.47114
0.673667
-0.916057
1.86375
-1.54045
-0.452048
0.273143
0.643321
-4.52306
-0.778921
1.33356
-0.436927
0.284124
0.0863192
-0.899238
10.1186
-0.238817
-0.938678
-0.886468
-1.74229
0.769237
1.42158
1.1095
-1.39611
-1.70274
3.89536
1.39145
1.92536
-1.34434
-0.967808
0.270358
0.567855
1.77163
2.01216
5.42695
12.5448
0.99028
-0.185134
-1.14095
1.20271
0.586436
-0.500273
5.34535
0.745385
-0.0780059
0.7912
1.76104
-3.22579
0.0133906
44.9098
0.478525
1.82905
0.304164
-0.00683224
0.167817
3.18842
0.694752
-0.531041
0.391645
0.818493
1.59198
1.61694
0.474448
-0.641897
0.75883
-3.19729
-0.315511
2.72424
0.790524
2.8185
-1.25886
0.632673
0.608191
0.851898
-1.34277
0.0928618
-1.95278
-0.254929
-0.639379
8.75067
-0.505159
2.47324
1.59422
0.443109
0.283505
-3.69311
0.722072
2.51488
-1.85688
-0.963037
-0.0535103
0.241871
-0.215304
-1.43131
0.454249
-0.354946
0.631068
4.90942
4.27736
-0.348234
-0.266891
-0.529633
-0.194823
-0.344382
9.03262
-3.85023
1.02735
0.1924
1.28453
5.11992
1.00144
-12.3364
0.91241
-0.874504
0.64673
0.153592
1.09164
-1.19714
-0.465576
7.76797
0.311746
-0.021581
-0.150737
0.112544
4.3091
0.206952
11.2577
0.711839
1.2265
3.03215
-13.0211
-3.16238
-1.26918
0.883532
0.259434
-0.330827
-0.606636
-0.0383277
0.0810705
-0.273773
-5.77185
-0.979323
0.52351
0.0417222
-69.7832
0.654489
-0.989813
0.439312
0.0613736
-0.482
-10.9789
-1.85021
0.957603
2.39237
0.518883
-1.48155
-3.02853
0.741322
-9.13781
-1.02775
9.24095
0.684483
-1.0272
0.445288
-2.06073
-1.10489
-0.962229
-1.54699
0.163611
1.5448
-2.10649
-0.480712
0.665745
-0.897693
-0.983349
0.352804
2.60079
-3.3913
9.62109
-0.00664257
1.49429
-0.166045
0.259795
-1.78341
0.809675
5.50478
-1.93786
-1.07811
-0.117893
0.259888
-17.8184
-0.457641
0.476995
-4.85063
0.842037
0.473913
0.808185
-0.391852
0.508924
-0.419902
0.252388
8.98841
0.598539
-0.597051
0.520111
3.92105
0.545033
-9.12529
-7.2205
0.19658
-0.817135
-1.66662
-2.17696
0.365551
0.254514
-0.445266
-17.9527
4.4023
1.22675
6.61993
2.33262
1.20948
4.28144
1.66947
2.3395
0.186885
-3.27373
4.45612
0.164054
-3.56929
-0.137352
0.768846
-12.1998
18.7408
0.77725
-1.97477
-0.0821923
-0.19708
-0.202047
-0.244596
-1.86887
0.249908
-40.1567
25.5841
-0.329873
0.79302
-2.25043
-0.142618
0.182053
-3.679
-0.903543
0.0881844
-4.92999
-4.57884
0.447208
-1.24955
1.30869
1.04798
4.60327
0.553293
-4.46763
5.6973
0.0117506
0.291315
-0.426479
0.0866581
-0.222494
-0.694099
0.129138
-0.471792
-0.586695
-0.476543
0.210813
-0.384061
0.0897442
1.18834
-1.33371
23.9341
-0.242271
1.82863
9.17475
-1.53609
0.571937
-1.41216
-0.204029
4.25243
0.544148
6.94043
0.118009
-75.6984
0.33975
-0.764554
-0.413614
-3.36452
-2.32706
0.914101
-2.08701
-0.834109
61.1127
3.97174
1.2081
-39.6737
-0.784907
3.13444
-2.17464
-1.37038
-0.481918
0.570864
-0.482764
-1.16026
2.91718
-9.45998
28.3117
0.568144
-2.16903
0.861227
2.27266
0.457381
1.32792
-1.13032
1.0021
-0.18917
1.83083
-1.01395
0.873683
-0.142128
-0.792851
-1.4405
-1.68403
-0.0397276
-3.89628
-0.544699
0.329336
1.87576
-0.328493
-0.721725
-0.589886
-1.09063
-1.15394
-2.27547
-0.21593
2.04051
60.9716
-0.639836
-4.64261
-6.0476
3.90158
-2.41812
-0.915566
2.5217
-3.73083
-0.255663
2.70519
-0.440176
0.523948
0.291558
0.138299
0.910315
-0.589484
11.5722
0.0859462
18.4565
-0.783427
0.215831
1.0151
0.945246
-0.78387
1.5788
-0.108341
0.194295
-0.762152
-1.53853
-2.92887
-0.418069
0.488499
35.1452
-0.946006
-0.362
5.46902
-0.146741
-0.133087
-0.0102918
0.810217
1.47472
-0.243355
-0.295831
0.986644
0.366181
0.232926
26.1985
-0.436295
-5.89627
-0.0778025
-13.4408
0.579822
-1.21183
-0.526598
-0.546834
2.34638
0.559395
-2.93758
2.21657
0.140123
1.84322
2.7846
1.69146
-0.608434
-0.647959
-0.226344
-1.25148
8.8418
-0.482628
-1.37835
-2.57166
1.27762
-4.14482
-1.94234
1.2015
2.12669
0.842794
-0.8947
7.17851
-0.924989
-0.751813
-0.418649
0.291551
0.79892
-1.01782
0.0354123
2.80292
-1.61339
2.81796
0.430814
7.42768
-0.0827356
0.960264
0.231587
0.790221
0.481648
-6.77574
5.23107
-1.34502
-6.54209
-1.6163
-0.0300862
-2.90422
-1.29218
-0.616405
0.0893619
-0.669471
0.766909
-6.04159
0.274916
0.454672
-22.5509
0.539161
-0.895661
3.49053
-0.109823
0.0310109
-3.74266
-0.416294
0.543562
0.325938
0.793299
23.025
1.71252
-0.606632
-0.469732
0.627485
-0.744859
-0.125248
3.20442
-0.284086
-1.5814
1.08097
9.87486
1.16631
-2.03845
-2.51848
-1.90587
-1.82402
-6.57705
-0.866199
3.08374
0.431414
-0.885288
1.14189
6.73755
1.02079
-2.06114
3.63114
0.284177
1.0884
-1.12439
1.18017
0.0826877
0.600109
-0.133738
-1.11555
-3.06456
0.189042
-1.05399
-0.0822216
1.13974
-0.346544
-3.17206
0.497445
1.52072
-0.532833
-0.467444
0.448637
0.783341
0.391215
0.772417
27.1601
3.84168
0.358531
-0.630664
-0.114177
-3.36369
671.069
1.93496
-1.59596
0.263132
0.294426
0.345803
11.1303
-0.345299
0.757483
0.536129
-2.57311
2.01934
3.25358
1.05284
1.89802
-0.613654
-3.35098
-1.72691
2.33055
0.176147
2.30868
-3.36347
19.1076
9.40243
-0.0823999
-0.311755
-1.01201
-0.655208
0.0354106
-1.41513
2.32883
-0.292736
0.85469
-2.20173
0.0752355
0.170404
-1.28707
-2.46909
0.0271429
2.15051
0.0791197
-1.34328
-0.727059
4.52241
-0.25095
1.29788
8.22152
-0.148451
-0.476615
-0.867139
-49.1706
3.79948
4.95123
0.0715258
0.823634
-1.62489
-2.26389
-3.81517
-0.341261
-0.201471
-13.3455
-0.925417
2.6267
4.34489
-0.00053587
0.961341
-3.26206
-0.274988
0.856923
0.748976
0.354803
-1.09067
-1.72014
0.124141
0.167712
-2.53026
0.159313
2.0476
0.225252
-0.722895
-1.36873
-0.682776
-0.476084
-0.816413
-0.684568
-1.38129
-0.501795
1.21953
-0.223517
0.776868
0.297085
-0.621211
-0.623371
-8.84643
0.346473
1.09032
0.83307
-12.1902
-0.48287
-34.7631
2.52948
0.875407
0.107128
0.30581
-0.515061
1.84883
2.0912
-0.134547
-3.66289
-9.5924
5.16218
0.666408
1.09039
0.680032
0.0162943
2.77132
0.44546
1.01848
-0.43603
0.414076
-0.939524
-2.70151
-5.96014
0.9151
1.68604
-1.37777
1.13211
-0.653797
-7.45664
0.594584
4.87562
0.723501
0.342189
1.35137
0.407519
1.79524
-0.687997
3.23123
5.00745
1.52101
-0.191418
-5.58527
-0.382301
0.280698
0.127364
2.51314
3.16858
0.753632
-0.278424
0.858107
-1.80762
0.385501
1.78298
-0.245966
9.17509
-1.56594
0.010211
-0.0441893
-0.148783
-0.0257596
-0.991946
-1.07909
-2.38052
1.46081
-0.478776
-0.853181
-0.0614937
-0.441024
-0.00611444
1.46554
0.308419
0.431954
0.382903
0.697873
1.66594
-1.36492
-1.09675
-0.9073
0.686094
-0.153353
1.94753
-2.37258
-0.0951159
19.9153
0.179105
-2.33421
1.36402
2.85513
1.1882
0.539072
-10.5494
-1.02339
-0.543816
-4.78865
-437.399
-3.09742
-0.18193
-0.673985
0.339617
-0.825233
2.89305
0.111725
-1.23376
0.354918
1.2026
0.618108
0.157374
-0.270333
-0.420434
-1.50683
0.218648
-8.64951
-0.308034
-2.61105
4.14298
0.0649926
1.04526
-0.808878
4.19334
-0.329937
0.178337
0.517658
-0.523455
-0.500775
-5.84526
0.420394
3.36982
-0.682785
1.76554
0.616907
-0.479482
15.827
-0.689354
1.08774
-0.891413
-0.541286
-1.11617
-4.30044
-1.16378
1.47898
2.77226
1.57472
0.251282
1.49424
-1.20051
-5.32929
12.4957
0.770405
2.93319
-12.6343
0.0829895
-2.3851
1.21602
3.50246
0.973501
-0.146346
3.16793
0.674698
0.386531
-1.29042
-0.752394
-9.57524
0.318122
7.37493
-0.178332
1.42348
0.169262
0.148056
-48.8041
0.182905
-42.9488
0.94036
-0.409158
0.439939
0.319893
1.25014
0.328983
0.545449
1.08312
0.27825
-1.25681
6.58731
0.979843
-5.34194
-0.988
0.0432941
-0.315252
-9.63005
-0.241189
-1.37929
1.89105
1.82729
0.481528
-1.5553
-0.270796
-3.66536
6.62232
-23.7154
-1.69492
-0.384935
-0.356661
0.720962
-0.389879
-0.467037
-2.40483
-0.730337
-2.46112
2.13678
-1.00399
-3.44865
-2.09946
3.3436
-20.6336
-0.288966
1.36513
0.368377
-1.56744
-0.713657
-1.27769
-0.485905
-0.891667
5.91791
1.34758
-2.77393
-0.240128
-2.06726
1.30951
0.747209
-0.45055
0.979887
-1.99672
-1.47686
-0.761408
-0.825543
1.84318
-4.8195
-0.0727186
8.48707
-0.0622244
1.57861
1.42348
1.85822
1.04153
-0.296282
-0.77046
-1.93193
-1.94845
16.8619
1.02969
0.354301
1.16031
-6.43657
0.290648
-2.96133
0.0662822
1.61415
28.5518
0.557374
2.95438
13.5392
0.071045
-0.00256419
1.60469
0.530337
-1.43349
-8.84045
-0.223156
-0.693898
2.13951
0.173697
-0.783283
-0.360631
-0.545032
0.763312
3.34246
-2.73499
0.579823
1.46751
-1.82882
-0.462467
4.83079
-0.114242
-0.970786
0.324566
1.57126
-0.513649
1.95175
-10.4809
-1.3011
-28.6998
-1.918
-1.98007
-1.15655
-1.61424
-0.442893
0.440068
-3.31216
0.140977
-2.03875
-0.0685871
-1.18562
1.65724
323.048
-2.08385
-2.268
4.42276
3.86118
0.0198201
-0.45363
3.18115
-0.116114
-1.48145
1.47858
-1.68871
-2.16429
0.292936
-1.05389
0.625382
0.981096
-0.247537
-3.21863
-1.21882
-1.15437
0.478256
-2.88942
1.4468
0.986379
-2.64516
-1.32234
5.86439
3.46252
1.70266
0.316075
2.33524
-0.815928
0.116998
1.95648
4.83398
0.054509
-1.25142
0.0900868
-129.018
0.310049
-1.96867
0.11639
-0.168776
0.425269
1.04089
7.82365
1.02044
-0.2148
-0.286881
-6.52297
0.914676
-5.98329
-1.88818
-5.1281
0.0529976
-0.0693861
11.61
-2.10253
-3.24151
1.24326
0.218308
1.65352
6.45401
7.13908
1.98688
-0.0666256
-15.3706
-1.01428
0.450248
1.99727
1.55076
0.227432
-0.282908
8.71516
0.152816
-0.961047
1.02278
-1.08635
-0.890022
36.183
0.348039
12.3622
-1.90171
0.954683
0.535291
-1.20198
-4.11256
0.0504661
79.0151
1.26077
4.33229
0.250449
0.782948
1.67237
-0.179338
0.633807
0.222487
-228.02
0.740647
0.598882
-0.0771167
6.80035
5.65679
-0.335503
-3.84734
-3.41511
2.10446
-0.332285
-1.84048
-1.21783
0.233817
-33.1113
-0.605932
3.74372
0.537723
1.72463
-1.73622
-1.00406
-0.200737
0.0645128
0.299998
10.1028
0.617072
2.61453
0.0987612
-1.29689
-7.31789
-0.395844
-0.723802
1.13508
-0.865215
17.2774
0.804826
12.5481
0.0535891
0.42193
0.348991
-3.86699
-1.34366
2.25582
0.684891
0.110738
0.156113
0.194929
0.152291
-2.65984
0.310536
2.21882
-0.591614
1.06153
-0.719611
-2.46628
-2.07331
1.12565
8.47773
-1.31841
0.0257461
-4.32898
15.6217
-1.69805
0.0569455
1.32641
6.21418
6.10771
53.7009
-1.83783
-0.758086
-5.58909
-1.46495
-0.302234
-0.661543
0.535894
-0.357907
-1.25411
8.5856
1.08996
-1.04805
1.02412
1.46118
-0.055009
0.618569
-0.0246751
1.49557
0.558591
-58.3323
4.94723
-0.224733
3.63146
-0.120325
-60.2079
1.45427
-0.38066
0.424091
-0.471241
-0.796564
-0.277934
2.33726
-2.67393
0.286248
-3.11797
2.83454
-0.890896
0.674852
-2.64103
-0.40876
-1.2631
2.65026
2.61117
-0.301209
-3.13795
3.17349
-3.26937
-4.12412
0.815575
0.135008
0.581093
1.23498
1.17298
-0.786557
5.7016
4.81662
-0.0444008
-0.510255
1.47012
-0.484263
0.184496
-1.60993
1.25074
0.14015
0.218487
0.12783
-1.72356
1.39541
-2.38048
0.78401
-0.546341
-0.0889799
27.2229
-1.10658
-0.777337
-0.465703
-9.48782
4.39046
1.88684
0.13177
0.759909
-4.43412
0.744134
2.03877
1.92024
0.237377
0.619946
7.78738
-0.192289
-3.20109
0.595463
1.01403
0.152443
-10.6144
0.382531
-4.63711
0.154354
-0.42391
0.428244
1.22271
-0.52496
81.4686
2.04326
0.579455
-3.85977
6.32885
0.412469
-0.455852
-0.266382
1.06394
-6.0172
9.80895
0.659643
3.2677
-0.388552
-2.79009
2.76049
0.0327881
2.09497
-819.64
-0.915247
-1.5271
0.998102
-5.03057
6.27331
-0.773893
-1.13148
-1.73649
-0.685852
-0.657549
-1.86379
-1.21393
-0.476577
6.95061
95.4408
-0.565668
3.02514
2.15024
-0.0864121
3.40611
0.199131
1.1822
0.669578
-0.701879
1.21739
0.937137
-1.5428
0.0240711
-4.45923
-2.97753
0.39339
-1.26041
6.75141
-3.10333
-1.17682
0.86789
-0.404312
-0.299478
-1.2353
-1.10449
-0.491855
-0.816241
-0.718326
-0.594389
-0.728098
0.84547
-0.0618868
-0.284031
-0.723056
-0.675143
36.2349
0.0237754
-0.505428
0.333871
8.79557
-0.852845
-2.94294
4.69391
5.74701
0.28838
1.9558
-0.522574
-4.04173
-0.394566
2.91083
-4.28771
-0.978671
-10.0382
0.28102
0.0650611
4.06457
1.00007
-14.1716
-1.11312
-7.96972
0.4449
2.52273
0.672882
0.206738
15.3694
-0.235567
0.713946
-1.53391
-0.314627
4.35313
13.1876
-1.2225
1.61094
2.431
19.9218
-49.5713
0.656748
0.741745
-2.0647
0.50927
-0.151921
-0.152879
-0.479616
0.384856
-2.07466
-2.01426
0.5777
0.903326
1.28719
0.421147
-1.71874
-0.56848
-0.950774
-1.45953
-8.06451
-0.449016
-0.465357
1.72992
2.3217
-0.157076
-1.12161
0.13884
-1.51029
-8.88602
1.61793
0.58752
-2.76992
-1.06553
0.749723
-4.76965
-0.739071
-16.6756
0.626289
-2.45863
2.7879
0.886842
-2.01599
0.00722861
0.983172
-0.059062
0.332066
-0.4884
0.737624
1.57432
-0.89181
-0.193865
0.609676
0.480807
-0.0277123
0.740757
0.463732
0.382095
-4.87697
5.21453
0.221693
-3.55021
-1.2788
0.755213
2.46386
0.161477
-1.28808
-0.419086
-0.900877
-0.804863
0.0966009
-2.6498
-0.441473
13.1249
-0.346691
0.677167
0.438403
11.6622
2.18826
-0.545507
-13.6594
0.591861
4.90667
0.759186
24.4217
-1.81752
0.655318
0.887456
-0.429362
-1.77373
-3.45089
0.869915
0.280064
-0.508878
-2.43391
0.708442
-2.81151
-0.187559
0.400441
0.997056
-0.294993
-2.05453
-14.0019
-0.345383
0.601627
0.445104
-1.79988
-0.0822468
0.53103
-0.0555887
-0.412691
0.917649
-0.459163
1.8093
-0.349316
-2.37917
0.599673
-0.403968
-2.37092
1.97496
-1.59667
-1.18687
1.65156
0.387367
-0.82276
0.0909104
-0.496712
0.840453
-5.50357
1.09169
-0.603829
-1.83149
1.57856
0.402253
-2.87934
-6.80116
-0.00170782
-0.549406
-2.71886
-0.0820295
4.13799
4.09521
-42.1989
-1.5652
-4.68186
-0.488283
-1.48151
0.678145
-0.977551
1.8553
-0.277121
-0.266108
8.35738
-0.139513
1.14302
-0.400629
-0.651533
1.68677
0.0305697
0.378731
-3.0908
-4.53535
-8.41747
-0.358594
-1.27287
1006.81
-2.13595
0.11223
-0.179101
-1.11298
0.859991
-2.4453
-0.541315
-1.17509
0.215317
1.76995
0.513909
-3.50456
0.0366508
-0.015344
1.98377
2.17945
0.769783
1.61656
0.0539592
-0.106186
-0.150912
0.385662
-0.506063
-17.0727
0.239968
-15.4067
0.764035
-2.69913
-0.277294
5.29017
-3.06802
-17.8206
-0.185712
0.721081
-1.8269
0.0859216
-1.39345
0.721106
-1.44705
1.19668
-0.885758
0.813273
0.526199
13.162
-0.206221
0.00637567
-2.97507
-0.523854
-2.74921
10.6419
0.190423
0.858903
-3.12326
0.71569
-0.568541
3.88135
1.11392
1.9169
0.148679
10.404
1.51658
2.28643
-1.62646
0.124815
-0.060068
0.242781
-0.0344648
-0.567596
0.423961
1.42825
-0.0777261
-0.0519683
2.92298
0.623825
-0.150558
-1.87531
-1.45045
0.48154
2.56926
-0.821843
-0.209158
-0.184227
-1.60883
-14.5223
-0.870784
-2.71068
0.0959071
0.540831
-1.46243
-2.24866
1.33705
0.143176
-0.717437
0.938604
0.0728021
1.37588
-1.44921
1.41157
-0.54037
7.61338
0.32526
0.133837
-0.308622
-1.4174
-1.2302
1.87169
1.06399
0.73592
98.8697
6.30634
3.51611
-1.73172
0.722628
-0.217641
0.722699
-1.15382
-1.40064
0.755585
-1.65272
4.47819
-0.353361
0.67568
-1.65267
-11.2014
-0.503946
2.94461
-2.32328
-0.217017
-0.0240167
-0.348696
0.906468
2.80958
0.121925
0.447685
0.00966124
0.587432
3.17994
1.06036
-3.22325
1.02748
12.6435
0.170841
0.151527
-0.263276
-0.0653581
3.97365
0.839386
-0.607863
0.705986
0.0269726
2.11174
0.00752384
2.99052
-2.60488
-1.08099
-1.86621
15.8198
-0.69877
0.226263
0.49896
2.09573
-0.502327
-3.39625
2.54045
12.1146
2.61655
-0.932533
-6.3442
1.09389
0.669575
0.351826
3.41896
-1.18988
-1.78244
-1.08109
17.1399
-4.99919
-1.40957
-2.03994
-1.53078
1.21548
0.897056
0.393976
-0.991747
1.35303
-5.06521
0.897235
0.321135
1.47983
4.40102
-1.68679
-0.763684
0.0539333
0.458032
-1.07465
-0.256564
1.75755
4.04162
2.16047
-1.54637
0.939589
-0.237953
0.286781
0.789282
-2.36578
-0.123869
0.619804
1.53975
-0.32764
-5.93547
-2.43492
-0.414394
0.167694
0.804546
2.40752
0.969005
-1.33803
-0.519885
-2.97443
1.31925
0.33283
-0.149075
6.59096
-0.498039
1.52429
0.15266
1.0471
-4.90244
-1.6385
3.66875
5.91275
1.37452
0.030408
-0.246901
-2.90182
-0.00364439
-0.694112
0.0712345
-0.285215
1.33494
5.30182
0.686164
-0.428954
-2.09616
0.915314
-2.56885
0.851614
26.8632
-4.72376
-1.63364
-0.462444
-0.0598184
-0.879821
0.124875
-0.418704
1.49265
-0.330346
-2.67444
0.143395
0.239491
1.23443
3.5474
5.01468
-11.8188
0.202685
0.11444
0.659586
0.0798177
0.641174
33.1329
1338.9
-12.9622
-2.23244
0.33562
-1.14836
-0.182423
-2.74283
-1.04892
1.34364
1.39701
0.514008
-1.15592
-6.75411
-0.733959
0.911389
77.7804
0.383323
12.2615
1.57367
1.52811
1.43409
-2.44098
-1.10675
-0.76429
-0.54731
-1.06484
-0.850676
2.43742
-0.378339
-0.866243
0.431345
9.34148
-5.37112
0.540114
-6.88938
1.12164
0.278661
-0.530352
-0.460243
2.06311
1.96297
0.791663
-1.37584
-0.51021
0.597919
184.07
-1.82944
-0.0659466
-1.71524
-47.2064
12.682
-1.15144
0.526169
-11.8942
-0.50417
2.53837
-6.59681
-0.204172
-2.21039
-0.0445698
0.450341
-0.495175
3.91237
-0.0972609
-3.46191
-2.19323
28.8568
-1.45321
-0.458053
-0.770028
1.80172
-3.19343
-7.81233
0.261302
-6.55356
0.0812379
1.72456
-2.36129
0.798608
-1.72859
-0.0996441
-2.66102
-0.612374
-0.109436
5.60078
0.243127
0.998099
0.414025
-0.615171
-25.8416
-0.130587
0.229525
-29.1965
-0.00656173
2.2935
0.336904
0.100111
-0.103154
-3.05605
-6.25922
3.65409
-0.353232
-1.83997
-11.1789
-2.27463
0.797505
-0.616985
-2.76047
-1.96013
0.823178
0.0876765
0.703525
1.02727
2.53341
-0.699813
-2.348
-0.0531243
-1.84607
-0.373466
-0.247015
-0.0193641
1.7427
-0.154273
0.481318
-4.0619
0.987895
3.99571
-0.212395
0.078072
-1.81063
9.90723
-1.63162
0.672204
0.196219
2.23651
3.25531
-3.99252
-0.539248
-10.5076
-1.43849
-0.451195
-1.31234
2.39267
0.640754
-1.25134
-2.86759
-0.528268
1.84943
0.695495
-0.281534
-0.705185
-2.46901
-2.95763
-0.11028
1.23038
0.6823
2.33925
0.0387909
0.151546
0.606764
4.64579
-0.718982
-2.3065
2.82125
3.37177
-1.08284
-30.1298
0.315929
2.36698
0.289332
-0.677012
0.0165589
1.074
1.77907
3.41139
-4.83605
0.796693
0.205139
-1.0012
-10.2014
-3.05523
0.911638
0.726694
0.457984
-5.02949
24.2759
1.77945
-0.812272
-1.17982
1.03286
-0.668372
-0.0967771
-0.113314
1.26668
-1.15203
-1.91279
-0.168048
0.391967
-9.22185
-0.125618
0.0187069
-0.0563536
0.223596
0.554998
0.191538
-0.612492
0.77465
-0.879479
-1.05175
-10.055
-0.392049
0.99899
-3.8159
0.172479
-0.9319
483.708
0.169999
11.9114
-0.691117
2.66691
-19.8802
-1.4165
2.57034
-3.0459
-0.984906
-0.16646
0.323909
-3.42793
-1.26463
-0.0917235
-0.51385
-6.64445
0.105442
-0.307284
-0.867909
-26.0478
0.276699
-0.534316
-15.4461
9.27705
-1.47768
1.52626
1.68275
-0.85707
-1.35182
-0.865832
1.5774
0.949619
-0.19306
12.5306
-2.15796
1.86358
2.25261
8.36752
-0.775858
-3.63943
0.0138152
-1.03862
8.50858
-1.16307
0.93442
-0.224371
0.176515
1.40609
-1.63681
1.2973
-0.586027
-1.40743
-0.567759
1.14192
-3.96665
-0.376484
-1.06882
0.5858
0.359699
-0.23576
0.737369
0.186181
-2.75927
233.721
-1.60975
-1.11921
-1.15492
1.54035
0.761613
1.57586
-14.186
0.364204
1.10993
1.21242
0.1024
-0.138651
-4.26226
-1.74575
0.619272
-2.21263
-0.117957
3.51827
-2.20092
2.27238
1.53642
-22.9746
-4.56268
0.969961
0.77615
5.05486
0.427522
-0.112147
2.13032
0.201212
0.629969
0.375677
0.118508
0.565594
2.5045
-0.0151526
-2.06781
0.434112
1.82518
-1.98159
1.2178
-1.02694
-1.71174
33.551
2.10965
0.903476
-0.162887
5.41659
15.7764
-3.49888
0.699921
-0.405954
4.11276
-0.621547
3.1836
0.772387
-3.92312
-3.13561
0.429891
1.12104
1.0175
-1.89678
0.0905472
-0.59868
-13.9449
0.723631
6.75469
-0.196595
-3.45038
-0.333211
-0.253581
-2.22518
2.26638
-0.4078
-0.193758
1.09549
-3.84897
0.681077
0.493351
0.718179
-8.76402
0.385142
-0.398716
1.48235
-0.651637
-4.67336
9.75576
3.64383
1.33883
-69.1665
-1.28102
0.985407
-0.408537
0.134207
0.0578476
1.19014
-1.05651
2.25312
-0.0233866
0.705018
0.543823
0.886196
-3.74446
-0.0335025
-0.460052
3.53159
-0.0594474
3.46805
-0.160318
0.168884
0.504313
0.513277
-1.57306
0.183473
1.60927
-2.09266
-0.249718
-9.75988
1.17754
-0.149193
0.200963
0.0953095
-4.76031
0.444936
1.04529
-0.121875
9.01923
90.9516
0.510267
-0.707223
55.5297
-3.56189
-0.468032
-8.82538
-0.471908
-0.530951
-0.850354
-3.3084
6.91594
0.885294
0.825261
0.802147
-0.813061
1.2688
-0.510421
-2.56782
0.0552674
-1.53595
-0.764871
0.110011
-0.591264
-1.68276
-0.313572
3.38496
1.83604
-29.9405
0.299222
-5.48179
0.107468
-2.77894
-5.74896
-0.151077
-1.43641
0.508056
-0.910657
-0.352765
0.0481843
-1.88689
0.86442
0.506341
-1.007
-67.0924
-0.583312
-2.35729
0.215351
2.34745
-8.37204
3.93276
-1.48692
-0.522792
-0.316683
-1.68072
-0.171949
0.390567
-0.309228
-0.192724
3.24131
1.46651
-4.2084
0.0620393
-0.553742
-0.288737
1.07785
0.564564
-2.9346
-0.262389
0.16818
-0.10596
3.51414
-3.7059
-0.329073
-5.16021
0.380515
0.869484
2.86003
-1.34393
-0.366889
127.877
-0.0903431
-1.61113
4.19272
-0.440269
5.63815
-1.61055
-1.40458
-0.412265
-1.75887
-1.59142
0.251172
23.2672
0.772995
-10.4298
0.139669
0.901399
2.04181
1.6691
-0.11674
-4.58214
-0.00923016
1.0753
9.22394
3.39967
0.584663
-2.2985
1.84384
0.513869
0.285459
-1.17864
0.58566
2.78461
1.9866
-2.38144
-2.92582
0.409933
0.7397
0.817024
0.674812
1.80063
-2.94496
-0.709502
0.856407
0.727637
-0.616433
14.7184
-0.160182
-3.06378
-0.196612
-2.25122
-0.0241586
0.898909
-2.28136
-2.52865
1.57017
-0.990035
1.11984
0.883917
-0.677188
2.68921
3.45589
0.793696
-1.2078
1.17933
0.246997
-0.378314
-8.52773
0.140248
2.66552
-0.271204
0.0147257
1.05673
-0.040551
1.19219
-0.264488
0.585128
0.108087
1.25805
-26.1889
-1.31339
-0.429254
-0.442908
0.179344
0.244471
-96.7206
-6.70103
-1.01777
0.418095
0.511254
-0.157652
-0.510989
1.70333
0.122779
0.775435
-0.850094
2.1536
0.0474967
-1.47036
1.80714
0.677943
-2.16379
-0.55223
-0.724639
-1.15353
2.9618
-2.24999
-0.534523
0.217867
-2.40298
0.7287
-0.963222
4.26567
-0.0700025
-1.37776
-2.57718
1.09151
-3.18579
-0.340067
1.1202
0.0660476
-0.0755734
11.2074
13.4037
-0.813351
-0.264797
0.57675
-0.0434426
0.88979
0.0178038
0.138134
0.497311
0.372624
-3.68755
2.986
0.903659
-4.03984
1.63858
1.27802
0.59639
-1.96665
-7.37996
-0.298851
7.85309
-0.210984
2.45275
17.2447
-2.42037
0.328151
1.86614
0.803959
0.638583
-1.78863
