-0.813492
1.26675
-2.7528
2.08686
0.344758
0.282743
-1.45938
-4.58855
-8.35589
0.0572956
0.0337563
2.77119
0.15574
-0.498979
1.23344
-0.931379
-0.725044
-6.77682
0.173065
1.39759
0.911385
-2.68381
-0.118463
0.897112
0.452155
-1.99305
0.638915
1.33562
-1.60425
-1.05121
0.0324677
0.425685
-0.436791
6.94565
0.0244413
0.784979
-1.34456
2.54655
0.945207
0.211719
-0.0433884
1.30575
0.88127
14.4608
0.521132
-6.02482
1.28038
-0.433876
0.0272953
0.427882
-0.475748
-3.55966
7.63808
-0.299221
-1.17325
2.72653
-2.96302
0.100611
1.38318
-50.217
2.56578
1.37007
1.07165
-0.938442
-0.559435
-69.8141
-5.24363
-0.779372
-1.58839
1.42418
1.32414
-3.67899
-0.0214281
1.01871
-0.969852
-0.177032
1.34592
-0.57947
-0.35178
-1.19887
-1.63028
-1.41109
25.7005
1.78336
2.22624
-2.69085
0.327703
0.719927
0.284299
-10.2713
0.0519792
-0.594106
1.60945
-0.202579
0.844579
1.09816
0.265754
-2.25615
0.959977
-1.23863
1.07314
-1.66752
0.572066
0.000347501
0.169733
0.834069
-1.32229
-66.7455
0.913687
0.775086
-1.4806
0.977918
-0.851893
-2.08542
-1.67015
-0.639986
9.17122
-0.995524
54.6316
-16.1566
0.618417
-4.57883
0.44704
2.15726
-2.60637
1.52931
0.991092
1.89155
-1.14588
39.4996
-1.68225
-2.87852
-3.26518
1.33561
0.652364
0.343679
0.612398
-0.238051
-3.73038
6.21603
-0.735509
-0.618471
1.87069
-0.507491
-0.416314
-0.779576
-12.1869
-1.41944
0.295275
-0.536524
-0.163882
0.547686
6.00999
0.0284019
1.56441
1.3942
3.15263
0.676396
4.42551
151.443
-0.678712
0.833211
-0.730029
1.1193
0.828127
-0.381399
1.23259
0.818655
8.45962
0.857911
0.941638
1.02231
-3.35143
0.45254
18.0309
-0.0966449
0.905071
0.569666
1.98405
0.381569
2.10372
2.1969
-0.347028
-0.0967645
-0.0465729
3.68492
-1.70303
0.050198
-0.868591
1.90376
-4.70849
-1.17681
-0.217599
0.347005
-0.325985
-1.18237
-1.58991
-4.14516
-1.37603
-0.848366
-17.7628
5.01381
-2.40125
-0.528561
1.31108
-0.654555
0.761218
-130.118
-0.165374
0.740691
0.335568
1.6076
-0.622845
-2.10155
-0.354687
-0.216907
2.10244
0.0430403
0.259412
0.809734
0.366986
-4.62756
1.36206
0.0142504
-0.287755
-0.946897
2.06436
0.974339
0.421411
25.0287
0.801594
0.0537896
1.35002
0.585773
1.71717
-0.566735
-0.921772
0.606044
-0.822334
-7.04492
0.729832
0.442884
-11.3818
1.03854
-0.477569
-2.61902
-2.66948
-0.113084
1.36853
0.978874
0.688222
0.334753
0.376461
-6.26839
-0.900522
-2.77963
-2.69719
2.20038
-0.0624009
2.33319
-2.13052
0.531701
-23.6922
-1.66161
-0.271611
0.589175
6.45607
-0.642717
14.3568
-0.316986
-0.820159
1.04787
-0.390502
3.10157
6.01475
10.9874
-0.0894917
-2.81556
-13.0974
-2.25319
0.32647
-1.03296
-13.5607
4.9795
-1.62263
0.479326
-0.518741
-0.280553
-1.19074
0.29897
11.0991
-0.19842
0.911217
-0.965681
-0.236889
1.04662
0.363934
-1.13019
-0.00346394
-0.669219
1.27031
0.752542
5.99406
0.0914134
2.83264
2.1859
-2.89634
-0.239843
0.656647
-3.04807
2.18361
-0.139833
0.784398
13.0087
5.18766
5.90057
4.58571
-0.378469
-0.436252
-1.01596
-6.17578
2.00964
-0.49094
1.05603
-1.59897
0.718367
0.27208
-0.0766682
-1.13841
4.31126
0.351128
2.04567
-0.519499
-2.80919
1.27055
0.523064
-0.828102
-0.259718
0.589784
2.9553
-7.43857
-0.522959
-0.275721
-15.7194
0.267425
-1.50356
-1.25175
0.865774
-1.30967
1.29803
-0.988563
1.74083
-1.97391
1.13018
-1.49355
-0.120154
-1.05142
1.3347
-0.539881
1.69118
0.450881
0.606009
6.58016
0.340088
-1.05163
1.35832
0.218718
-4.54714
7.43757
0.795498
0.677912
-14.9308
-16.8387
-0.698763
-0.68009
4.89177
0.116509
2.12841
0.511652
0.34688
10.4879
0.980296
-0.0819095
-1.40851
-0.304017
-2.5057
7.46692
-1.83101
-0.251438
0.590979
-1.62686
2.44834
0.518938
1.14285
0.599435
1.95855
-3.62601
0.0329292
-0.0661292
0.127786
-3.21154
0.354993
-0.836773
1.89626
50.6774
0.401969
2.06034
-0.535492
2.50564
0.213122
20.7815
-4.95596
-0.937806
-0.405466
3.39023
-1.80962
1.45034
-0.776606
-0.0277039
0.800256
0.591472
0.812445
0.849298
0.446799
-0.545166
-2.48096
-1.99523
2.10134
-0.204744
-2.63859
0.326811
1.13757
-1.24792
-0.118234
2.33796
-3.98445
-13.5968
0.249601
3.48251
-0.657157
-0.715866
0.103342
0.0353419
-0.627569
-3.78533
-0.809823
-3.88095
-0.608342
-0.886383
-2.78931
3.32402
0.0362118
-11.9233
-0.308228
1.92958
-3.4983
0.492534
4.1585
0.308064
-0.639219
0.509542
0.335805
-2.85825
-0.754445
0.20339
1.16839
-0.924405
-0.573252
-0.247557
0.468593
2.7591
-2.08699
-0.254817
0.401493
0.912128
1.62612
-6.36308
1.26083
-7.01415
-0.529932
-1.95466
-0.383048
1.71509
0.883784
-1.99209
-4.04953
17.8409
5.63544
-4.10929
0.223938
-0.515263
1.51969
-0.70245
-0.511993
-0.710324
-0.18768
-0.00600173
0.811137
10.2511
-2.71141
0.198657
-15.4357
0.918856
0.168923
0.617218
-0.963641
-0.993741
0.97896
4.2325
-2.50823
12.453
1.3636
0.498595
-0.404926
-2.0711
0.404253
0.0862835
1.34808
-0.0994837
0.0597176
-0.573946
-1.23743
2.9254
-1.24567
-33.8189
-0.0859148
-6.33022
-0.277831
-0.255123
0.72328
-0.205769
-7.03665
0.0584719
1.12391
3.15701
0.161041
-1.15747
0.387245
-0.0131606
2.59767
-1.08493
0.724638
1.02463
0.0517755
-0.0481694
0.142539
0.752574
-0.601155
1.39781
0.632948
0.731792
-0.00595021
6.25246
-2.75331
-1.11352
0.281628
-1.31425
0.0986202
0.469048
-0.316464
-0.641348
2.00142
-0.662747
0.881805
0.842603
0.0479343
-0.0573865
-0.065049
0.549293
-0.277068
2.91458
-0.171606
-4.1672
2.59416
-10.4842
0.413706
-11.5738
0.319757
0.637308
1.04935
1.21678
8.49167
0.161545
0.0574043
2.0057
1.90009
-1.02463
0.1016
0.053602
0.0981347
-1.17161
22.0757
0.00521842
0.137817
0.803537
-0.892761
2.71219
0.0914449
-0.0970718
6.25169
0.172074
0.20687
-0.80202
-0.918453
0.268763
0.221374
-0.119482
-0.219069
0.316395
1.52313
0.894341
-0.101955
1.9037
0.032256
0.28095
-2.79018
0.386697
0.268206
0.877465
-3.08781
14.5284
1.38983
1.34585
1.9385
-0.170066
-102.995
3.89361
39.8783
2.992
7.89606
-2.04145
1.24449
-0.165618
-2.99385
0.516967
5.48222
-2.81716
-0.146015
1.10218
7.38633
8.80306
-0.468157
-5.78195
0.0598529
0.168865
2.79418
-8.41305
0.52662
-18.3387
-1.4345
0.289934
0.3351
-1.13072
-1.16366
2.96247
-2.11834
-0.782782
-1.75763
-2.81359
0.867902
-1.88011
1.2755
0.175882
0.147854
-0.441407
4.71836
-7.99946
-0.0942068
0.625024
-1.73787
-1.41064
-0.0130545
-0.945305
-0.187224
-0.347169
-0.799706
-0.138766
-0.385591
0.158735
0.0555507
0.184912
-3.09018
-1.26797
2.47563
-39.4155
-1.18303
1.52958
0.920239
63.4092
-1.35961
0.507323
0.725306
2.57695
-1.11202
-40.3895
4.91859
0.681674
0.542706
1.7792
-0.950576
-8.1869
0.879857
-221.374
-0.430792
3.75868
-1.5203
1.01383
8.77498
-0.630185
-0.625638
2.00748
1.78829
-1.04354
0.218226
-6.99241
-13.1887
-0.361648
1.7953
6.33406
-0.815749
-1.58927
16.1919
-0.418337
-3.233
-0.808083
1.85609
1.10052
14.0002
0.726902
3.97721
-0.560029
-0.284937
0.1851
0.138528
4.9056
0.176961
0.058148
-2.07347
-0.0506678
1.1898
0.214394
-0.488604
0.291557
1.69554
-0.10421
8.90821
-5.16342
2.07448
9.75554
216.37
-0.875366
1.12859
-0.11807
1.80311
-2.00559
-0.845961
0.466873
-0.0352631
-0.758363
0.835323
2.2243
19.6002
-0.0652101
1.38815
-1.30832
3.15556
-0.109742
-2.24971
5.67818
-0.457499
-0.169012
-1.81823
-141.221
-0.572145
0.665769
2.44621
8.24965
-0.391867
1.64712
66.1801
-5.48075
-9.14502
2.61375
-0.771676
6.441
-1.22849
0.634184
-0.145224
0.0817335
-0.160662
-0.397669
-0.446917
4.43927
2.3413
0.0762162
-0.22336
1.40543
-9.64159
1.07871
1.19043
0.63902
0.615879
-0.622647
-2.06471
-0.0247122
-0.353642
3.65717
2.11377
4.24502
3.03136
-0.0705888
-10.2133
0.249092
-0.800712
-0.783731
-0.0179333
0.105149
1.2978
-48.5926
-0.85204
0.385985
0.70242
-2.29541
-0.431517
0.780666
3.33071
4.48309
-0.210845
-0.250432
-33.6759
-1.41645
-2.33828
1.08685
9.47943
1.32249
-0.0635935
0.968933
45.99
1.45
-0.360793
0.20584
-40.1699
1.41427
77.4029
-2.43074
0.0110616
-21.3945
4.74331
0.187801
0.594904
0.349108
-1.67174
-0.170558
0.344507
0.444618
-0.0020525
0.501343
-4.06166
7.43613
-0.910692
6.61299
11.9205
0.719166
2.75706
0.187093
1.444
2.12564
-0.566696
-0.264012
-0.932889
7.3847
-2.2979
0.775729
0.444713
2.31242
37.3703
1.37554
2.50345
-4.21751
-3.6222
-0.0747496
-0.481374
-3.13267
2.32694
-3.48786
3.14203
1.79658
1.10057
-0.684676
-1.29622
-1.25107
0.728985
-2.21056
0.495384
-1.69944
0.964888
-0.289589
1.97692
0.539584
0.407463
-1.73479
0.359739
1.62486
-0.343014
1.98006
0.127583
-0.342462
0.72571
-1.39161
16.0902
-0.756652
-1.68615
0.0973169
-0.196112
-5.75208
0.59446
-1.76201
1.99305
-0.644164
-0.545055
0.667688
1.6328
-2.78432
2.85158
0.339005
-0.67835
1.48687
-1.9051
0.600843
4.14453
-0.339532
-1.11229
-0.670814
-0.180991
0.726265
-1.66105
0.335464
-1.27413
0.470856
0.727268
0.192483
-0.317112
-0.686028
13.03
1.88864
-1.34202
0.729829
3.8314
19.4016
0.767698
-3.92232
-1.32256
-9.64485
0.110936
-0.493737
-1.78983
-10.8133
-2.73787
0.849309
-1.46353
-0.0418196
0.502964
-3.21682
-0.598245
-6.87324
-3.57368
-0.590747
-2.15257
-1.09633
-1.19296
5.11141
0.894524
0.23758
1.98424
1.00289
0.0870898
1.97456
0.137153
-0.813043
-2.23703
-0.416487
0.620558
-0.741485
0.26531
-0.915598
-0.594966
-1.27103
0.685152
-1.11791
-0.268452
1.45026
0.17632
1.19108
-1.10102
-13.8354
-0.00996244
0.75734
1.36399
-1.01756
3.65707
0.688682
-2.01998
0.0833898
-1.28993
1.05395
0.810775
-3.46567
-0.321074
2.264
-0.260087
0.906324
0.905535
-0.353079
44.2086
-0.655177
-3.07004
-0.840736
-0.531503
1.55184
-0.449944
-0.0683785
4.7496
0.0771106
1.46641
0.0724131
-0.295368
4.87453
-0.477439
0.449868
0.501512
-1.64632
-0.317759
0.355808
-4.15266
-173.633
0.608291
0.340483
2.61907
-2.36611
-266.811
2.04092
1.57193
3.3181
-2.89009
4.68395
12.5553
-1.30641
-2.27323
0.18953
-1.35644
0.244901
12.2705
0.0680624
-1.14338
6.34331
4.84442
-0.805502
1.00778
0.0317822
1.66927
-2.57919
2.13879
0.224129
5.75406
0.650948
15.2362
0.360967
0.348395
-1.22421
-0.0839755
1.21227
-1.18299
-0.188869
0.652311
-0.328854
0.0871889
0.833579
-0.597184
0.761577
-0.398479
0.0595018
0.197314
1.46162
1.48182
-2.56655
0.362485
0.0941179
3.17006
0.949032
0.0550006
12.4461
-0.403592
2.49072
-0.370648
-1.01816
1.46548
0.632373
-0.0827953
3.00196
0.0870415
0.181057
10.0782
0.313272
-0.233107
1.32891
4.70057
-0.521758
-0.843433
0.271309
-4.11657
1.82423
2.18647
1.15282
2.21627
-1.11894
-10.9744
0.482491
3.34914
-1.72144
0.882923
0.1136
-2.49417
-0.0972163
-0.342215
-2.17488
0.0911015
-1.33238
-1.4509
7.26073
-0.585482
-1.20134
0.685683
-0.1407
-5.92634
-0.00106373
3.81649
0.360182
0.716525
1.77288
-0.165988
0.569234
0.735684
-0.367542
-0.549187
-1.95975
-0.676382
-1.95326
-29.6816
0.156843
-0.0557264
-0.236894
0.946417
-1.87683
2.05507
0.251447
5.28162
-0.0984432
0.189975
-1.15459
0.987133
0.118329
-0.341803
0.555031
2.63358
7.40979
-0.379382
6.22002
2.41779
0.719497
-0.844522
0.650698
0.155677
10.9014
-0.437862
2.12172
-8.80966
2.46725
0.799839
2.58559
-0.360305
0.151192
-0.933976
22.5769
0.212615
-0.426721
4.01003
0.373502
7.45374
-0.0388305
-0.338223
-0.936945
0.622457
0.314693
-19.7612
-0.413475
4.33303
1.62926
2.66328
1.62571
-10.1294
-7.24705
-0.242737
0.448412
0.587037
-3.17499
-33.7639
8.23585
7.01871
0.118188
2.019
0.523861
0.00844235
2.96734
-0.620288
-5.28951
-0.313078
-2.95692
0.94578
-1.70714
0.405735
-5.38277
-0.653915
12.0596
0.412156
-0.62878
5.79334
-0.963313
3.356
-0.325923
1.79873
0.400319
-0.773798
1.19907
1.08471
0.814081
1.30404
-2.21798
1.08035
11.4428
-0.627898
-8.37382
-1.6684
-0.640891
0.144177
-0.601059
-2.19101
-8.01768
0.45975
-1.11184
-70.7721
0.645576
-0.525125
2.1711
11.1714
-0.293189
-0.367461
-0.0632123
-0.0299428
-1.61786
-1.3329
4.90295
0.729099
0.431842
8.93743
1.62856
-0.734157
-0.748292
-0.650431
7.75868
0.651008
0.0394071
-1.04087
-33.2796
-0.0740097
1.38719
-6.135
0.0580984
5.69146
6.23234
0.902819
-9.07317
-1.86717
0.720516
-2.76119
1.68706
-1.05377
-0.269648
-1.14087
0.444582
53.1108
-0.218355
-1.73048
1.18784
2.96532
-0.108106
-0.616344
-0.110148
1.5473
0.432199
1.04951
-0.559314
-0.2965
-2.18895
2.36612
0.626119
-17.3768
-1.43193
1.28036
0.218508
-0.481989
-1.72135
-0.636057
1.84632
10.1342
-0.753293
3.09482
-0.476728
0.158747
-0.197405
-10.9883
0.530992
0.604791
0.859221
-0.484248
122.516
-2.46854
-0.472104
1.96232
-0.678181
-0.0634833
-4.46817
-0.273997
-2.11333
-0.272629
-0.0925752
-23.2759
0.449339
-1.51651
8.16586
-0.731797
0.249481
1.33652
0.43193
1.24286
0.905663
0.0766262
-1.06482
-1.38515
0.40949
0.420683
-2.82538
0.0669388
0.111111
-0.134927
3.04668
1.47775
-0.623249
1.22698
0.529348
-1.52293
-1.21076
-0.0347699
0.528791
-0.496758
0.413416
-4.94296
0.243271
-0.256887
-4.82723
-8.97005
-0.760461
0.266536
20.2475
-0.555645
-1.72976
0.428069
-0.679054
-0.699716
-0.346683
2.12414
-0.344611
3.60851
-0.369277
2.4209
0.068439
1.33095
23.461
-1.76468
-1.66658
1.01265
-1.43862
0.81725
3.0634
1.67491
-0.0120726
-0.291278
-1.53356
6.31943
-1.09264
-1.71391
1.62526
-0.00644905
0.00922613
-0.923155
1.3242
-0.0017422
20.2992
-0.425649
0.208816
-0.0965682
-0.128443
-1.42724
0.54422
-1.35699
0.550909
-4.75432
-1.21994
-1.0513
0.299594
4.12824
1.14798
1.40722
-2.27384
0.262914
-0.676124
1.22602
0.466423
0.617952
-0.668312
-0.057423
-0.484891
-48.4984
-0.21669
0.191972
0.269096
-0.0559385
0.634761
5.17623
0.824877
2.00291
0.0692189
0.596366
-0.129861
25.4239
-0.0695857
-4.10271
0.739952
-2.05695
-0.0279575
-5.9612
0.544406
0.667344
2.25551
3.79174
-4.33988
5.5922
2.82022
-0.687523
0.151349
-4.10073
-1.3192
-0.577553
0.799732
-1.84715
-0.3321
-2.13972
0.593023
-1.28787
-16.5573
0.468585
0.697834
0.905424
-0.00186126
-2.80279
2.01111
-0.721245
-3.53983
1.35369
0.00139317
0.351718
0.621552
-2.33881
1.45708
-0.80714
0.752448
9.29506
-1.39101
-2.28762
-0.106183
0.931556
-0.352631
36.58
-1.63526
-0.0346488
-0.584986
0.317619
0.354996
-0.257244
-2.20065
-0.635641
-3.99897
-0.177751
0.523701
3.28629
0.202206
-10.9904
-2.43663
1.02657
-1.62805
-15.4581
2.58377
-6.192
5.08472
1.90748
-2.38588
-0.11615
-0.981847
-4.02837
1.25901
-0.139638
-2.55418
-1.21022
0.314823
1.59691
-31.6442
-1.25792
0.721835
-0.155074
-0.410121
0.110579
-0.140319
-0.248103
3.25767
-4.02451
-2.65854
-2.92444
-0.0376695
0.184266
12.2909
-0.925145
-0.453955
0.216646
-0.75653
3.72863
4.68755
-1.70945
0.126539
1.15896
-0.169771
-0.790963
0.126964
2.83075
1.63219
0.537985
0.388997
7.45613
0.624115
-0.251423
-27.2564
-0.396909
0.017321
2.55854
-2.40992
-0.0813508
-0.853264
0.0338556
8.8329
0.295841
0.0154855
-1.91666
-5.77514
3.24801
-0.753094
1.32969
-3.1205
5.09969
-0.784386
-2.75434
0.265366
0.218593
-0.527913
1.13649
-1.22639
-0.654005
-0.0410375
-0.210384
-1.9551
0.16593
-2.3124
-0.0461453
0.774002
-1.78736
38.4041
-0.210884
-2.2028
-1.76805
1.59088
-0.136506
2.25989
-1.4245
-1.14082
-1.28256
9.23015
1.31229
-0.566388
-1.46766
-0.475158
0.97107
0.0952841
2.12232
-0.30988
2.03355
0.105834
-0.359632
-0.0328622
0.768985
4.01782
0.0294892
0.15241
0.0392854
0.450085
0.325153
1.91595
2.95439
-1.04311
-0.364586
1.1511
-0.520503
1.65243
29.8681
2.75334
4.31739
1.34675
1.51131
3.21468
0.101968
1.12401
0.990161
4.2825
-0.394163
20.6056
-10.0035
-2.90433
-1.40951
-2.4922
0.892152
-1.43557
0.46204
0.302918
-0.529736
-0.645225
-5.12477
1.55159
-1.96965
4.99835
-0.155856
-2.75717
2.92807
0.16093
-2.2487
0.0825057
-1.65167
-0.963339
-1.77605
50.8334
0.596156
-0.906842
1.34476
-0.15637
-0.61548
0.518871
-1.12906
0.205318
-2.04428
-0.826645
226.948
-0.571643
-0.614633
0.623007
0.398094
3.69425
-0.101848
-0.40918
6.27456
-2.2666
1.94644
0.486571
-3.78898
1.77356
-5.14875
-1.71379
-0.59229
0.605788
0.299597
-0.337969
0.0385898
-0.792187
1.26746
-15.5358
0.0150425
0.0682271
3.45512
-1.65791
-0.896525
-0.108014
-18.2736
-0.271195
0.911871
0.610907
1.8934
-1.38555
0.470704
-0.422117
399.799
-0.573138
2.71925
-0.144959
1.12503
-0.0183295
-1.84065
0.751142
1.11366
2.48626
0.534752
0.374711
-14.3146
1.07831
0.95818
0.0333824
-2.36104
0.932618
-0.492413
0.333066
-28.5977
0.0509551
4.23318
0.292217
-0.714009
0.915441
-3.68055
0.174208
-0.0661677
2.66246
6.4875
-0.821965
2.66018
0.769483
-1.40908
-0.0917568
0.21105
-18.5636
0.228821
-0.694269
2.36666
2.01886
-0.68594
-3.59087
6.03004
-3.39788
0.885445
-34.7002
22.3619
-7.02463
44.9153
0.822677
-2.77384
-0.692468
1.19751
2.04263
-1.28706
-0.29339
-4.84708
-1.13042
2.32084
-0.0644401
2.09105
1.56298
4.2822
0.636404
-0.179426
-0.475642
1.41766
2.54379
-0.592202
-2.03874
1.10494
-0.544172
-0.0597679
9.34471
-0.75013
2.11418
0.128393
0.381605
-1.42375
-0.747322
-80.6612
-2.16338
-0.555653
81.0129
0.110676
-0.515471
0.512134
-2.49316
12.2669
-0.264067
-0.817289
-1.08454
-2.65831
-17.7551
0.261899
13.3059
-19.2371
0.689469
1.90299
1.61636
0.272525
-1.11761
-15.8522
-4.6719
-2.01594
-1.01185
-1.09456
2.82406
-3.55125
-0.316179
-1.12681
-0.0145771
-0.454255
-0.676789
-0.194978
-0.23824
0.112316
-60.4437
-1.67227
0.853542
0.493747
0.129185
0.365748
-0.227935
0.586117
1.77115
0.393989
-0.483966
-14.4354
0.390996
-0.682938
1.64615
0.0394193
-0.0765931
-0.182294
-5.67595
-1.21282
-10.4212
0.278105
-0.235115
-7.58124
8.59785
-0.0424491
0.075325
2.183
2.73932
0.207561
-9.74713
0.613897
1.46206
-0.430777
-1.99702
0.00600767
1.50388
0.18637
-0.0539675
12.0477
0.133341
-119.405
-1.31555
-0.693355
6.4753
-1.26469
-1.54178
0.278354
-0.450467
0.237824
-0.204372
3.63485
5.22905
0.314832
12.3185
-0.746407
-1.89032
0.0971393
0.150966
-0.461174
0.694032
-1.1907
1.53342
0.336768
-0.599937
1.21931
3.94958
1.52051
-0.948678
2.15393
-3.84468
-1.82257
-0.818808
5.7375
0.978341
10.3184
0.696438
-3.13211
0.364821
0.433875
0.605331
1.15834
0.0492359
-0.81986
-0.158917
-5.25204
0.805157
3.17022
3.31648
9.93062
0.481327
0.0175864
-0.204267
-2.15023
-0.0267817
0.137771
2.74215
-1.21696
-0.691391
0.907751
-0.402301
7.90387
-88.6801
-0.614077
-1.06768
-0.331128
0.77921
-2.53397
-3.20378
25.5759
0.471211
-1.22345
-0.725051
0.214275
1.83157
-4.944
-3.11093
5.5105
-0.0319893
0.20117
-0.582136
-1.11629
-1.10824
-0.355273
1.04739
3.47869
-1.82102
2.05235
0.508585
0.79881
-0.112847
15.4299
-0.526135
-2.8451
-1.43743
-0.647486
-17.5134
1.30313
1.66495
1.28232
-1.90908
166.992
0.499158
-0.38212
-1.4961
-0.27832
0.86134
-1.77637
-2.2542
0.421858
-0.520731
0.517831
3.16661
-6.59193
-0.298047
-0.0574869
-0.913556
0.442289
0.682934
-0.380797
-0.797087
-11.8334
4.98799
-0.779438
34.596
-1.95725
-0.716683
-25.8264
-2.71865
0.938281
-0.914279
0.919123
-0.0327197
-3.81182
1.57094
2.61186
4.31832
-10.4823
-19.3716
-1.01275
0.870831
-9.98535
1.29004
-3.69764
-9.15046
-0.642264
4.01836
1.05921
-0.0473733
-0.564861
-2.08754
0.65949
0.328062
0.7916
-0.490087
-3.03119
0.038974
0.21453
1.04223
0.843394
0.28828
1.5117
-0.647021
3.26897
-2.72758
1.53236
1.75336
-0.00879909
12.4183
23.6207
2.05852
-1.78378
-1.97392
0.067362
-0.42286
-1.12972
-0.0331385
4.87187
0.0956465
25.7232
-1.18556
1.57671
-0.0317237
10.0895
-1.40388
-0.0308577
0.693482
-0.364805
3.647
-1.14925
157.392
0.0237902
5.05136
-1.98397
-0.867737
-2.98631
-1.86498
4.42825
0.312429
-1.73
4.11649
-1.96
-1.86782
-58.6126
0.0636568
40.765
0.0265126
-9.35451
1.74901
0.257126
4.91181
0.435103
-781.017
1.41715
3.41435
-0.00560883
0.0818876
-0.406487
0.392234
0.378985
-3.24289
5.56206
1.91101
-4.21774
0.337413
-25.3453
-3.63143
-4.30918
-0.945465
-1.35686
0.778074
0.848258
-4.06767
-0.311767
-1.0441
-3.23983
-8.42587
0.14611
-1.27984
0.0175732
-4.49347
-0.39074
2.22645
0.467558
0.404244
3.94045
6.84159
0.523687
0.613989
10.4398
0.166168
0.374174
-17.279
5.39489
0.346545
11.3749
1.40773
-0.430431
-0.628391
0.708295
6.24083
-0.631267
-1.66884
1.72026
-0.734564
0.489295
5.11675
0.510007
1.75264
0.163118
4.72049
0.710669
2.62795
0.0659416
-0.272623
-4.97667
0.0900236
-0.547454
-0.61021
-0.813653
-3.41047
0.698482
8.6335
3.87885
8.28471
0.268195
1.11143
1.36065
0.12236
0.130774
-3.0117
0.529618
-5.57838
0.17179
-0.448928
-0.747737
5.61386
1.7375
0.73211
4.44656
-6.00556
3.43281
-4.07333
-0.877343
0.0848724
2.5929
2.90076
-0.182369
-1.5207
0.341468
-1.05632
-1.14883
3.09839
0.164768
0.707114
-2.07314
0.111875
12.5748
-0.495545
9.97005
0.478756
-0.806498
-0.71535
101.61
50.5045
-0.224468
-0.474803
-32.6854
0.718799
-1.19014
-0.528309
6.85985
2.6182
-3.47161
0.402464
0.364425
-0.0255653
0.339533
-0.16841
0.974792
-2.94831
1.96349
1.26607
-3.36703
-0.768379
-1.75642
-0.915189
-0.0175857
-5.60263
0.144072
-4.02035
-0.847328
0.240203
1.96212
-25.2981
-0.178398
-0.642167
8.08231
0.88877
-10.8606
1.86712
-1.14693
-1.55326
0.304005
1.75342
-0.98975
-4.73332
-50.3122
0.110077
29.7887
-0.144068
-0.106597
-0.266533
2.80995
-7.2733
-1.97087
5.06221
-1.36099
-2.57237
-0.309775
0.510684
-0.771621
-0.097883
-2.29899
0.333273
1.47296
1.64385
0.290033
-1.87532
-26.949
-3.45545
0.925819
-0.866604
-0.466076
1.47332
-3.04153
0.343321
0.291812
2.57393
0.0171822
-6.8415
1.54349
0.0911302
0.225263
0.933492
2.21915
-0.296163
-1.37421
-17.8341
-0.0210159
-1.01587
3.08419
2.59885
0.768862
0.289108
-2.38977
-0.554422
-0.520389
0.43052
-0.877697
0.660546
-1.95203
0.202706
0.819299
7.57855
-1.35558
-1.58549
-7.45948
-0.107959
-0.733282
1.34272
-0.00163555
-1.86333
1.98133
-1.08458
-0.986298
-2.08089
0.0844281
0.332151
-0.480637
0.621777
1.06111
-0.3478
-0.086937
-5.14656
8.49151
-5.34258
-0.482787
2.61088
1.30736
-3.48273
6.44877
-0.0442848
-0.414239
-0.969545
0.646597
2.36709
2.94552
-2.8021
1.59541
-43.2418
0.400048
-2.78614
1.46495
6.84094
-0.372716
0.798657
2.46595
2.94544
-2.13453
3.77544
1.88511
0.0365899
-1.06799
1.29886
-0.638846
-0.0404047
-0.489095
-0.722417
-173.752
13.1873
0.116643
6.90423
-0.190005
0.721941
-0.224752
-0.614496
0.375896
-3.36502
0.037981
-0.714303
47.9127
1.84768
-0.637084
-20.9766
-0.267013
1.25098
0.550661
0.829486
-0.442356
1.51391
-1.79049
-0.161354
1.22241
-3.72914
-0.625735
-2.52026
0.229692
1.94382
-0.242812
-3.00607
0.700864
1.89088
-0.17617
-0.651674
-0.0424416
-0.160434
-0.137684
-0.376686
-0.304791
-3.16051
2.30603
0.36805
-2.68619
-0.705667
-0.751416
0.328746
0.54804
3.78123
-1.43644
0.778389
8.66265
-0.867939
-0.0461868
0.0299142
0.797281
-61.3083
0.840604
-0.536565
4.98001
1.01767
-0.974911
-0.136408
-1.69906
-14.1799
0.639547
0.828301
-0.146428
0.144636
0.684069
-0.696113
-0.0246425
0.265498
-2.2247
1.36409
4.70403
3.20047
0.437954
-23.0487
0.725401
3.24375
-0.960158
-0.0917368
13.3608
2.65963
0.838716
-3.59943
-1.96112
1.04154
2.6492
-0.295909
10.1966
3.38248
2.1843
0.639103
-0.0211341
0.844821
1.12833
0.212868
-0.0945133
0.656948
-0.0325209
2.15868
17.7971
0.304202
0.911
5.14701
-5.95961
-3.97225
0.398295
-17.083
-0.358662
3.05014
4.75226
0.0420496
1.30301
-2.1569
-0.314022
0.127676
2.0043
0.628291
0.14003
-3.0297
0.0311229
-1.14007
6.00233
-1.66387
-0.317057
-0.0389353
1.30071
2.39342
-6.23239
12.9612
0.207271
-1.1243
-6.61546
1.13196
616.973
-0.42963
-0.262149
0.120544
-1.82151
-0.148093
-0.184441
0.94737
0.0966102
-0.949636
-0.73025
-0.499091
-2.64607
1.05836
0.196311
9.09489
-0.273293
-1.55994
-1.12792
1.07962
-2.59241
-0.0118818
0.278197
1.19515
42.1356
-0.0111993
4.73742
-1.30592
1.57089
-1.11281
0.847006
1.68337
-12.8439
0.842082
0.0783977
0.29846
2.63627
1.43504
1.43004
-1.59546
10.1383
1.97536
0.135041
-0.884312
2.67738
-0.203657
-0.222595
0.73017
0.136022
-0.469037
3.84931
0.304205
0.765867
-0.827964
3.13088
-0.198168
1.76146
-3.71888
-2.85446
-1.02777
1.50463
-0.720725
0.777063
-11.6984
0.967647
2.56368
1.41976
-0.278558
-20.6855
0.53573
-1.19988
-2.1154
-0.394995
-0.610004
-0.465184
-1.1471
-2.71848
1.03063
0.670188
-0.390908
1.03984
-0.367839
-5.05859
-0.229379
-15.2905
0.885221
0.379984
-0.561895
2.59465
-0.316015
0.33958
-0.0260791
-0.334671
27.572
-2.38223
0.547554
0.451832
-3.23034
-4.91551
3.79181
3.76186
1.64646
-4.71097
-5.34602
-2.3598
0.228081
0.772022
-1.73523
1.69397
-1.09912
2.08419
13.7576
-0.0695962
0.575185
-1.15283
26.7266
-0.0102432
0.778712
-0.774987
0.358579
33.5624
-39.8657
-1.25045
0.51746
1.31312
-1.8254
0.0279313
0.0639244
-2.24908
-0.64276
0.10874
0.00479967
0.407464
-0.100278
1.58265
1.09127
-2.97276
-0.411064
-13.2436
-0.383416
-17.1129
-0.903219
0.568823
-0.643744
1.80067
1.91646
3.97811
-4.34107
-0.0962022
1.2668
-0.903199
1.1703
11.3299
2.14209
6.10718
0.19268
-0.609299
-2.46353
2.77239
1.44698
-0.165036
0.901861
-0.907652
0.927563
0.059816
-3.97119
54.8634
-1.80633
2.67819
-362.783
-2.41584
-0.0992894
-0.278034
1.57217
1.43553
-1.0007
-1.62798
0.598757
-0.631695
-7.05621
1.36747
0.310623
0.994384
1.72289
0.203631
-3.22392
-2.11361
1.92927
1.80558
3.19603
-269.015
-2.29568
1.85474
0.415254
0.592632
0.466679
-2.8291
26.269
3.54755
0.902232
-11.5283
-0.828415
1.94125
0.699253
3.14686
0.537633
-0.100411
1.56863
2.55577
-0.639774
4.71956
1.20945
-0.411077
0.823906
-14.2636
0.504629
-1.22559
0.431754
84.2725
-0.260686
1.05317
3.81791
11.7157
-2.02625
0.0716459
-60.4698
0.166719
-0.424644
8.09709
1.23165
-1.03056
-0.283904
-2.11432
0.436819
-3.27439
1.18696
-0.258625
0.0844562
-16.6179
12.8192
-0.388711
-0.262302
0.26658
0.995541
-0.467197
-1.20746
-0.133781
-3.94375
4.54542
0.583229
-5.33096
0.212446
-41.7883
1.69528
0.038742
-0.504401
14.0076
1.47608
1.79563
-2.46092
-0.177641
-2.13618
0.751447
-8.06301
-4.57495
0.883518
0.963715
0.019345
1.48088
-0.126157
-0.360378
-0.723555
-0.111835
-0.0775873
-5.53036
1.41448
0.279652
-2.00031
0.892624
-2.62014
0.283005
1.19922
0.651956
-2.79797
-1.38536
0.36212
-0.152738
2.54049
0.5863
-7.36747
-1.27866
-0.582832
4.1387
-7.19865
4.87137
0.14468
-0.885083
-0.228022
2.2927
0.278297
-2.54812
0.35932
2.21939
1.00499
-4.79026
0.480771
0.834879
-0.491483
-2.00832
-1.5476
-1.96843
0.271051
-0.0421579
-1.77142
-0.539432
-1.77045
-1.56815
1.53558
0.309964
-0.244239
-1.88258
0.032766
-0.92227
1.88305
1.40166
0.296797
0.408887
0.788143
0.409875
-0.96571
11.7445
2.51871
1.01333
-0.0236218
1.21034
4.20654
-0.215538
-1.77281
-0.0365744
4.87099
0.305886
0.543652
0.414954
-0.104867
-0.351779
-0.187681
-0.980149
3.25547
7.04456
-1.42511
1.33801
-1.67509
0.339638
-1.66149
-2.09755
-2.75475
-0.977773
1.13978
-12.2888
-1.58014
-1.38136
3.09071
-2.10123
-9.24086
-0.599026
0.113002
-0.100171
0.227595
1.53697
4.87131
-1.60999
1.6043
0.350437
-0.775079
0.00621912
0.541447
-0.0707813
3.22139
-0.0405995
4.116
67.8911
0.330368
-1.42294
-3.11526
0.19557
4.33829
-1.07551
0.419009
-3.13715
-0.519539
17.7927
0.261445
-0.461976
0.576654
-1.18385
-2.27621
-2.29003
0.408161
1.56478
-0.0287207
-0.744911
1.06382
-0.712093
-0.566121
-0.33804
-0.981723
1.39894
1.27605
0.0162906
2.28766
0.983551
0.204192
-14.754
-0.692655
-0.0335717
0.466044
0.56418
-0.0580549
0.401936
-2.173
2.28849
-0.49574
-0.905642
-4.80253
-1.33219
2.27272
-0.0387936
2.49751
-1.48685
-0.186866
0.126173
-0.419221
0.504214
0.888396
-4.7042
0.484349
0.142433
-0.610049
-3.60266
0.0927436
3.24216
0.0755935
-0.820457
-0.776608
-5.85315
0.000330999
-2.76938
-0.498675
0.421345
-1.22062
9.50224
4.02604
0.628212
0.209869
0.36558
-1.31917
0.200763
-0.39313
-0.75277
-1.37977
1.41191
0.137372
-6.83756
0.450742
-0.003926
-0.101712
4.87291
-2.09666
1.0981
0.0629041
0.0704416
-1.56484
-0.909198
1.48484
2.59927
0.12454
-0.876497
-1.51072
77.2459
-0.220308
-1.57802
-2.96367
0.0130649
-6.38857
1.65159
0.143336
3.97794
-0.130463
-0.181063
-0.160323
1.64503
-3.36596
-0.448666
0.971752
-0.0450357
-0.166528
-0.707408
-0.549814
0.644942
7.27517
-2.68112
-1.95031
-2.55476
-1.72411
5.55824
20.2602
-0.787754
0.0235223
7.20706
1.02183
-0.779437
-0.817541
1.58785
9.40857
-2.28481
-1.13227
0.546511
-1.47565
-0.521542
-7.03278
-0.160357
1.93871
5.78509
0.356329
0.0715925
-1.19457
1.42446
10.065
1.94031
-2.44379
-1.52589
0.628441
1.93394
8.78276
-3.79427
0.662635
2.00346
-0.143095
-0.082137
0.899844
0.57553
-0.184638
0.85769
-0.653458
-9.54307
3.79577
-7.86606
0.000503639
0.489923
-0.67033
-0.990677
-0.309817
3.1006
0.0468365
-8.7735
-0.623399
-0.983506
0.388257
-3.89423
-23.4094
0.708811
1.7539
-0.33524
2.03799
-1.3719
2.17493
0.0239079
-0.537866
0.237681
2.95997
-1.07279
2.16986
-4.76671
0.171984
2.29686
-1.6947
0.683359
-0.935461
0.846257
0.210389
7.75203
-0.726825
-1.09029
-0.0884894
-1.02968
-8.89914
0.821954
-0.5025
-0.629526
-2.22247
-0.413023
-1.62465
-22.358
-0.161723
-0.748266
0.530444
2.04552
-1.21537
2.28144
1.25721
-0.51155
-0.341295
3.67854
-1.61901
-1.79908
-1.29929
1.17345
-28.7787
-0.0909974
1.27103
-6.98243
-21.9178
1.87984
0.855757
-0.549784
-0.951351
-0.248854
-1.0513
4.79205
-2.2734
1.00926
0.585168
21.4761
0.627456
3.76454
0.428667
0.349125
-0.183643
-0.683602
0.969889
-0.56379
-2.06472
0.391734
-1.09329
-25.7611
-0.00839533
-0.538236
-0.596103
0.245629
1.17466
0.796922
-1.14842
-0.0941192
1.15446
0.694147
-8.17628
6.21321
0.236155
-1.33999
-3.61498
10.1995
25.5897
0.301361
-0.913149
-4.29564
3.80365
0.383122
1.0208
-1.13633
-4.19126
-3.63492
0.980681
0.692211
0.187312
0.065815
0.429552
0.867184
0.571491
-0.169509
-1.45829
-7.59874
-3.47778
0.732303
2.52731
0.607281
1.19602
1.98877
-38.3803
4.66224
-0.185476
-12.2629
1.28951
0.501849
-3.01841
-1.23883
-0.106626
-0.0757778
-2.44933
0.967479
-0.486188
-2.15684
1.49304
-0.954872
-2.52351
2.0178
-0.271669
-0.512733
0.641494
-0.308649
0.00877392
0.482499
-0.577506
-2.44765
0.194558
-0.469524
-0.133971
0.212159
0.488841
0.431203
1.4494
-1.04381
-0.741902
-0.528939
-1.32882
-1.55621
0.380648
-2.75118
-3.58368
-0.900191
11.2712
-0.690733
-0.0795622
0.905607
0.0469785
-3.01963
-0.336894
-2.09866
1.66682
2.02576
-0.858602
-0.959419
-23.8456
-0.205173
-0.877528
-6.69529
-2.66274
18.1958
7.14928
-0.420268
-23.4433
-1.15475
1.02314
-1.77292
6.34248
1.20296
-1.69667
-0.0686375
4.68859
-0.313488
-0.349661
-0.892231
-0.115516
-12.2142
1.54867
0.105052
0.377325
2.66975
2.11708
1.55917
-1.97757
3.736
0.146164
-1.07232
-0.279679
0.72606
1.11471
1.23398
-1.2486
-7.02336
-0.132417
-0.245595
1.40205
1.75758
-5.27125
0.474764
0.0247255
-1.66778
-1.09961
0.86462
-0.0150946
-1.50151
-6.36097
-0.234939
1.30163
-1.33443
0.694413
-0.60737
2.24995
0.310165
0.276843
1.25929
0.618313
-0.556549
-0.0529453
-2.67766
2.52502
-2.00091
1.91773
-2.40951
0.134984
0.0897691
-2.78593
0.21271
-1.25751
4.61886
-0.368089
-1.00063
-2.05556
-0.195184
-102.028
-4.55805
-1.1336
-0.111471
0.739661
-0.65892
-2.04275
1.08128
8.48865
3.44749
-2.15658
0.284845
2.37068
-0.319246
-0.245648
-0.502431
1.06608
-0.669686
-2.93216
-2.88571
1.31203
1.96958
-0.190065
1.59042
-1.34553
0.986123
1.23481
-2.1235
3.45061
-0.359078
0.275632
-41.502
0.0828115
-1.40407
0.0330181
1.76644
1.84966
3.64096
4.97433
-0.296723
0.684832
0.56854
8.81422
-1.37889
26.9473
14.4876
0.316225
-5.51069
1.09868
-1.26746
-0.239186
-0.0605536
-14.063
0.0144549
1.59675
-9.74368
-1.90991
-0.16727
-0.126366
2.77362
0.504991
5.69301
-0.715309
-0.125013
0.561145
-1.44147
2.05017
-1.30879
2.22407
2.08172
-2.73892
-56.9482
4.1601
1.16172
-0.0517796
1.08556
-2.03609
-5.91266
-2.13452
0.691395
0.699452
0.610318
0.492496
-0.665626
1.23545
-1.008
1.12694
0.0865461
0.607792
-0.493618
2.5193
-24.8174
0.110026
-1.07419
-0.122459
-0.368423
0.42913
-1.1684
0.0504823
0.0533636
-0.976293
1.03333
-1.26293
-1.06031
0.968055
-0.75122
-0.835407
1.34647
-0.577845
-1.34892
0.384288
-1.74584
-1.36914
-2.49123
1.5395
-1.6351
-0.784934
1.70836
1.62377
-0.352645
-0.339514
-0.234403
-0.419135
1.28001
-0.277141
-0.943596
1.96757
0.237436
-0.437108
-3.00417
1.34291
2.05615
113.112
1.36669
-2.25374
0.293828
1.29735
-0.385604
0.557932
0.0364489
38.3985
-0.628624
-5.15563
1.46233
-1.65095
1.60878
-0.524412
0.253088
-2.667
-0.883597
-0.139087
-3.4886
0.859646
-1.68834
6.35547
0.410596
-1.45714
1.77932
3.13458
-1.44993
-2.07295
0.583725
-0.472229
-0.590324
1.06292
0.219928
5.03237
-0.194978
-1.39465
0.926672
0.856172
-3.17026
-0.353658
5.38053
2.45356
0.407818
0.0913657
0.549553
3.40416
0.848218
-1.89902
-2.23122
0.99708
-0.100701
-4.6497
-0.0976491
-0.158404
-0.0832713
-0.699828
-1.23748
1.57201
0.297253
0.180952
-0.359283
-1.39601
1.26656
-11.4812
-0.372749
2.13296
0.11814
-1.08088
-0.702108
5.95547
-1.60332
-0.564734
-64.8119
-0.581885
-0.510153
-48.5112
-0.792885
4.13001
10.1605
0.467666
-0.517822
-0.665495
1.09495
1.74275
0.610656
-3.40411
0.458145
0.0585938
0.0463008
0.546037
-4.04983
-0.0754681
1.08467
0.23812
-4.71994
15.7462
-0.0199037
-0.583793
-0.678343
0.480883
-0.14116
2.11749
-0.105854
42.5672
0.240041
9.9786
3.14981
-0.802314
0.870605
-3.20716
-1.78204
-0.267481
0.444028
2.26021
1.31203
0.0553381
0.398679
-7026.69
-1.75672
1.61086
0.867035
-6.31313
-10.3573
-0.300256
9.49993
0.669348
5.21387
2.39577
-1.26076
2.87481
3.11508
-1.78095
-0.836079
0.590334
-0.299797
19.3996
-0.0444676
0.517644
-2.41877
-0.977994
0.396252
-0.00770535
-1.06775
-7.51326
2.86115
-61.7907
-0.950245
-2.01399
0.918566
-0.367892
1.3519
4.43119
0.156578
1.6201
81.9383
-3.6283
-0.370009
-0.160619
0.400234
-1.43453
-1.07942
1.09459
-0.587519
2.76205
-0.700923
0.0973039
8.42793
-1.38253
-0.120108
-1.53795
-4.21052
-0.8053
-0.719445
-0.603165
-0.586365
10.4126
-0.724876
0.372631
29.5283
0.429898
3.80773
-0.465694
-5.91887
0.677161
14.2491
-0.446803
-1.98273
-2.31494
-3.65583
1.47385
-0.748215
-2.00533
0.212103
0.620239
-1.96104
0.315295
-2.72995
-0.515628
3.2059
-0.80902
1.17289
1.70107
1.84046
0.568031
-0.609713
-0.0110553
-0.298232
0.369614
-0.261321
0.387754
-0.357107
1.01552
-1.43673
1.67343
0.0529528
-61.0051
-1.18119
-0.419094
1.07857
3.54357
-1.03587
3.2797
-0.729912
-0.390968
-0.748172
-2.78005
-1.63298
-3.8123
0.116713
0.63825
0.367954
-0.550673
0.759369
-0.249891
0.0259139
-0.289516
-9.19847
1.68847
-1.07137
-0.880064
-0.056856
-5.26726
0.20201
1.00258
-4.51292
1.44454
2.07041
6.30652
0.533603
-9.16668
4.40605
1.05065
0.090414
1.09384
-0.113294
0.101126
1.18169
0.289268
0.439337
27.2929
0.724764
-0.0405204
-0.047098
-1.43329
18.7216
3.05661
0.0996692
-2.58026
1.94665
-0.0768001
-0.357586
1.87103
1.12549
-4.97373
0.157525
1.58362
-1.72922
1.37504
2.6705
3.15079
2.24841
19.1416
0.572698
-3.03137
35.1752
-1.55744
1.27312
-2.14678
-0.322172
0.284514
-0.684275
-0.00411257
-4.43333
8.7719
1.9939
0.753106
2.1226
-4.35939
0.190114
3.79048
-0.0488522
1.46427
-1.0879
1.62139
-4.4527
0.436604
-0.172749
-0.558057
-0.445735
0.203041
-2.36143
-0.352328
1.58645
-0.153711
-1.77423
0.213839
0.00869023
-1.47917
0.673202
-0.165762
0.805907
0.265703
0.703511
0.192174
-1.42628
3.55157
-0.98612
0.436443
-0.34267
1.41469
10.0103
0.588432
-18.9391
-0.0292904
-5.2388
-4.78103
0.308627
0.435281
4.83591
-0.966721
0.667663
0.502774
-0.94676
-0.733153
133.268
-3.28482
0.017465
0.552928
-0.91623
-3.24448
0.169823
0.580193
3.57155
-1.65201
-1.06434
-3.48219
-0.689248
1.68316
16.7031
-0.25241
-0.651504
-4.81841
0.997121
3.07157
-1.77884
7.05431
-3.7617
1.20926
-3.18971
-0.00982509
-0.599907
2.00089
0.97017
-6.21829
16.8892
-0.991825
-3.02274
1.1822
0.264823
-0.63124
-3.75128
-4.14136
-16.0653
-8.76413
-0.239437
3.43173
1.25102
-1.38548
-0.844454
-0.450298
-1.81475
-1.08774
0.312076
0.067958
-1.4924
0.549584
-1.41619
1.62786
2.24223
-3.31693
-0.0504798
1.74934
-8.04901
-0.885475
-2.27954
3.01253
1.8348
-1.54589
1.12173
1.43561
-1.03149
-0.129434
0.476071
-0.142238
-0.0467812
0.987413
-0.000497561
-1.51084
-0.378213
-13.9434
-1.00174
-0.677655
0.410311
0.207834
0.652859
-0.507695
-0.179692
0.754079
-2.0988
-0.640608
2.2994
-0.176031
-0.168313
0.293737
-10.321
0.208839
0.525027
0.0048461
-0.206087
-8.01626
-1.60536
0.369057
0.641897
-0.827892
-1.37941
-12.0334
0.0780902
-0.157443
-0.426269
-9.10822
38.9017
-10.8186
-0.0865251
0.00273182
-4.17935
-2.0427
-2.57525
28.8621
-30.7365
0.241375
-0.553371
6.65347
0.389254
-1.9542
-6.03957
0.0202649
1.90962
-0.908148
-0.107258
0.259394
-3.03459
-2.98818
1.72637
0.379882
0.262967
-28.0273
-2.34573
1.13707
-0.342966
2.18303
-1.52771
-0.059928
-2.01594
-0.239664
12.3015
-0.724844
-0.634503
1.53857
-0.485272
14.7411
-1.0818
1.84899
-0.977398
1.86452
1.7632
1.92714
1.3138
0.911635
9.16904
0.185715
5.60706
0.116575
13.3498
-0.545358
2.13261
0.0969975
-1.12607
2.70155
0.338853
181.519
-1.02001
-0.909919
166.029
-1.16542
2.52608
-12.4597
-44.2816
-1.53348
0.297377
-3.70853
-0.723589
4.34724
0.0602825
0.748744
-1.15173
-1.13815
6.49176
-0.903299
-1.452
5.408
0.609079
-2.7992
-1.51039
-34.465
-46.6829
-0.894811
23.8574
-8.45431
-0.0108448
-0.361877
0.57579
0.00785648
21.0913
1.16914
2.15611
10.4682
-1.36939
2.21397
0.12951
1.16873
4.47751
0.693693
1.13793
0.132034
0.442844
0.474537
-0.72457
0.763543
-6.82368
-0.654821
6.74532
1.50708
2.69562
-10.9629
14.8946
0.825851
0.255958
1.26244
0.978948
2.91789
0.683903
-3.06832
-1.311
2.34018
9.1102
0.973179
0.203474
0.632234
0.89562
1.51931
0.286934
0.569635
-1.58144
-10.5271
0.589889
-1.18721
0.682918
-1.2215
0.248657
-0.997536
-1.67746
0.101054
-0.181691
-0.17923
2.25752
-3.67216
1.12808
0.598773
-2.05543
0.891473
-1.23749
0.766618
-3.84378
0.662319
-0.0929758
7.01235
-3.35203
-0.00364823
-0.454129
0.0354246
-0.796192
0.151136
5.05836
-4.3982
0.18856
-0.426
0.0626591
0.26185
-4.05257
1.79156
-0.677188
1.64832
-1.41703
-2.22606
-1.61832
-1.15366
2.70822
-0.459479
-0.607805
0.311576
13.6635
0.407863
-0.705039
-2.58391
-3.21395
-2.77117
2.45738
-0.411487
0.449203
7.73651
1.03897
-0.654539
-0.24464
1.37366
-15.2177
1.06892
-0.467882
0.0263658
-30.7705
-2.33851
3.14393
0.947248
-0.89553
-0.556856
-0.824752
-0.867756
-0.371188
-0.329676
2.9384
0.0881001
-1.10004
-0.594897
-17.9747
4.57581
-3.72025
0.0298981
-46.913
0.637552
-1.1694
-1.26644
-1.40138
1.38395
-0.255517
-0.590378
-0.0102414
1.10496
-0.859344
0.46914
0.721667
-31.7899
1.5233
1.04822
-1.70173
-0.17128
1.16584
-1.84364
-0.122563
1.78553
-0.519533
3.33754
0.599806
0.170616
-1.07102
2.64808
3.39232
0.48335
0.359253
0.131862
-1.08429
0.410628
0.472311
-1.34617
4.52372
-0.479046
28.6488
-0.369299
-0.147857
-0.261023
1.23959
2.0856
-2.17975
1.02035
-1.41719
-1.67996
2.17375
-0.135442
-2.7206
-9.55974
-0.812392
3.07316
-0.782491
0.0148662
5.27638
0.53204
-1.77827
2.2627
0.680263
-0.200116
-0.855743
-0.835031
0.869662
-22.3588
0.816056
-0.0178817
1.15191
-1.22987
1.89632
-0.282753
1.71643
9.71212
-0.526165
0.83788
-0.653916
-0.316096
-10.2591
-0.0808189
-2.63506
0.120418
-0.684069
0.681171
1.31315
4.54647
-1.1221
-2.71474
-1.51099
0.692438
-0.633953
1.16843
-0.516138
0.0192485
0.630838
-1.30685
-0.150695
-1.64723
3.09906
6.66644
-0.0963823
0.0220748
-1.94872
-2.17535
-0.664863
0.122063
-0.876791
0.0146061
-0.568498
-2.06359
-1.27126
0.406325
-7.77229
-26.2693
-0.414313
-0.57614
-0.428157
-0.134117
-5.20051
-0.26781
6.45198
-1.31159
0.0968085
48.7497
1.75937
-20.5647
-1.2952
0.526466
1.21145
0.82359
-0.806615
-0.153511
86.3761
-0.639151
0.461873
0.473356
-0.506945
0.527086
-5.81979
-1.94381
19.1604
0.243393
-0.422201
-1.03066
-0.0291369
2.20678
1.95037
-0.429361
7.24548
-2.50116
-0.935438
1.20629
-1.05387
-0.383404
0.105021
5.32176
4.38533
-1.54007
-78.4527
0.154998
-1.98063
-0.288132
-0.00759037
-1.80423
0.132712
-0.556801
-0.823294
-9.2824
-4.20326
-0.694986
0.75539
7.84931
1.1374
-0.364864
-3.99851
-0.224815
8.15771
0.262379
20.501
-1.56371
1.32077
1.98754
-88.8379
-0.371782
1.66394
0.47898
-0.333343
-0.35108
0.49451
-0.749485
2.48851
-3.13539
-2.12687
-26.846
-0.137898
3.08224
3.81575
-3.46659
12.1702
-2.72269
0.780909
1.10272
0.424607
-0.29449
-1.13529
-0.259977
1.53426
0.152986
1.59373
0.315077
0.406562
0.86098
0.250883
-0.125228
-0.722081
0.728815
0.774716
-0.556067
-1.35323
0.341645
-0.494301
1.99659
-1.0991
-3.80579
0.0360831
-4.08928
-0.249513
-2.04156
2.7698
-0.817629
-0.693389
0.649976
-0.163036
1.83345
-4.87361
0.992371
3.45928
0.80908
1.36086
3.86033
2.39947
-0.318497
2.06024
-0.0177725
-2.83791
-0.0130417
0.520774
0.458504
-1.74414
-0.27499
-0.85074
1.84309
2.09592
0.230847
29.6304
0.260354
-1.11435
-8.82751
-1.76899
-1.18931
0.516215
0.342708
-0.398549
0.242623
-14.0212
-1.36506
1.91716
0.885403
-0.234603
1.4738
-4.66189
-0.275363
0.957983
-0.177125
6.08689
0.596242
-0.200106
-1.01674
0.161744
-1.09589
-0.500539
26.7227
-0.288988
-14.2725
1.77841
2.51429
-7.72786
0.302841
-0.964785
0.661623
1.31922
-1.02437
14.9311
3.29393
-0.783061
0.317092
-0.0936536
-5.86044
-3.58302
-0.544581
2.23876
-1.34885
-3.58836
0.327655
-2.99254
-1.01851
-5.30223
-3.02636
-0.283792
-0.107895
-0.421034
19.1568
-1.28743
-3.79666
1.9409
-0.419776
0.605576
-2.29548
0.404537
1.55158
-0.0581578
10.2106
-1.97518
0.988319
0.0422425
-0.759147
-1.08129
1.22154
-1.03309
0.609714
2.91419
-0.421733
0.602047
-0.634497
4.29103
0.354162
1.23019
3.20921
-0.340235
65.3745
0.621773
-0.268706
-1163.91
-0.892855
1.43843
1.11873
-1.28604
-6.49584
-0.962667
-1.6303
-0.597274
-0.55513
2.02711
-14.2976
-4.14946
0.54037
3.30471
1.59608
-1.61564
-3.39505
1.50041
1.50813
0.707498
0.00134767
4.23699
42.0261
-5.95238
-36.7267
-0.990883
-4.43415
-1.05472
0.898093
-0.407471
-3.59517
0.90045
1.74778
0.345019
0.335285
3.95558
-1.77732
-0.589605
-1.72264
1.57321
-67.7325
-0.613993
-0.266205
-1.14235
1.94937
-0.31225
2.47134
1.63238
-0.593308
-8.26637
1.19541
-1.565
-0.039756
-12.2133
-0.320744
0.0678383
-7.91659
2.62573
0.444478
-0.220201
0.697959
-1.95482
-0.515708
-0.371833
0.671824
-0.0200734
2.07685
0.244165
-0.706788
-0.00967955
-0.671927
0.522455
-0.364734
-25.3287
0.0609216
2.92788
-0.379877
2.14947
-13.1087
-1.00534
0.213401
0.190587
0.20786
-0.027977
0.75759
1.19861
1.83007
42.3162
1.356
0.770079
0.515467
1.0211
-0.266293
-0.153072
-12.6262
-1.07464
-2.11946
0.772314
-0.786076
-13.6321
-11.1688
-0.706455
1.29838
1.33344
-1.46144
-2.00544
0.905909
0.228315
-2.59614
-0.519668
-1.75949
1.39263
-0.643995
13.6563
-5.69132
-0.221764
0.614797
0.118529
-0.797429
19.7194
0.850739
-2.13731
-0.212618
-0.280841
0.241934
0.0163888
-2.47996
8.06077
1.17992
3.31977
-0.415532
-0.0452815
-1.04966
0.43053
2.29011
9.52691
-0.402104
3.47407
13.8518
0.0922231
-3.2009
-0.153554
-0.369989
-301.003
0.146581
0.541458
9.35608
0.303495
1.69561
0.177671
-0.898534
1.26106
-0.794861
0.590512
2.30312
-0.128302
1.29736
-18.8619
0.681177
-0.127876
-0.0217297
-0.995098
3.56562
-0.871069
-3.09758
2.21403
7.97862
-0.452084
-2.7135
-1.57956
-0.064841
5.68557
-3.62209
-0.20111
0.38632
-0.0220418
2.65922
-0.536895
-1.13472
-4.32461
-0.818287
-6.47222
-1.53533
0.375613
3.38935
0.293749
4.6915
-4.86672
0.385343
-0.97927
-0.934013
-1.0283
1.7583
-0.59734
-0.430008
-2.24548
-1.40597
-1.01129
1.97874
-0.489992
-10.3498
-3.42042
-0.184286
0.199467
-2.24754
-1.52055
-1.53297
-6.70821
1.23636
-0.434723
-0.759197
4.24612
7.6271
1.53166
1.21407
0.383572
-1.58128
4.54173
0.0327855
0.729185
-1.81653
3.37165
0.834882
0.417984
-0.492826
0.60634
0.57151
-0.232272
0.140948
-0.763113
-4.61971
-0.76297
-0.747341
-0.365608
1.59508
2.49245
-0.69612
-6.32987
-0.163293
1.09546
-0.675844
-0.185633
-4.45407
-0.55988
0.621661
-1.35181
0.485709
0.441124
-1.36658
-0.62808
-1.46992
0.251798
-0.458689
0.941864
1.7373
-13.3231
-5.44648
-3.59621
1.31743
-0.966167
1.89243
-2.23191
-1.02521
-0.149956
-1.33848
0.0742162
0.189194
3.37145
-2.17047
-2.84852
0.088503
2.47217
-0.598357
3.86994
1.00328
0.536322
-13.6767
0.544999
-21.4791
0.19747
0.798664
4.63751
-3.93593
1.08404
-3.009
0.33193
2.14175
-0.279984
-0.562704
0.255975
-0.854842
-0.582393
3.91845
-2.86122
-0.977884
-0.253484
1.30061
0.178058
0.544528
-1.93249
5.75171
0.386534
-0.717456
0.543538
2.84535
0.755473
0.192356
0.319384
-1.21152
-3.73472
0.294042
1.05487
-522.692
-0.278192
0.0334537
4.7743
-4.5914
1.22695
0.67717
-0.268941
-0.494147
-0.971953
2.18954
-2.92347
4.13648
4.15998
0.45345
-2.99802
0.7364
0.443094
1.2551
-1.16274
-5.67479
-0.174993
0.323056
-0.113871
4.35926
-0.760972
-1.57027
4.14543
-17.0124
-3.7578
-12.489
0.00966084
0.251783
-4.98883
-2.34979
-0.901214
0.220666
-1.31817
2.17662
0.075418
0.16982
0.574536
0.364979
2.52133
0.471785
5.27345
-1.03236
-1.26947
-2.23783
1.6035
-0.708822
3.10085
0.864041
-1.04205
-0.203602
-1.28333
-45.5199
0.259111
-1.1506
-0.416476
-6.31387
3.7551
0.0323951
0.751066
-2.03722
1.00748
3.28881
2.51317
-1.57593
0.298224
-1.02647
-0.0427443
0.397772
12.9554
-0.64157
0.497338
-0.260549
-0.432989
-0.198911
1.72698
1.25826
-231.414
-1.35667
-0.993642
-1.94739
-3.65803
0.379977
-2.78103
-0.365165
2.91755
0.260497
-0.913111
0.016231
0.0435561
0.308625
-0.346331
-0.199712
-0.807173
-4.74677
4.7668
-7.23565
4.15437
-1.66566
-2.53442
0.232696
1.19523
0.584916
1.09635
21.3112
2.4193
-0.511552
0.0555912
0.505397
0.15025
1.4423
-7.46257
0.08431
-3.88042
-0.316336
3.30321
-2.25593
1.15901
46.3947
-0.839382
-2.92395
-0.0800682
-0.67007
0.52394
-2.35717
19.4681
0.815969
-1.20182
-0.221771
-0.719089
-0.337343
-9.76179
1.81297
0.435196
8.41178
-5.56344
-2.83815
1.86817
-1.44079
0.865528
-2.71507
1.90836
-0.714426
-1.52808
-0.0946684
-4.29882
-0.817959
-39.5098
1.61408
0.46892
0.535139
51.547
-1.98104
-1.21507
-7.33128
0.368822
-0.364646
-0.240955
16.8964
-0.261211
-13.4034
1.34374
-0.020632
-0.310159
2.60068
0.116933
0.42309
-6.50042
1.06892
32.1694
-0.412236
-1.42684
-0.542225
-4.43429
-0.0888188
-2.0662
3.54407
1.39735
4.578
0.954875
-2.45185
0.938703
1.14874
1.06184
-0.0647467
0.472076
-5.99113
-0.00898943
-2.71743
-0.0725607
4.83322
-13.3711
-4.05095
-0.24864
-2.75513
0.558645
-3.9109
2.28109
1.15682
2.42442
0.299951
-0.431887
-0.190272
0.253144
2.40451
-1.05059
1.2153
0.00717502
0.71343
-2.51425
7.98571
-0.7501
-0.599597
-0.573962
-2.75997
-0.972752
0.510757
22.2184
-1.08574
0.306902
2.46181
-0.859845
-0.338873
0.700769
-2.4347
-6.23956
1.91541
0.313143
-1.39119
-0.761362
-2.98249
1.0028
-0.909051
-1.02067
2.73426
0.23582
1.08168
6.04556
-15.1322
-0.295663
6.88114
-0.50438
-0.280594
0.732392
1.09723
-0.199216
-0.0811562
1.46801
3.33655
0.73594
-0.530184
-0.355413
-3.88746
0.515482
-0.0686871
-0.132625
1.87579
0.293602
2.41529
0.498351
-1.51597
0.369366
0.440697
2.981
-1.94423
1.56367
0.732703
0.76254
0.499998
3.02485
0.367563
0.166962
-3.08005
-0.844733
0.105297
0.712185
-0.336583
-1.93792
1.20929
-3.07497
-0.740483
4.49924
-0.198825
-7.13183
1.78562
1.66169
4.26577
0.348729
0.786264
-1.04192
-0.259897
2.2515
-2.01933
-4.43222
1.24782
-1.64479
1.02826
3.73547
0.0872337
-391.088
-1.65056
-1.14751
-0.0561797
-0.362865
-4.21249
-1.05407
0.0148299
-0.696608
0.287232
0.804296
-0.466196
-0.317928
-1.26249
-0.0943937
-0.195335
5.52473
-1.11253
15.8533
-3.03957
-1.15691
-5.86369
5.42595
1.31805
-0.573217
-0.345917
1.09887
-1.25421
-0.494696
2.06738
0.425334
-0.181918
-0.496035
-0.860779
1.81045
0.975371
-2.06445
-2.35018
-1.42942
0.161257
-0.149182
-0.311793
-2.15688
-2.28109
-0.727023
-0.981861
1.18302
0.183898
-0.134255
-1.65652
0.411176
-0.671014
0.139772
-0.139112
-27.0738
0.0338154
-0.884403
2.23293
-0.89046
2.18143
0.580655
6.53958
-1.84101
1.50626
-2.57651
-2.39566
-1.53009
0.834328
0.086316
0.591801
3.36383
-0.373742
-4.48286
-0.666017
-0.671724
4.30709
-1.57684
-1.42294
2.24503
-0.599717
-0.439966
-0.100226
-0.617031
-4.35331
0.607821
0.512325
-0.349878
-1.84399
3.80965
-0.535638
2.85979
2.71245
0.0918528
-0.318753
-0.878476
-1.27782
-1.75658
0.602722
2.60907
0.443682
-1.5342
1.27687
-3.20537
9.53633
2.77846
-0.074964
0.437706
0.0893436
-0.674069
-0.63139
-0.0622159
0.100386
1.20138
-0.131184
349.406
9.67837
-4.55241
0.552432
-1.93789
-0.0540978
-0.207455
0.404353
-26.5657
0.303015
1.34526
0.0930631
-13.9127
0.534871
-1.33839
-2.31847
0.151355
-1.30801
1.57366
0.855375
2.58149
7.87115
-0.232262
0.757803
-0.574863
1.27103
1.31349
-9.59612
0.248631
0.700114
-3.14423
-2.15939
-0.819978
1.5233
0.00417323
-2.31849
0.702664
-2.0493
1.08031
8.74364
1.62015
-3.95829
1.06845
-4.37252
-1.11079
0.587693
0.456616
1.56691
0.227427
4.7803
-0.670419
3.5507
-0.643236
-9.95045
-0.688645
6.67986
-3.1893
1.58583
-0.142279
1.4043
-1.14626
-2.61974
-1.08462
-0.302208
1.75325
-0.674503
-1.1657
-1.61906
2.83297
0.469857
0.18836
-0.157278
0.311177
-7.54962
0.0421226
-0.213694
-1.56225
1.15322
2.88085
-1.14156
1.19114
1.89391
1.80607
0.212456
1.99374
0.531004
-1.18136
-6.17517
-1.46672
-4.58872
-2.10629
-1.08304
1.15341
-0.598048
0.343817
0.964294
-4.24104
-1.04716
-0.708022
-3.4158
-3.54601
18.1604
4.30235
0.663954
0.773893
0.053264
0.797206
-1.0536
0.111159
2.62188
2.24627
0.79831
0.295105
0.704854
-4.02178
-0.612639
-1.58081
0.752735
1.73609
-0.742719
-1.39772
-2.26442
-0.188662
4.07528
-0.368911
0.780905
-0.998085
-3.89462
-56.3085
1.75451
2.02243
-0.476718
4.09802
-0.357599
-0.393213
3.80125
-0.341804
0.561691
12.9648
0.783965
-5.06342
2.68762
0.80952
-0.057819
0.798447
-0.208844
0.833303
-4.53355
-0.144947
-0.0812471
-0.186876
0.787791
0.0948355
-5.83443
-0.402917
-1.52675
-6.39329
-2.00999
0.279654
0.167257
1.5247
3.59929
1.36651
0.175578
0.0652248
2.32395
-0.686458
1.07011
1.42362
0.443413
0.606094
1.11714
-2.70264
0.157369
1.07292
3.35347
0.588456
-0.198362
-1.17628
1.28377
0.0628382
0.77144
-0.715781
-0.637646
-26.388
1.70009
0.112491
-1.38556
1.0783
-0.146801
-0.526503
-2.84084
0.456434
-0.119768
0.540135
-0.629769
0.156532
-0.14718
-0.0725563
1.4312
0.929192
-1.12337
-0.888826
-3.43609
-0.830952
-0.195924
0.308941
-0.243181
0.0568491
-3.00867
-0.579481
-1.19513
-0.870299
-0.395395
0.156396
0.934337
-2.71659
-4.1427
0.353111
1.53481
3.86057
-0.819997
4.37256
-354.701
0.552012
-0.0593367
-10.9584
-0.452651
0.231944
-0.665992
-1.06437
-0.189463
-0.344661
-2.09162
-9.71347
-5.87683
0.488312
2.65178
35.1588
-0.442278
0.640261
0.825542
1.85512
-2.47999
1.95311
-5.20728
5.03747
1.97474
-1.28563
-1.00833
0.309732
-2.43052
-0.152606
1.23441
0.727252
1.52074
5.87218
-1.97923
0.425512
1.76204
-1.13699
0.320188
1.63513
2.95755
0.0951148
-0.259003
-0.91038
-1.14502
-0.691354
-0.160663
0.346283
-5.13842
-2.29496
-0.36712
-3.15706
14.1661
-1.29043
-0.155905
-4.48499
0.801433
2.55431
-0.723988
1.50814
0.102996
0.476723
-1.28566
-1.22894
-0.966589
3.48996
-0.860614
-0.011547
-0.154392
-0.450851
-1.34262
-0.62636
0.43264
-3.38737
-1.69182
-0.742248
-0.283187
-2.70907
2.09186
0.877077
7.38071
-0.340313
-1.03621
1.50802
0.123787
0.259788
0.138524
26.7025
0.191822
-1.34509
-2.47238
3.69061
4.6971
0.653243
6.13304
-0.719666
0.218838
0.321543
-0.579224
1.99733
1.74251
1.4726
-2.09891
-0.325931
-0.721165
-2.1327
17.8299
-0.114228
-2.36559
1.01733
-0.0993347
8.72385
0.465718
2.35535
0.570526
7.26371
3.61495
-0.175829
0.826301
0.496581
0.470629
0.320714
0.255128
-1.282
-0.258632
25.5177
-0.737746
-0.00319453
1.83967
0.625414
-0.604752
-1.61119
0.185294
0.465113
0.935229
0.0810466
0.214535
0.580848
1.4415
-2.19109
1.54969
-3.45886
0.263363
-1.92124
-3.32297
10.8301
0.179852
-0.496877
-0.667477
1.43927
-0.209001
-10.0265
-0.214916
-0.639391
-3.70613
1.6837
0.0693398
1.81008
-0.200138
-11.5701
0.10167
1.70662
5.2092
-1.34111
-0.738504
0.561748
4.98559
-2.24432
0.545655
-0.633542
0.781395
4.16518
0.46045
1119.93
0.0532997
-0.166813
-7.12029
-0.789441
-1.46925
-0.706235
4.10155
-0.45279
-1.43366
0.353775
-9.57667
-2.44258
0.160798
-0.597665
1.12577
-3.42825
0.0499467
-1.45766
3.68435
722.714
0.248987
0.990129
-2.42725
-1.17936
4.30948
-4.93239
-1.90569
4.41757
0.387766
-1.01617
-0.410993
4.39765
0.526158
0.859326
0.00982807
15.6664
0.772723
-0.0799034
2.49351
-0.674976
-0.154296
2.30316
-0.0477852
0.0778825
-0.140704
0.744527
3.20193
-5.27297
0.208266
-0.212934
0.27978
-5.7075
0.634895
-1.47865
2.01603
-3.75688
0.465928
-2.69227
3.33811
-3.42606
-0.146575
1.01251
-1.62578
0.704284
-2.85059
0.152429
1.07721
-8.65314
0.465256
-0.844267
-0.64507
-0.412566
1.65642
0.913181
-3.87324
0.930063
0.511002
-0.97638
0.365476
-0.540153
1.7723
3.58275
-0.187675
0.547261
-0.176557
0.100826
2.09528
-0.334359
0.797775
-27.9385
-60.9387
9.7403
-0.373961
8.16465
3.61299
0.0583524
0.260711
-0.394682
-0.0679786
1.57921
-0.650001
5.86817
5.46589
13.5407
1.6352
0.543952
20.2245
-0.427264
0.00964658
-0.554639
3.35683
0.112793
-1.15775
1.50446
0.744281
-9.57242
3.10719
-1.63711
4.00896
0.987584
-1.4658
-22.0955
1.37581
0.119368
-0.892725
2.42965
-12.342
-0.701128
-1.29936
-0.174679
3.1815
-2.0214
-10.7661
0.0289076
-0.922807
1.71414
-0.639878
0.793718
0.0782465
0.266821
-0.615782
2.70705
-0.953157
0.213898
-0.00574169
-7.60557
2.9638
0.752513
0.345647
0.117007
-4.25447
-17.0223
0.360802
-0.610848
0.464744
-3.73064
2.0792
0.24005
0.0380969
-1.06107
-1.17724
11.3406
-1.6387
-0.319651
3.29093
-1.49551
0.146814
-0.804897
-0.188674
0.467773
-0.525626
5.73191
0.559851
-0.977863
-2.1272
15.5597
-0.813895
0.561856
23.5303
-9.46731
0.901946
0.281467
-0.960079
1.67441
-16.5109
-0.477422
-7.97825
-0.163495
-7.21507
2.91587
-1.86873
13.655
1.29077
-2.88666
46.4928
0.0352557
1.04342
0.483903
1.20981
2.66048
0.646864
1.37215
-0.306379
0.782291
-0.0210244
-0.868943
1.13133
0.401713
0.988106
-1.27398
1.45364
7.00006
-0.0316366
12.3053
0.365184
-2.99616
2.72687
-0.725295
-0.47107
-1.30926
42.0071
-0.96405
0.109161
-0.0970022
0.596056
2.18754
1.19767
0.156832
-0.904356
0.391576
97.3675
-4.06818
-1.47008
-0.176529
-0.0713183
0.394462
6.28053
0.587792
1.19599
2.51037
-5.861
0.580551
-1.04663
-0.00543422
0.197301
59.5868
0.0372979
0.722052
-3.4794
-29.6232
-0.0291964
-1.48901
-0.342009
-0.729997
-1.21207
0.0245282
0.339057
-0.929817
1.27711
0.0680085
0.40806
0.809981
2.08723
-0.203512
-0.67997
18.0605
3.71803
3.08778
-0.580769
11.1361
1.30096
-10.9642
-0.651342
1.67853
-0.428618
1.0688
2.65707
0.67762
-1.03982
2.76965
0.311206
-0.623703
-0.619262
0.577466
14.2252
3.20832
1.39336
-0.225801
-12.6931
-2.2148
0.7883
-1.26561
-2.46604
-0.780175
-0.0434425
0.00187923
3.53017
156.397
2.99483
-0.601386
-1.58688
0.0657663
1.94206
-1.26978
-0.317824
14.929
-1.56677
3.78299
4.85733
0.409293
0.891318
1.86801
0.680762
-0.519001
-1.31051
-0.882083
-0.537608
-0.0292668
-0.222233
1.41944
1.70035
-0.0378056
-4.34371
0.266282
0.57715
1.15431
-3.74642
-1.08415
-2.73352
431.924
0.507109
2.81236
-2.99293
-0.223148
1.04604
-0.640115
0.122949
1.97523
7.15643
-1.8558
-0.405527
0.150714
1.23682
4.07696
-4.51237
0.261489
-2.90073
0.426279
-1.63144
-12.4159
0.891592
3.05998
0.942479
-1.99567
0.527678
2.32252
3.57095
-0.247306
-0.246355
1.28067
-13.0828
0.829805
-0.354057
22.7724
-0.863861
-0.139287
0.196667
-0.0360134
1.1675
-0.265178
9.07327
6.22281
2.05115
0.684103
0.745329
-0.0211177
-0.0989473
0.829015
-0.485656
-1.18873
0.228615
-0.347821
40.4449
2.83961
2.4626
-12.4232
-0.359947
0.188511
-8.81561
-11.5202
0.228613
-0.120633
0.215736
0.0889383
0.679056
0.800709
-3.10518
-4.10673
1.85742
-0.849544
2.61118
-1.29096
2.36427
-0.438081
0.683813
-0.654234
1.23527
2.16037
2.54118
5.5969
0.0858071
0.181705
-0.517218
2.57703
-7.04831
-1.05717
0.569009
-3.14577
-1.22378
-1.5541
-5.40057
2.5889
6.15857
2.93161
2.0396
-2.21853
0.625328
-2.34316
0.0458763
0.915641
-0.545405
0.384158
-2.21782
-1.18912
-0.130671
-2.39819
5.21261
-1.1304
0.352645
-2.44019
1.11716
0.82984
0.841459
-0.374021
-2.3882
0.706136
-1.14667
4.84394
1.7556
12.613
23.4659
-0.403564
-1.79044
-0.186252
-7.43694
0.953192
-0.541096
-0.893196
-0.513713
-0.773125
-1.24084
0.908818
-0.513076
-0.711346
0.150678
-0.0807101
49.7853
0.39111
0.842521
0.023875
7.23204
-1.08555
-1.97228
1.95516
0.4357
2.37251
-3.14587
7.1551
1.16467
-0.773769
0.492878
-0.335256
0.534143
1.99446
0.343948
3.96233
-0.735512
0.338501
-0.616236
-0.845926
13.9864
1.07399
2.81806
0.5077
-312.938
-4.65066
1.10533
-117.928
-122.852
-0.869618
-1.63271
0.918486
1.15436
-0.509257
-1.03782
1.40782
-0.788827
1.2741
-1.46154
-11.5447
0.734536
-0.965517
0.0424598
0.652388
-3.30948
-0.659945
-1.39975
0.898028
0.031914
-0.0269645
2.2025
-0.878851
-0.862115
-1.20852
1.9916
-0.126444
-1.90103
-0.630888
-1.37184
1.4927
-2.9517
0.174287
1.93909
-0.269223
1.1173
-0.523572
4.11741
-0.252004
-0.366975
-0.428256
-5.24696
0.110285
0.123965
-1.56023
0.312153
3.35247
0.550419
-2.23182
0.0692656
-0.145523
0.100526
0.954238
-0.00169738
-15.6352
-0.552808
0.282231
-0.575806
2.39388
0.130484
-1.33719
-0.723914
-0.337489
1.19557
2.43492
-0.128355
11.3105
0.944924
-1.97735
-0.665559
-2.66887
0.224438
-1.32197
0.0256042
0.45156
0.00764493
-0.0375752
1.87789
-29.9823
-0.484157
1.76993
0.20295
0.148668
-9.88544
-1.57842
1.15638
1.35318
5.19343
-0.148544
-1.25548
-14.5008
-1.86176
-0.469555
-0.273425
1.03419
-3.04456
0.484467
0.0657537
-0.255736
0.299887
-0.131972
2.01783
0.37764
-87.8276
-10.475
-0.180607
-0.693481
4.73904
-1.14326
-0.624979
-0.0645868
3.21751
0.064836
-1.16319
-0.193706
0.452324
0.0696789
0.168502
0.0225018
1.14168
-0.274329
1.86729
0.123973
0.315946
-0.220359
0.312979
-1.95509
0.751582
1.2825
-3.34774
-0.923083
3.00086
4.76263
0.835671
0.988407
-1.68287
17.757
0.553162
-3.38019
0.00477275
-2.29679
-1.23833
5.26217
0.750349
3.22841
-0.167996
-2.01996
10.4296
-2.46776
-0.386893
1.2876
1.40682
-1.46642
-0.412695
0.716852
-34.4521
1.00009
-0.280184
1.33818
0.523189
-33.2628
-0.0711654
-2.284
-12.0866
-0.5154
-1.1727
-1.66661
3.84366
0.582842
0.16331
0.147026
-0.314632
-0.040149
-4.71949
-0.642535
0.28947
-0.318351
-0.123335
0.516947
0.0221096
-1.75312
-0.417767
1.10951
-0.451837
2.4089
-1.75127
0.330181
0.29479
-0.237873
4.40774
1.83059
0.142104
-2.02347
5.94445
-10.1336
2.13087
-1.44058
0.16686
1.45323
-0.633416
-0.746696
-1.51516
-2.13313
1.40837
2.04828
6.445
0.916867
1.83787
-1.2937
0.852008
-0.00290761
1.48927
1.02095
1.72279
0.199954
-1.05114
-1.00099
0.611045
-0.329989
-0.668881
0.535584
0.235155
-0.640608
0.785248
-0.184909
1.7267
0.116124
0.128292
-1.77482
-3.71877
-0.0331098
1.47588
23.4098
-0.560655
1.05141
1.10814
-1.34384
1.62161
-0.462934
-0.212138
-1.94529
-0.494922
-1.02351
0.509811
-8.83828
-0.0889402
0.388745
-0.38704
12.8774
7.62046
0.890822
-4.55606
-3.0833
-4.14652
0.853869
0.0523109
-1.33142
1.07039
-0.755406
-1.05114
-2.14551
2.14823
-0.307117
-28.2742
-0.637637
-0.983449
0.657966
0.155393
0.587821
51.8357
-1.15351
-1.60333
0.328758
0.092506
-0.517166
13.9642
-1.80607
1.10506
-0.492606
-3.15958
3.77474
-2.11761
-0.868072
-0.348874
0.384803
-0.347486
-0.0954648
0.57865
0.205669
5.63081
1.51218
0.443354
-2.70709
-0.179404
2.11739
-0.251162
0.556366
0.774146
-0.57246
-1.40959
-0.00423615
0.388488
-0.147755
-3.83067
1.29256
-0.532171
-5.22113
2.08904
-0.593863
0.729908
1.76387
1.9268
-2.63784
8.5836
-0.345076
2.06331
2.35964
-0.48812
-1.57036
1.91059
8.33413
-0.801088
-1.53221
-7.25697
-0.540631
4.02788
-3.73869
-2.08908
-3.99275
7.12741
5.0583
-4.23473
1.30719
-4.31838
12.584
-0.549311
-0.91725
-61.2359
-0.485695
3.64623
1.12482
0.632821
-0.143546
-0.389606
0.105429
6.34406
-1.00542
-6.9077
0.034386
0.679049
-13.4745
-0.847939
-0.744327
0.897007
0.351023
14.7141
-0.178464
0.0256571
0.92008
0.106044
0.366406
0.407908
-5.98673
-2.87316
1.4387
1.51724
1.07915
2.86345
-0.547838
0.450702
-0.194941
8.11597
1.5106
-2.50754
1.08664
-7.2317
-0.703957
0.652016
-3.57958
0.964576
0.624049
-1.09824
-0.942667
0.228047
1.62727
3.2774
-0.442077
-0.621834
2.98323
0.194046
0.217987
4.90405
-0.271112
45.5474
-1.28044
0.268393
-0.556136
-1.633
0.298633
-3.75828
-0.582018
-0.298325
-0.166318
1.09088
-0.102536
-1.90624
-0.765253
1.0989
-0.656005
0.302229
2.44451
-2.30234
-0.273603
0.771078
4.47265
-3.25324
2.24038
-2.64054
-0.836038
-0.833649
-0.576133
0.12064
1.15156
-0.539541
-14.144
-2.09613
-77.7207
-1.34045
0.562795
-0.974582
1.66978
-0.0406248
-0.724915
-1.33295
-0.782122
-0.630691
0.0384493
0.600995
0.448224
-0.253409
1.0017
-1.97005
-4.09224
-7.55357
-1.25797
-0.0437397
1.069
-2.0431
-13.138
-3.86008
6.40344
2.05235
-0.592143
1.74419
-1.1754
-0.194882
-0.81862
4.92122
0.220681
2.86411
-11.4876
-3.67701
0.433231
0.194831
-6.29431
-13.4014
38.8987
-2.15159
2.68089
1.69454
-1.17374
-3.48001
-3.73926
-7.63731
-8.02106
-0.424111
1.72043
1.51007
3.15171
1.05044
-1.57195
0.109303
-1.21238
-2.8817
-0.709309
5.35206
-0.114462
-0.056541
16.9612
1.30446
-2.27551
6.90702
1.19005
-0.260512
0.821203
-9.6529
-0.829792
-0.11067
-2.91593
0.0161397
-0.734158
-8.71729
1.85215
5.23525
2.55597
1.51986
-0.682974
0.574093
-2.03027
-0.480954
0.592384
16.9983
-485.22
-0.984772
30.3844
2.01786
2.50267
-12.0233
-0.240672
3.85591
-3.30261
2.87337
17.7722
0.251148
-0.230699
0.494866
-1.9421
-1.74221
-9.56382
2.24377
-0.526343
4.42122
1.85952
0.483446
0.936038
-1.11648
1.46055
-0.355643
0.615182
1.00682
-17.6672
-3.42593
-0.786033
-0.344512
0.215292
-1.45277
1.01431
2.12341
0.716199
11.2436
-0.333241
0.517064
-0.418678
-0.0921069
-1.39221
-0.0743916
0.793414
-0.110775
2.49443
0.295662
0.655374
-14.3373
-1.58778
-0.371396
-1.16839
-1.42477
-16.5201
-0.943542
-0.696019
1.39009
23.5607
0.406819
-31.1411
-8.37574
-1.03126
0.176954
-0.16887
-0.402414
-8.0169
2.67768
-0.704847
-0.341417
-2.58696
-0.148854
0.149293
0.570706
-0.618824
0.741562
-4.89075
0.32355
-2.64415
-1.62779
-1.03283
-0.10954
0.535362
0.282095
0.0158735
-1.68878
0.305197
-2.68605
-12.8426
0.366989
-1.15694
0.120445
-4.23729
1.59222
1.0892
0.182384
-0.133792
3.59024
-0.429271
16.9359
-0.587277
-0.0446241
-0.794226
-169.449
14.4084
15.0784
-1.7245
-0.291481
0.29371
2.76735
0.319151
0.380561
16.7302
-5.24071
-0.111869
-0.11925
-1.36005
-0.999645
0.992508
0.309271
0.364135
-0.192712
13.9494
0.445458
0.108185
2.88802
0.615144
0.908694
0.668935
1.8277
0.00936868
0.748908
2.86091
-2.62664
-0.0429123
-0.0819089
4.27883
2.85568
0.333099
4.44348
1.02815
0.448696
3.84974
0.753223
-0.587704
0.107673
2.13062
4.15949
3.70747
0.130882
-2.27783
1.10623
0.291004
0.871303
1.54354
-0.392873
-2.46484
1.10459
-2.98751
0.499922
-0.427506
1.32008
-2.73973
-34.2895
0.467156
-0.80541
-1.00662
0.808644
1.53012
-0.659928
-1.02281
-0.750006
-0.0722033
0.057755
-0.822407
14.4539
3.0683
0.295912
-0.191837
-0.628368
0.0276666
-0.649313
-0.811304
0.0130516
-0.333054
-15.9091
1.75497
-0.882762
-0.00423881
1.42883
0.349326
3.55909
-1.41096
-0.400899
0.343875
-5.92895
-0.429074
-0.791458
-0.414886
1.41046
-1.87207
8.03317
-1.19872
-0.553577
0.170456
0.88355
0.249338
-8.6949
3.7428
0.424707
-9.77137
35.7286
0.360522
1.59917
1.27985
6.75324
-6.7015
1.9024
-0.983795
0.345003
0.311867
-0.548478
-3.8589
-0.313566
0.290598
0.450039
-0.431175
-12.4327
0.0112198
0.173196
2.09041
0.637591
0.275415
0.101841
0.263229
-1.71476
1.64214
0.967208
-2.1716
0.304745
3.26715
16.9907
-0.661008
1.28312
0.315559
0.971511
-0.287824
-0.552696
0.746549
-0.569915
0.454634
0.473266
0.552695
0.201484
-0.397908
-24.3568
0.220684
0.157556
-0.270475
-1.27755
-0.560837
-2.15764
0.400867
-0.198915
-0.182592
0.387568
-0.0872291
-0.590147
1.8068
-0.27912
-1.2078
0.0941042
0.615316
-0.68775
-0.913498
-0.440602
-1.99008
-230.072
-0.32011
-2.66019
0.166139
-2.38171
-1.22527
-0.77932
0.361605
1.13661
0.111882
2.96809
0.905586
-0.39308
3.44831
0.425511
-3.31815
0.502324
2.25015
21.0531
0.376352
-4.57574
-9.57442
-5.98413
0.0533496
4.61768
0.713467
0.816096
0.113931
19.5487
-1.37749
2.62978
-1.20667
2.1353
0.647266
-2.6347
-1.24819
1.55892
1.44656
1.54128
-20.5697
-1.50576
-0.662412
3.69127
0.61336
0.497677
-2.7624
-3.41503
-0.195437
5.8943
0.115238
0.98898
-2.39269
-1.07982
-0.624484
-0.940158
0.318524
4.61543
0.447575
-0.454413
5.05416
-1.73111
-0.742966
0.753746
-0.895832
0.276556
0.378725
-0.804841
-0.966077
1.41428
-0.287741
0.592298
1.59674
2.19016
-0.499507
-2.01014
-1.56513
-0.391647
-4.1982
2.34941
-15.3303
3.46803
-1.46815
0.319885
0.169562
-0.925257
0.85935
-0.192367
-1.80532
0.809109
0.109056
0.627535
0.759723
-0.405071
-1.22479
-0.0402843
-0.0720379
-0.549581
-1.21173
-0.897896
0.843604
0.325474
-0.200097
-0.639904
0.12913
0.423883
0.198915
0.946562
-3.55924
-4.62395
-0.0476864
-1.54621
0.453855
-0.186393
0.159224
0.664681
-1.67543
0.421211
-0.0103049
0.223314
-0.0237314
13.3187
0.536928
-0.731362
6.2254
6.13348
-1.17888
0.340125
1.65698
1.7949
-5.50644
-2.37602
-0.721809
68.7302
-1.03058
1.66619
2.0207
0.553136
93.0184
-0.300127
1.25079
0.0013664
-8.1295
-0.142944
-0.22558
8.64063
-0.15339
-0.0624872
-0.287256
-1.30062
-0.0114237
0.52305
-1.16082
-1.32162
0.676248
-0.50114
-0.738739
10.8322
0.418217
0.44455
-1.4861
-4.70809
0.741326
-4.52316
1.01163
-1.38914
0.713717
0.234282
0.212929
-49.8925
-1.03867
0.385576
-4.18876
-43.6035
2.94415
-0.342762
0.263657
-0.856061
4.34982
-0.0494242
-0.54713
-2.20662
-1.47682
0.750466
0.0595419
-3.39812
-0.0189531
4.85315
-1.13902
0.00175116
-1.4335
0.992242
1.27254
1.04602
-1.33243
0.394763
-0.260828
-0.259156
-1.35326
-0.3023
1.43705
-0.156665
0.343626
0.814999
1.05244
-1.79779
-1.15784
-0.656434
10.9014
0.75053
0.930921
0.343691
2.1767
0.484126
-1.66328
-0.645432
0.77069
0.179907
4.02393
-1.28168
-0.966082
0.893922
-0.285988
-40.2404
0.439099
0.235505
1.91864
0.0757091
3.17966
-14.4147
-0.481551
-1.4864
-1.80205
1.00501
-0.64845
-2.33738
-3.7974
1.35841
2.60233
3.89212
-0.938579
-294.924
2.15074
0.465004
1.81592
-0.59515
0.705989
1.70778
-0.128823
0.569344
2.582
-6.86338
0.331723
-0.00759395
-1.11211
-0.0849357
0.462622
-2.097
-2.15147
0.277237
1.42377
-1.98485
0.044956
-2.23239
-0.339927
0.615591
0.1671
-1.00885
1.16382
-0.408783
-0.165878
-0.887723
-1.98281
0.200431
1.21337
-2.06436
0.153742
-99.8276
-0.765519
-0.148427
-1.67902
-0.561586
-0.865478
-44.841
-2.21363
1.84193
15.9466
-0.694007
2.54349
-0.0587888
0.313635
-0.027441
1.07269
4.24651
-1.01307
-0.0765672
3.16333
-2.0754
-0.155152
2.07604
0.669131
-0.615975
1.28783
0.153776
0.191015
-5.46133
0.578977
0.0749814
-1.00019
-0.216919
0.504814
-0.274454
-0.323446
-0.553864
1.43621
-0.305201
-2.1647
-6.42822
0.187831
-0.613451
-5.39979
-0.907927
-1.71165
-1.18937
2.11984
1.00619
1.99813
1.32952
-6.54587
-0.589467
-0.284081
-0.805714
4.72839
-0.843551
-0.811107
-3.04311
-0.922852
-4.49319
-1.29013
1.93052
-1.08878
-4.71441
-0.264814
-1.25232
3.0566
0.128004
-3.75302
-0.995023
0.826905
-0.243696
-0.64765
2.74935
0.265009
-0.935706
-2.09554
1.52055
-0.269427
-84.205
-0.162385
0.376531
4.53007
0.0179047
-2.97287
0.305254
-11.0324
-0.475825
-26.4562
0.730897
7.56733
-1.14633
-0.496461
1.47895
0.858495
-2.91286
-0.942782
-0.485067
-1.05479
0.427996
-0.850942
0.579074
1.7778
3.47168
4.12189
-0.737085
-0.797353
0.451325
2.22585
1.06373
1.03108
-1.15541
0.196793
0.165408
0.194043
182.19
-1.05272
0.112876
4.71737
2.07304
0.336681
-2.32659
6.57125
-0.301065
1.33305
-0.0873661
-0.466311
-0.400542
0.0695239
0.441186
1.35045
1.21039
-1.48778
-3.63521
1.49531
0.315396
1.09811
3.65849
-1.88694
2.55759
-1.13171
-7.51436
0.34337
0.0407188
0.914434
1.37634
-0.539268
-2.03649
-4.51469
0.706651
0.846593
0.250582
3.04759
1.17679
-0.281675
-5.90478
-1.07863
-1.76076
-0.753809
-1.84935
-0.924687
0.118594
1.65567
2.498
-5.18086
-10.5287
-0.473849
-11.363
0.00812836
2.52906
-1.24373
-1.51594
-1.39615
-4.35398
-3.8249
3.08154
0.174649
0.140863
-0.461299
-0.733683
-0.132711
2.13211
-0.104769
-4.93736
1.11756
2.96344
1.46366
1.45264
1.59776
-1.1926
-1.30826
-0.265191
-3.64336
1.6665
3.98045
1.02271
0.303522
0.619755
0.619281
-0.136889
-0.213047
-3.09467
-0.216009
0.148153
2.22939
4.83675
-1.33506
0.982663
3.3278
4.96738
1.09209
0.229569
-1.45217
0.0827895
8.33365
10.149
4.53164
1.87917
-0.300786
0.220529
-3.58414
-0.625447
0.147421
13.9966
-0.927809
-1.26811
0.0621808
-2.26277
95.2034
-1.36347
-0.176796
-0.334567
0.695433
1.53738
-0.12448
-0.633519
0.4746
0.470499
-0.0378064
2.31449
0.564532
7.22688
0.85985
1.06294
-0.745228
0.329108
0.404919
-7.26852
3.02968
0.642529
-2.0071
-1.30185
-0.400428
-1.38948
0.865255
-2.22764
1.85953
-0.561624
-0.130959
0.00793543
1.01175
27.2368
1.33488
0.595352
1.11539
-2.69592
-0.664405
-0.911972
-2.59596
-0.526367
0.949351
1.29302
0.520509
0.494634
1.63567
0.173581
-0.965504
-2.37953
-0.68392
-0.16604
-0.483105
5.1123
0.773009
4.99808
1.49443
4.19941
11.2136
-4.9919
6.1966
-1.82301
-0.415511
23.4334
0.307791
-3.51838
-0.750132
-1.41262
1.54939
-1.59725
-0.131818
-133.425
-0.0838817
-2.24833
-3.5472
0.261235
0.993896
-1.06605
0.459611
1.72824
51.2038
-11.781
1.3606
-8.70816
-1.00834
7.84949
4.04222
0.912647
-5.8173
-1.2954
0.276492
0.370432
-1.07766
-2.34638
0.901664
-1.8082
-10.8091
-0.534799
0.255226
1.12807
0.407625
-1.02429
0.843732
5.63578
-0.367229
-0.980602
3.84779
-1.84084
-1.67813
11.0296
-0.244036
-0.456949
1.19353
3.54951
1.05649
-0.124478
-1.50531
-0.633994
12.0623
4.35164
-0.192278
3.79911
-2.49309
11.2643
-0.173515
2.25878
-2.26015
0.0677061
1.09487
-0.365192
-0.526384
-0.602664
-12.8375
-0.632029
1.40889
0.778365
0.940755
-1.86176
-0.573517
-0.624284
-2.16715
0.570724
-0.538802
1.63606
3.80756
0.0326067
-33.2104
0.466003
0.678867
-0.881601
-0.949448
-0.308932
-1.01035
-0.271694
0.391215
-0.783513
0.561821
-1.56147
17.2113
-2.00393
-2.11538
-1.00969
-1.70921
-0.42124
2.46162
-0.386993
-1.13115
-0.251002
-7.54388
-0.24557
8.31005
-0.441135
-0.953701
1.0755
0.588881
18.4338
-1.61686
1.86527
5.03135
0.048425
-0.0714612
0.00349472
44.1964
-0.0971196
-0.139644
1.61968
1.90062
-0.843095
-0.495688
-0.67221
-0.542987
0.0440729
0.675152
-3.00075
-9.21921
1.63211
3.08075
0.387021
-0.143488
0.781006
-0.158795
10.8079
0.288544
0.696398
-1.62013
0.231091
106.364
3.98965
-0.723629
51.131
0.0940343
0.914474
0.917883
1.20831
-0.968159
0.590586
4.38199
2.48493
-1.49443
0.462477
-1.3689
1.83043
-0.53736
-1.35407
0.657457
14.8668
0.618145
0.0710107
-1.717
-0.176995
4.78632
-0.633207
-0.284783
1.06342
2.75864
-0.530314
-0.0853324
-0.545599
-0.773797
-1.35952
1.57861
0.798457
10.967
0.351763
-0.101201
0.228965
-0.133919
-3.7815
1.58755
0.779982
-0.634243
6.66088
-1.37651
28.5064
-0.483592
-0.764486
-1.1252
-0.809518
-0.547871
-0.687225
1.21312
-0.368237
-0.101488
-0.0397963
-0.199255
-0.896563
0.175231
0.295957
0.754092
1.02878
1.80311
0.0997078
-8.23449
-0.833058
6.2584
-0.258595
0.168381
-4.25428
0.0507172
0.218309
-0.160262
0.652313
-1.04122
-2.91883
-2.06648
-2.47566
3.60441
0.293244
-22.0019
0.869182
-1.3799
1.74181
3.96923
-0.343887
-2.90329
-23.9554
0.467267
2.02415
24.1266
0.509918
-1.38107
2.12593
0.770488
1.62945
0.216094
-0.907633
0.812024
0.299816
0.144694
2.9941
0.131807
2.1216
-4.01413
-0.300181
-159.56
-2.51105
-0.741059
1.20282
-0.268204
0.893629
-23.6412
-1.59569
-0.838945
-0.967129
-0.224254
-2.76336
-0.190876
-4.45005
0.782445
1.0919
-2.67845
0.570636
1.93824
2.34559
0.06633
-2.73024
0.469436
-0.226221
1.85134
-0.297841
0.786938
-0.258036
-3.51227
-1.48638
1.71145
-2.09633
0.940992
-0.375876
2.54674
0.838485
1.31129
2.34728
1.21
-7.27908
-0.643992
0.19159
-0.277499
-0.38858
1.63331
-3.03215
-49.1698
-0.815114
1.25912
-0.584464
-2.63302
-6.52771
0.719091
-1.67692
-0.41153
-1.10733
-10.8755
2.36394
-0.225457
-3.5603
0.313187
-2.77818
-3.90632
8.50944
2.43272
2.6822
-0.919507
-0.589507
-0.535032
-0.873656
1.41293
-0.743484
0.679498
0.930804
-1.4614
0.810222
-0.775787
-1.15018
-5.6479
2.3635
0.753185
-0.38251
-0.26657
0.0763397
0.0962547
-11.0892
0.141183
-1.47155
1.62358
-14.0825
0.0508227
-0.969582
-2.95283
-0.865682
0.319229
0.11408
-2.12544
-0.198666
0.197897
-35.8365
0.541769
4.4946
-0.525777
0.951138
-3.76833
-1.06561
-0.00346052
-8.0821
0.769374
0.582377
-0.121791
-2.64058
-28.7124
0.289457
-2.00365
-0.395821
9.56262
-8.8449
1.12344
-0.555751
-0.470735
-0.234404
0.678308
2.78143
-0.292035
0.0218447
-116.611
-0.541489
-0.643525
-0.0427932
-2.87
-2.36883
1.63002
-0.248745
-0.275685
-1.02657
-0.82634
0.805459
0.970471
-3.67138
-6.07427
0.423441
2.27349
-0.719737
-0.775442
-48.6116
0.241578
-0.926733
-1.23346
1.79386
2.36819
0.142452
0.127435
1.06111
0.974466
1.75361
-1.41151
0.62083
-0.145868
2.98768
0.333364
0.731847
0.828766
1.089
0.145596
-292.407
0.570474
0.803169
-11.8785
-2.43749
-1.51057
-0.761044
1.00864
-0.247704
-0.369306
-0.535365
-0.132343
-0.205319
0.0114009
-0.840192
-0.916923
-0.477303
0.0473627
-0.21582
-1.13127
11.0903
1.15349
0.327134
4.40046
-0.415828
0.478622
-0.548045
-0.352699
0.43659
1.3093
0.200842
-0.372109
1.00449
-1.62053
-1.60398
-0.404184
-1.08238
1.91581
17.4691
0.272821
-2.67869
0.985034
-0.521704
-1.45002
-0.513872
0.431679
-0.701344
-0.676307
0.527655
1.21484
-0.541406
-2.78907
0.850986
0.280383
-0.360027
-3.44876
0.905641
-82.8858
0.510297
5.41419
-3.17594
-0.824755
-0.589887
-4.03477
1.23394
-0.134109
0.0103368
-4.12548
-2.2365
-0.097526
3.99503
0.510343
0.266993
-0.499094
-2.46574
0.932101
-7.16907
15.0229
-0.289603
0.0391909
-28.0953
-0.528338
0.935762
1.12367
-0.630643
3.79449
0.425557
-2.01475
-5.79956
7.8745
-1.98455
-2.32624
2.25626
-1.52497
0.66048
0.110739
-1.17384
1.10023
6.70031
-0.441443
1.83077
1.009
2.00888
1.08137
6.81082
-0.791145
-0.3633
0.164925
-3.82849
1.08982
0.757949
-7.51122
0.395418
-15.7461
-0.102374
2.17502
0.0775319
-0.524954
2.59954
-1.08059
-0.317564
-2.06061
-0.816912
0.230725
2.20921
0.380523
0.0769631
-1.92078
0.468273
0.938206
-0.0378894
-6.71941
-0.103114
0.742478
-0.281317
2.44905
-0.581162
-0.405761
1.49794
0.138572
-0.425829
-0.520769
0.835754
3.30284
0.773434
6.11252
0.0623176
-2.56685
0.660268
0.783196
-1.95058
-8.1309
-0.323175
0.21596
15.5004
1.79452
-0.840036
1.42662
3.41674
2.77807
-0.105548
1.37925
-2.22984
0.735437
-71.1903
0.106128
0.125686
0.382749
0.710575
2.39482
2.43915
0.984838
-2.63404
-4.52806
1.12712
2.21195
0.099321
-6.7963
1.11113
-0.157761
-171.271
1.3366
-4.56886
-0.313817
0.0668141
0.474272
-1.57044
0.287989
-3.31644
0.0844416
0.131953
0.168145
-0.839348
-0.735581
-0.502771
-1.70561
-0.414447
0.0682432
-1.61873
-0.9406
0.413752
-0.805647
6.61772
0.0730272
8.37805
-11.3909
0.380094
-0.604551
0.0756119
-0.0656112
2.69313
2.15477
-1.53329
-0.571536
-0.0431258
0.715134
-8.09035
0.380002
0.769226
21.1599
-0.647965
1.11305
-1.23651
-0.219739
-0.756769
-0.232589
0.536212
-0.253768
3.46438
2.36477
0.170109
-8.96385
-1.49638
-39.9777
-6.03331
-10.4628
-0.0518836
-4.11368
-0.786922
-2.33968
0.141612
1.20411
-0.787925
0.919951
-0.565822
-202.135
-0.920833
-0.150401
0.200045
-1.85962
0.131222
-0.66644
1.15972
0.441271
-0.636319
-0.311188
0.00749723
-1.11134
-1.35668
-0.599864
-0.529797
2.51527
2.21585
0.0264622
0.266179
-4.05873
0.614842
0.902327
-0.858621
-1.13124
-0.874253
-0.311993
-0.615446
0.380622
-0.373781
-0.179257
-1.12752
0.213967
-0.387577
0.0745552
-3.42814
0.344841
0.0111654
1.08362
2.28403
-7.46378
1.14907
-0.282311
0.0970897
-0.284258
1.91644
-3.79369
-0.0226668
1.34118
-0.177189
-1.21443
1.21333
0.312445
1.38045
-23.061
-1.26088
0.903856
-2.65434
0.0230663
0.318839
-0.252936
0.155358
-2.33351
0.0800882
-0.567113
-220.446
-0.849413
-0.962045
7.03268
0.533818
4.35666
1.44747
-1.16685
0.262794
-0.542426
-0.0844512
26.2451
-1.44363
-1.20786
-6.17636
-5.2302
-0.482534
0.0415578
-34.325
0.752185
1.96434
2.23584
1.39221
-1.45976
1.45325
0.907806
16.8296
1.36664
0.231738
0.0221188
0.0585535
-3.72901
0.981577
-1.25697
0.322072
0.819655
0.459558
0.353115
-0.803923
-15.835
-0.299569
-0.25074
0.526318
5.38599
0.248557
-0.532017
1.94391
1.77506
0.818924
-0.213527
2.60007
1.5938
0.140721
-1.07958
1.41949
-0.635054
-0.546032
0.570035
-6.04568
-1.11096
-0.863076
-0.249537
-2.89904
-2.43585
-1.59817
-0.386083
-1.56038
-0.349022
2.48311
0.0915987
-0.61381
1.34649
1.81551
0.338639
-0.595324
-0.188751
0.30603
0.107782
0.398555
0.79409
-2.12636
-18.8277
1.69445
2.98159
-17.5042
-0.60843
4.90823
-1.21246
0.882563
0.538505
0.214704
-0.130495
0.529721
-0.738822
-0.382125
-0.0112411
-2.55655
0.459368
2.22228
0.166304
-1.1346
-1.80329
3.55293
-0.870109
-0.935339
0.387073
-0.364226
0.641241
8.19132
-0.0657325
0.301043
2.39041
-0.686261
-1.36001
-0.415486
-8.65363
-0.594908
0.548329
-0.150529
-1.84987
-5.6991
23.2672
1.63342
0.0365724
0.135171
5.18651
1.72477
-1.44572
-0.359049
-0.0241211
1.97398
9.45712
29.2212
0.114047
-16.1764
1.12747
1.225
-0.573957
0.899945
0.178224
-0.250706
0.237485
0.669063
2.02181
0.23364
1.69684
-9.61865
0.268332
-0.940744
-0.265197
1.72646
-2.16265
0.36986
-0.432413
0.875765
-0.212191
-1.75347
5.34305
-7.9978
12.7903
-0.125584
0.869584
-0.57237
-1.62992
-3.04699
-4.82924
-0.0383389
2.97946
-0.783803
-1.32076
7.2295
-1.45704
0.242437
0.125889
1.72875
0.194659
-1.37248
1.63393
-1.02523
6.67605
582.631
-0.0597835
1.77208
-0.243944
-6.01255
0.21085
-1.06645
9.14048
-1.33583
0.0888247
0.819283
-3.99639
0.82486
2.58487
0.40533
1.78391
-0.780803
1.63209
-109.774
-2.22597
1.94507
-4.32408
0.116973
-0.698038
1.16228
1.49456
3.15548
-0.583704
9.33781
-0.397167
13.4051
2.12745
-4.86595
2.2752
0.0865614
-0.0459819
-8.23932
0.0710975
1.5587
-1.40153
-0.690681
0.766357
7.8459
1.13462
1.73911
-0.272129
0.686946
6.0157
1.40684
-1.11767
17.9506
-1.67702
-1.52529
1.37234
-8.90991
-5.61635
-0.879641
-0.903204
-2.73122
0.421023
-1.44585
-0.835865
2.37084
-2.64045
2.00203
2.9081
4.1333
3.07135
0.454904
-3.17192
3.97428
-1.66731
-5.03744
-0.0470119
-6.13117
0.449272
-0.0423988
0.555439
5.15198
3.02818
0.834525
-1.50435
0.748106
0.270472
-1.96895
-1.08977
-1.03396
0.733267
-0.285578
5.53796
-0.436324
0.364873
1.32269
-1.47415
-0.923204
0.290311
0.0807753
-2.89842
1.35878
0.985356
0.292704
-2.10997
-0.220106
-16.985
0.86363
350.796
73.1695
-1.22569
1.57526
-1.35356
0.0749461
-0.83687
-2.36501
-0.040721
-0.208369
0.810923
0.688883
0.598225
1.43979
-0.144578
-0.0703927
-2.77756
-1.10269
0.644528
0.776733
0.7496
-1.59469
10.9387
-2.67917
0.124421
0.975728
-2.94605
0.644803
-1.11061
-0.0474258
0.211042
-0.0923221
0.598609
-0.0854726
-0.507606
1.25182
0.240173
0.759859
5.11812
3.45147
2.22386
7.99119
-0.368355
-0.0338551
-0.513941
-3.82667
2.03217
1.40536
0.515242
0.729316
-0.395791
0.205961
1.72929
65.9256
-0.294974
1.88413
-4.42481
3.44242
-0.298949
0.420834
-0.930514
-0.388836
1.03586
-67.2704
-12.0117
-0.365271
0.239732
-0.822334
0.0370922
0.236946
0.299162
-2.43473
0.511704
-0.503166
1.49092
-1.50275
0.0328624
1.29315
-9.30461
-0.538735
-0.289778
-2.12858
1.0664
0.167045
-130.151
-1.8492
-0.475945
0.159743
0.684212
-1.58917
-0.0332051
0.237253
-0.269346
-0.339799
0.317366
0.286531
-1.0556
-72.2583
-1.60009
54.6873
-7.51913
49.6243
-0.489041
-2.55192
0.882914
1.19735
0.155328
0.367318
0.174067
-29.3455
0.39861
0.31293
-0.475787
-0.9892
0.309016
3.24719
-0.178057
-16.0112
1.75443
-1.06267
-2.74349
0.823049
0.0289903
0.295584
0.965533
-2.54376
-8.23991
1.84534
54.8487
-0.972975
-0.656898
0.700918
3.33577
0.390587
-0.0434116
-13.3514
1.27017
-0.181445
-3.4468
0.188509
-2.2642
1.48371
0.186105
0.414597
-3.86795
1.76341
0.587971
-0.19754
-0.158968
1.31263
0.967977
-0.473816
0.645821
0.325387
1.00402
-1.27554
0.149445
5.38051
-1.00103
0.217693
1.00787
-1.6009
-0.121312
10.472
3.0477
-0.15051
-2.87542
0.7083
0.750491
9.99005
1.09854
1.39151
0.899769
-0.815615
-0.149902
5.14194
-0.141419
12.753
1.05026
2.95215
0.590855
0.0687002
-3.13844
2.8339
-1.40101
0.23199
-0.973
-0.312933
-0.304136
-0.288837
-0.667969
-1.47575
-1.96094
-0.306882
-0.405324
0.0501657
1.37659
-0.721885
0.985614
-0.437806
1.127
0.939536
1.4758
-0.257908
-0.232893
-0.983048
-10.2832
-0.186931
3.87434
-0.296243
0.769434
-0.254462
5.9207
0.861389
-1.68348
-0.549848
27.5294
0.832197
12.9679
2.20672
-6.3367
-0.336848
1.19247
-16.511
2.85547
-0.0772768
-1.906
0.544386
-1.56357
-0.218449
0.160086
-142.644
1.73618
-2.53202
-2.06911
0.191985
-5.32471
-0.513726
0.807944
0.261393
1.2042
0.232321
-0.19433
-7.47848
-1.8909
-0.177543
-1.32052
9.46413
155.362
1.95496
0.717118
0.499678
3.67584
1.27206
186.42
-2.46099
0.247826
-0.45026
-0.10899
5.42825
-3.10639
19.0276
1.01423
-1.7725
-0.00939144
1.17897
-3.90675
-1.45633
-4.61209
-1.71558
2.20134
0.82578
1.39545
9.30323
2.11646
-2.18295
0.6145
-5.98169
-0.668937
1.8588
-17.68
29.307
-2.31323
2.15283
0.370528
1.31659
4.96919
-0.0849208
-0.507697
394.772
-7.47664
0.294076
-0.816605
0.348455
-1.56128
-0.00742268
1.09368
-32.5607
-0.141163
0.191344
0.646363
-0.962288
17.5299
1.51395
1.55009
0.327833
2.76497
0.641647
0.48765
-0.57627
-3.28918
0.848794
9.33684
0.0151978
-0.33819
0.442088
-0.138284
0.907108
0.402861
0.413889
-0.391277
-1.16439
-2.67349
-0.783976
-1.18752
0.467161
2.85835
-0.403657
0.820826
-0.0110736
-0.236564
-0.779076
-0.239287
-1.38326
3.91415
0.300431
-0.330696
-0.426764
2.20321
-2.46806
0.489696
0.0751314
2.17793
-0.626296
3.99571
-675.506
7.02967
27.5851
-12.63
-0.324292
-0.23576
0.518124
-0.158491
-1.07419
-15.394
4.08297
-6.48578
-0.692107
-0.657069
0.0788072
-1.272
-16.0933
0.272254
4.13379
0.834034
0.549407
0.138682
-1.16593
-4.91326
8.13753
0.764432
-0.458227
-0.683686
37.3257
-0.00560572
-0.292589
-23.5128
-0.952143
0.393357
-1.34242
-0.0874834
2.14035
0.650244
-0.663444
-0.375393
-2.08724
-14.4853
0.547306
-0.341666
3.14118
2.62097
0.385491
-1.27456
0.643788
-8.43667
-0.736784
1.2745
-1.07702
-0.208118
2.37077
4.83118
0.664272
0.975204
-3.02676
-4.67987
0.673567
-0.130569
0.181388
1.8821
0.68376
5.2673
0.538188
2.45994
0.519626
-2.09808
2.55756
-0.418627
0.712387
-2.77204
-0.16693
5.33075
0.409067
-14.2841
3.8695
7.7135
1.89666
16.6301
0.776653
0.695708
7.03797
0.0330152
-1.17016
-14.8677
0.519541
-368.285
-1.29309
10.9097
-0.785052
-2.57895
-0.508211
-1.77763
1.41351
0.389686
-1.60814
1.02347
-8.17467
-4.1884
2.48115
1.41569
-0.091268
-0.787434
-8.20943
0.4867
0.161216
0.672478
0.36124
-0.490322
-8.90458
1.08201
-3.26849
0.889486
0.529623
-1.19095
-0.164697
-0.720695
-1.39423
0.779431
-0.825473
0.0746555
0.0511318
-1.29369
0.869106
-1.05215
-0.391821
-0.910931
-1.74481
3.26449
-1.38116
-6.5228
0.402959
-1.4036
-0.701357
-2.25029
-0.507634
2.98607
0.846378
-11.2546
-0.815243
-0.183388
9.27186
-1.57238
0.381955
-8.5628
-4.60006
3.52514
-4.88747
1.44402
2.37666
-0.951577
-0.212566
1.402
-0.933871
-2.52591
0.996582
0.0394168
2.52638
-2.22924
1.03587
211.475
-2.12654
0.150377
-1.07408
-3.93756
-1.28283
-1.13257
-0.226685
-0.22148
-0.417746
-3.28552
-0.526159
2.67924
-0.491113
-0.765601
0.745238
-0.12966
0.0718543
-6.51141
-6.65118
1.18676
1.0783
-0.198469
-2.06387
1.88629
0.332529
-0.575056
-0.802938
2.61354
-1.30141
-0.106259
-0.779981
0.266909
6.54799
0.110457
0.269763
-0.47374
-2.70229
2.28392
-81.6833
-0.636376
-0.903199
-0.276928
-2.40249
0.575319
-2.08721
-0.182649
-1.51046
-0.121666
2.54982
0.211626
0.205503
8.16434
-1.4688
1.35808
1.61242
-3.048
0.667504
74.9599
0.387947
3.36591
1.94795
-0.923268
0.882646
15.134
0.425826
-2.40156
1.14171
1.28066
-19.8686
-0.6676
5.80275
0.368547
0.265783
-0.610394
0.850125
-0.822251
1.33245
2.21873
-6.71883
-0.749805
-3.29873
1.60863
0.352098
0.724285
0.0754717
-0.10567
-7.66555
-0.200616
-5.73492
4.04822
1.00396
3.93142
-0.196898
-0.258868
0.3871
-0.368523
2.40989
0.852333
-1.25205
-0.390891
-1.51674
0.0898705
0.0450476
2.5525
4.14107
2.68378
3.24869
-0.597216
-4.9321
-6.16219
1.11592
-1.1283
0.845866
0.72611
-5.75803
12.964
0.724173
-0.448856
-0.258208
0.138865
2.06417
8.39604
-1.71246
-2.59755
-0.697968
1.98043
-1.55628
0.0401049
-0.224374
0.429129
0.487651
-0.367279
12.9724
0.0576442
0.866237
2.22857
1.33909
-0.12155
-0.286153
-2.44626
3.48972
-0.107492
3.22508
0.810048
-1.48669
0.536872
2.83812
-4.21429
5.53994
0.344168
18.1882
0.768046
-6.09625
0.0604561
-2.25153
0.0132834
3.81
0.155559
-1.78658
-1.35311
-0.2041
-0.457134
0.30384
0.991296
-13.592
2.93486
11.3289
-0.0390873
0.632727
0.749704
4.28687
0.76233
1.97652
-1.92111
0.189643
0.210509
-1.07698
-3.66041
-4.98669
0.380861
-4.58031
-1.65852
-4.55834
0.695618
-5.60562
29.7475
0.860115
-0.0914069
-2.50067
-2.64903
0.186582
3.02006
3.92288
0.798506
1.66358
0.24556
0.616008
1.84688
2.83163
-3.70932
1.8156
-387.391
-0.450349
0.894153
-1.0188
4.10317
1.92824
0.388755
-0.240299
-1.89021
-1.4524
2.80394
-3.24764
0.0870848
-1.14492
-5.87166
-0.75419
-0.671335
-0.766041
-1.11439
-0.664888
0.186443
-1.65942
0.807381
19.2874
-1.86539
5.78018
1.73036
-9.90474
1.85294
-1.22395
-0.314007
-3.80711
0.881643
1.27912
3.3837
0.47992
-1.28013
0.153942
-1.95455
3.32218
1.93028
0.429338
-1.44456
-0.683636
-0.97088
0.391267
0.0865055
0.0814857
0.58204
-3.75708
0.507878
-0.676592
0.221313
0.692221
-0.321283
0.151009
-1.69517
9.78196
0.144758
2.73544
-11.0728
0.341006
-4.02648
1.14537
0.251164
-1.25901
1.62187
-1.08727
0.103844
0.165525
-1.07458
-2.6353
0.759315
-0.17241
-16.5195
0.808224
-0.0852267
0.524102
0.578711
-1.37117
-2.07574
3.92734
3.47492
0.403409
-1.25773
-13.0013
1.18032
-0.30431
2.57283
-11.5862
-0.0541777
0.898857
-0.239478
33.8748
-1.66639
-9.92911
0.251098
-6.74194
-0.502274
0.577279
1.04185
-1.72558
1.41421
1.24515
-0.487854
7.02022
35.8485
-0.630276
2.28392
-5.20257
-0.794224
2.58772
-12.3916
0.544223
-0.875811
0.467163
235.935
0.300118
-1.86385
0.0942808
-10.4423
-14.1369
2.20843
0.249718
269.151
-2.52058
1.27688
-0.835255
-0.272754
1.55525
-0.953799
4.47609
-0.177299
-0.0321635
-1.05717
1.4213
-2.5105
1.07224
-0.40863
-10.3974
14.8162
0.478357
0.149765
-0.305049
-0.0251355
1.97152
0.0672639
1.10637
-0.63762
1.75059
1.31065
1.16833
-0.853727
11.1528
12.9461
-0.157496
0.435685
0.888003
2.75751
-0.15572
-1.08307
-0.199536
1.41911
0.379968
0.684316
1.08703
-1.36831
-2.07494
-0.978354
-0.893552
-0.280518
-1.31213
2.35108
155.575
-0.39715
-0.722607
-0.00130749
1.04828
0.704938
3.41245
-1.03382
1.241
-98.1873
-0.82935
-0.532242
1.76044
-0.178679
-0.0473008
1.0902
-47.3075
-1.48932
-1.28807
0.0120406
0.252352
-2.63601
-1.51094
-0.454298
-0.307055
6.87707
0.693548
-0.496639
-0.687114
-0.966716
-0.923215
-0.456227
-0.909311
-6.79072
1.98972
-0.339672
0.871052
-0.665359
-2.86367
-0.234337
-0.246367
-0.26443
-0.0257347
2.9119
-1.44817
-0.33117
-1.87409
0.850521
6.40512
1.80204
-0.831226
-2.22026
0.768179
-1.41971
0.864196
-2.27891
3.22273
2.80261
7.70901
-41.4024
-0.483428
1.35767
-5.95941
0.232962
-0.730788
-0.409686
9.95657
-3.9831
-3.21341
-0.891027
-1.21212
-0.0870551
1.50599
-0.296062
0.776779
1.14072
1.84018
1.96163
-2.32452
0.943549
-0.177791
0.370891
-0.720711
-4.46235
-1.09241
-7.93812
-5.13646
2.02583
-1.69239
-0.534679
14.0767
0.41672
0.887005
-0.020793
3.29193
0.848975
0.342923
0.996499
1.2206
2.15529
-22.5351
-0.33837
-1.04496
-91.8093
-5.2926
-0.0360585
-7.29349
0.110986
0.487265
91.6985
-0.103666
-0.59065
-1.44826
3.31539
-0.590464
96.9234
-0.669546
45.4997
-186.088
0.58667
-2.58419
9.71329
-0.417686
-0.455307
-1.25829
17.5602
-1.30044
1.2828
-0.456884
-3.65734
-22.1491
0.187068
0.11638
-1.81823
0.559641
1.56438
0.0286964
-2.75985
3.15349
-1.57349
-7.03248
1.01048
0.297152
2.03606
0.360923
-3.91574
-7.88514
-0.0791767
3.67203
0.502902
-154.276
-50.5941
0.42221
1.65582
0.0968393
-12.7117
0.775145
0.303795
1.94583
12.1142
-13.3602
3.32144
-1.64356
0.167873
1.81682
-1.24852
-4.21245
-0.163413
0.396735
1.42685
0.342069
1.23211
-6.78919
-0.108057
-1.39609
-8.68324
14.481
0.587892
0.645762
2.94068
-1.28351
0.381423
1.19635
2.6878
-0.49928
-1.38242
-13.7884
0.249573
1.1928
-30.2846
1.61156
0.9384
-1.24029
0.898888
0.740274
0.812274
-0.240739
1.12573
-6.18702
1.05522
1.43313
0.0111872
-0.48917
0.60685
-1.69362
-0.859877
-0.552067
-2.75176
-3.51319
2.59125
2.16597
-2.98978
10.0017
-0.406318
2.45742
0.856508
14.0402
-9.23016
0.382264
-1.93015
-0.742513
-0.100058
-0.58421
-3.5523
-1.02173
0.357872
0.059736
-2.09081
-0.167391
-0.487292
2.1801
0.406474
-0.184956
0.674084
0.630839
2.52709
-0.551098
-0.349186
-0.801561
18.6823
-1.82757
0.204585
0.409575
-0.295288
6.12888
0.73071
-2.63682
7.61749
-0.982008
-0.693007
-1.73917
-0.288418
-0.840276
-4.71167
-0.448404
-0.791922
0.674275
0.916628
2.38397
56.9507
-0.0628976
-0.486989
1.2176
0.503388
-3.44483
-0.829221
0.505313
0.534944
12.7513
-4.13667
0.148286
-4.59911
3.73872
-0.487218
-1.91779
1.40392
-0.391819
-0.482215
3.62386
-2.2377
0.44737
-2.26297
-15.0339
-1.53666
-0.368463
-1.68936
43.9888
1.66444
-0.87338
-0.358443
1.27672
0.146142
-0.901582
-0.626311
2.61077
1.04157
7.69443
-1.10782
-0.675001
0.467094
-0.6039
0.121314
1.13371
-0.671972
0.532975
-1.28728
1.5927
-0.080883
-0.136888
1.2491
16.1287
7.51683
1.46152
2.87208
0.0176667
0.32092
1.67827
0.165781
0.178015
0.158483
-0.75711
1.20685
1.50985
-0.00911059
-3.42447
0.826886
-0.639316
-1.636
-0.232081
3.50299
-0.985396
-1.93891
-6.40707
0.0316481
-0.119419
0.780522
1.22258
13.5998
4.76382
-1.24942
-5.10665
-99.2841
0.375511
1.28824
2.73273
0.947188
-0.231258
1.56929
0.792014
-2.17249
-1.06401
-0.0052741
1.97306
27.1959
-0.142003
-0.810895
1.71015
-18.7706
2.25539
-1.48038
-0.317987
-1.39512
5.69774
0.434939
9.45188
-0.520345
0.00567305
-8.29932
1.2383
0.365102
0.22424
0.27058
0.349801
1.76186
0.0739518
-0.584496
-0.63713
0.198677
0.549197
7.26058
4.37575
-0.525994
-2.91203
0.814377
-1.2173
0.885686
-0.819506
0.712085
-0.522281
-3.73499
-1.23058
0.194669
-2.1522
-0.108301
-0.354269
-4.9998
1.09855
-0.149614
1.98325
-1.35802
4.62601
0.413126
-7.04573
-0.323258
1.11913
-0.849254
-0.0219736
0.911141
1.85245
-40.762
3.11179
-0.859952
-0.123319
-8.07041
-0.587086
3.27296
4.18597
2.82784
-0.26092
27.1328
0.0265181
-1.64411
-0.339
0.558539
-2.68511
0.242105
0.510775
-1.6557
-0.635229
-0.290213
-2.58618
2.95459
0.31988
1.30823
0.148609
-1.53876
-1.28996
-3.97471
-0.600959
0.702761
-1.4047
-0.150291
1.29884
0.465374
0.22893
-0.0136439
0.038872
-2.4849
-5.81078
-0.670596
1.03531
1.08003
0.845395
-3.39953
-0.828556
-11.694
-0.956909
12.4637
-0.360693
-0.890459
0.597738
2.81675
1.43663
-0.236744
0.0516093
-0.0281208
0.657368
-0.0945919
2.8609
7.09953
29.1344
-0.499871
-0.929705
-3.75035
0.514886
-0.176621
0.307622
-0.455424
-0.792543
-0.294939
-2.70286
-7.78361
-1.42507
0.551913
-0.828008
0.592024
0.686596
-1.96308
-29.9479
-0.92722
0.311923
0.224722
2.91079
0.12835
-4.65762
1.74797
0.305446
1.88808
1.6801
-0.831268
0.341287
1.07371
0.0120809
1.49044
-0.500455
-7.15701
0.390835
0.973225
0.0468006
1.69129
-2.48842
3.18228
-28.2769
0.757797
2.4362
-0.618003
-0.412868
-0.49681
2.28072
-0.483928
-10.7851
0.441481
110.478
3.98174
-0.493941
2.14287
-0.637617
160.293
0.119244
-0.108824
-0.823147
0.0984353
1.56065
-0.873829
9.25995
-0.53439
10.2009
2.93509
-0.01761
6.42227
-1.90882
-5.40078
-0.395347
-11.3275
1.50738
1.26936
3.48863
10.9677
-0.213931
-0.281668
-2.13638
1.8228
-0.489895
2.13639
0.186594
0.32443
0.366024
-1.52502
-0.00029184
0.809759
-3.12782
0.0416922
1.62281
-1.59693
-0.615005
2.61936
0.837092
-5.59568
-7.02216
0.720416
0.175526
0.151765
-1.8693
12.5389
-0.688005
0.789194
0.203231
0.0233408
-2.07601
-0.102401
1.21894
1.1916
0.152264
8.19485
-2.82167
-0.508644
-6.61436
6.69516
-1.09924
1.97502
-0.825884
1.60409
-2.15702
-0.437598
-0.0507018
0.0613695
-1.00071
0.961716
-254.369
5.93449
1.5526
1.03581
-2.22326
1.30796
-0.6202
-0.137968
-0.683907
-0.938995
-0.267292
-5.1268
-0.416715
0.31644
-0.457451
0.614214
-6.53535
0.929313
-0.130551
2.61543
2.13127
1.01468
1.28058
0.375227
-1.15859
-0.134126
-8.04421
-1.3463
-0.320478
1.34455
0.179561
0.288184
-2.02018
1.80069
-0.138574
-0.0350116
-1.1352
7.94423
1.67453
-0.456982
-1.12589
1.14931
0.0357021
-25.9826
-0.207172
-0.274482
0.404325
0.572821
-0.428468
4.99471
0.89025
-0.583211
0.435288
0.282622
0.802897
-1.05701
0.567738
10.0229
-0.29939
-1.79343
0.839489
-1.4111
145.3
0.254383
0.330778
1.14683
-2.38484
-0.145513
1.12668
-0.377873
-0.921007
11.2288
2.51641
1.28859
4.16384
0.320655
-59.2334
-0.140462
-0.496116
2.86958
-0.633274
-0.268365
-1.60106
0.248663
0.773882
0.086218
