0.554624
0.242633
6.72924
-0.354696
-0.971295
4.93319
-0.341443
7.75544
-0.362964
-1.20042
-3.04378
-1.66448
-0.304456
-1.00398
2.24817
-0.740143
-0.646306
-6.81774
-0.252997
-1.1511
-0.496118
-0.307472
-1.21524
0.620196
-0.177913
-0.294796
0.129413
0.412806
-0.0268079
-0.923391
-1.06849
7.57203
1.61552
-2.14913
0.902546
-1.06643
-1.72771
-2.4418
16.1722
-18.9777
54.2025
-0.796881
0.0499819
-5.00599
1.51399
-0.052849
-4.71023
0.520667
0.580651
8.73655
1.4379
0.0175449
-0.913894
-4.3806
-0.198457
1.46537
0.0960857
-1.11678
0.471077
0.192749
-2.91195
0.446925
-31.244
-0.65541
1.48736
-3.87843
27.8921
-1.18177
-1.14787
-2.96433
-0.156089
-1.26267
0.534543
0.200292
-0.496817
-30.7535
-0.860342
-2.93744
44.4438
-23.764
-0.879526
22.998
0.535112
0.592006
-19.2212
1.55118
-15.2364
0.148687
2.76471
0.793282
-2.26523
-0.691936
0.277543
-1.83822
-2.4088
-1.20708
-0.565358
0.32551
2.76256
-0.0899757
-1.03759
1.02817
12.6427
-1.38438
1.46946
0.397374
0.256408
0.108646
0.169621
0.42728
1.50112
0.0709714
-0.082769
0.163718
0.615729
-0.714333
-0.0656148
-0.590689
5.0398
1.87619
1.20339
-0.00445126
3.35168
1.00922
-1.15135
1.00926
-0.843711
2.21385
0.183791
-0.200363
1.87167
0.872044
1.89172
-0.879025
-1.87141
-0.290766
0.190511
-0.309603
-0.771042
-0.968022
-0.150763
-36.9465
0.364873
1.80062
-0.329277
1.75173
-1.1117
9.63583
6.91642
1.11691
0.516843
-0.127934
-0.167646
-0.194019
-0.984422
-1.34804
2.75043
-0.13924
0.705843
0.0369085
7.77452
-0.0841295
-2.7237
3.66055
1.25908
-3.73458
7.58094
1.25111
0.147901
1.89403
3.44188
-0.183601
-3.06705
-0.9101
0.723345
0.125176
-19.3199
2.60169
1.3784
1.61916
-0.115006
0.185586
0.406834
1.00018
0.0884464
-1.72918
0.43521
-2.33885
-0.720395
1.88688
2.4234
1.49631
-0.577607
0.829205
-1.30251
-0.907537
0.205187
-5.79085
-66.3661
-2.79382
7.97751
0.438255
0.315811
0.435743
2.09218
0.406504
-0.0988675
-0.139471
0.735584
0.150306
-0.826024
-1.42785
-0.171887
4.06879
0.444833
-2.45249
1.04595
0.885705
0.229624
-0.923197
0.071521
0.652112
0.0461333
1.42457
-0.287373
0.0761569
1.6255
1.42093
-7.61964
-0.30816
-0.23
-0.0615608
1.32704
-2.01184
1.85852
0.789234
-0.82176
0.229219
0.976756
-8.89048
-3.55839
-7.03188
1.59889
0.586768
0.2645
2.14482
-2.91048
-0.657584
-0.0782722
-0.796326
0.203529
0.354769
-4.26739
0.0639664
-1.00823
1.23808
1.93082
-0.469737
-2.24617
-0.0463693
-0.954106
0.265932
0.608353
0.291061
5.3787
1.01549
0.677107
4.80469
0.255199
6.47776
1.4992
-3.24763
-1.46722
-4.08368
8.02725
-0.530477
1.1199
2.7814
-1.7957
-2.22135
-1.96652
-0.6074
-16.1913
-1.25363
1.04625
0.78463
-2.09785
-8.13172
0.271902
0.620901
0.259903
0.750252
-1.15353
1.03371
-3.04073
2.14761
-0.982316
-1.44691
0.701378
-3.78939
1.69891
4.0974
-0.703524
0.225602
-0.570243
-0.435075
-3.5194
-1.67322
-1.68981
-1.53464
-0.429302
2.4238
-0.607509
0.306283
-3.5667
-0.82425
0.829412
2.84857
0.645447
-0.792022
0.791888
-2.71051
1.47965
0.9213
3.23694
-0.393761
-0.708988
0.559456
-128.264
-0.566026
-0.216723
1.4806
4.63204
7.98386
3.51957
-0.168469
3.95053
4.56741
-1.65225
1.10321
0.400743
-0.588552
0.993278
0.250055
0.999703
2.10409
0.716596
1.18821
-2.87766
1.13881
1.90246
0.967386
1.90769
-0.793414
-0.429657
2.61612
-2.16806
0.198884
0.475514
2.13599
0.274217
-0.643589
-3.6104
-0.542947
0.870425
0.457151
2.02963
0.440838
0.0860821
-1.12655
-1.95355
0.213241
0.331116
3.20742
-1.17163
1.33866
5.42112
5.95548
-9.90082
0.55524
-3.19088
-4.48898
-0.434012
-6.79394
1.08857
0.506436
1.62542
-0.93467
0.53302
-0.131629
-1.15826
1.04172
1.57375
1.24316
-12.4555
1.22237
-0.160404
0.0245643
15.4429
0.434583
3.72913
0.47858
0.887476
-0.392059
-5.70477
1.80354
0.576179
-0.810253
-2.36926
-0.408644
-0.862613
0.89109
-0.428774
0.158694
1.03724
-0.432163
-0.52934
1.45804
2.7365
3.05357
-2.52137
-2.81649
0.272007
-0.504449
48.0688
2.81943
-0.580436
7.71486
-0.703662
0.0718329
-2.8814
-1.06941
-0.436094
2.77183
-6.30414
0.14945
0.727672
0.60537
-6.36307
-0.948463
-1.25295
10.0858
0.278364
-0.218661
0.803998
27.2678
33.8762
0.155344
-19.1974
0.362299
-2.45541
-1.70395
2.2093
0.414587
-0.320402
-0.651711
0.475091
-4.67782
-4.87617
-0.819586
-0.00844334
3.55675
-4.37788
0.432117
1.30948
11.3685
-1.57286
-0.343862
0.57302
-0.868689
0.321619
1.29782
0.771327
2.5944
1.7877
-0.369887
-0.758643
2.08276
1.16254
-0.0467253
-0.390859
1.25197
-1.6788
0.0766654
1.48182
-2.34039
1.3972
-0.195957
0.478765
2.42858
1.49829
2.23498
-0.70481
1.01036
-270.6
-0.459252
0.622752
0.921726
-9.95802
-0.336909
0.91273
1.66237
17.671
-13.5918
-1.62627
-0.702348
-0.616905
8.7975
3.83787
-0.234143
-0.309271
4.05115
0.228823
-4.80561
-3.22993
-0.21359
-1.78812
0.62473
-1.73551
-3.38707
0.646413
2.58664
0.000339946
1.0939
-0.0904423
0.121099
-0.526974
-0.318064
-0.77211
0.423688
-1.83292
-2.47597
-0.168836
23.4854
-1.40535
-0.0991684
0.0477568
-1.65532
-1.60041
-0.185566
-2.07559
-0.555349
6.35176
-4.75032
-12.339
-0.174682
-1.61638
-0.691859
2.23978
0.205823
7.84887
5.54335
0.640328
0.807898
0.703927
-2.33488
3.34862
-0.482648
0.673497
1.06782
0.237109
1.8408
0.517291
-7.67507
-0.818743
-0.0732239
-3.24411
0.857586
52.0984
-34.0725
-0.529776
-0.158316
-1.25701
-1.58556
5.33089
-0.14087
19.2442
-0.0902718
-5.08806
-2.69963
-20.3331
-0.780699
1.09264
1.74527
2.43932
1.94811
1.02199
-0.0234302
1.26236
-0.359332
2.39332
0.242339
-0.0368185
-0.736964
0.839331
-1.78901
-0.747572
-0.265201
1.0159
-5.42426
-3.82601
1.74449
3.31433
2.67601
-62.1326
-2.91981
0.173258
-1.81219
-2.06091
2.24118
-146.938
-0.616839
-31.2898
-2.5561
-0.147501
-7.31837
0.223782
0.0469419
0.176415
3.75918
2.96607
-1.16695
12.2294
-1.11651
0.10656
-0.411604
-0.684453
6.58375
1.5931
-1.61314
-1.31056
2.05202
1.432
-1.98119
1.56014
-0.485499
-3.33196
-1.59607
0.796621
1.17974
-0.444881
-0.0659518
-0.000964141
0.179583
-0.994964
13.6184
-3.21737
2.75844
0.389596
-0.247433
0.761694
1.31639
0.271333
0.457682
-0.457343
-0.0882137
-0.216986
0.494743
0.0671233
1.2839
1.8883
-0.853207
-0.963213
-4.75626
0.250344
-9.64423
-0.288825
-1.80704
1.82238
-0.114216
-8.72075
-3.10608
2.45176
-0.854748
-1.01077
0.221393
-3.23073
-0.772244
-2.9682
-2.42691
0.195994
-0.995163
1.25374
2.66578
-0.381632
0.0578716
-9.76013
-2.44661
-0.762839
-0.743043
-0.214118
0.449796
-549.779
-2.78516
-0.174705
-0.287841
-3.68716
-0.102904
-2.09483
-16.5628
-3.08779
0.708941
0.615096
-0.995002
0.673423
0.112471
-3.15389
0.653512
-16.8976
1.2152
1.17396
1.87187
0.321442
0.852588
-3.05316
0.805953
6.70362
-3.0141
0.634984
0.655857
-0.493935
-1.02656
-0.577699
-1.84873
-0.802052
-0.233028
4.97403
0.0598852
6.93758
0.0712368
10.2404
2.39368
4.78826
3.6406
0.837956
-0.418108
0.204862
0.592089
7.58563
-1.11101
6.59438
-1.11716
-4.5445
-0.483067
0.0952126
7.538
0.268325
-0.644481
2.68831
2.94589
-2.92555
1.10182
-0.811614
3.10409
0.613752
2.18914
0.192479
-0.890597
-3.53834
-0.161656
-0.997942
-7.72861
-1.39121
-0.0543384
0.220972
0.396961
3.18187
1.2438
1.3955
1.78053
-2.10626
-0.773456
-7.39579
-0.381418
0.88433
0.129843
-2.90269
-1.07649
-22.5697
0.963168
-0.227213
0.702807
0.542049
-0.932955
0.109408
0.754302
-1.04354
-6.29255
-8.68696
-205.75
-0.495371
0.576156
1.21669
0.359919
13.914
-2.72114
1.22903
0.562021
1.42
0.871327
-1.60045
0.0304639
1.7324
-22.6432
-1.03827
-5.90417
-2.49542
8.00661
-1.61359
1.59187
-0.197585
1.07899
0.90473
0.704085
1.28404
0.074485
0.433337
-10.0424
-0.0242423
-0.464411
2.25603
0.0747292
1.8293
-0.615118
0.168855
-0.601783
-0.754824
-5.35213
-0.314295
-1.44049
-0.694642
-44.5294
0.463538
-2.52266
-0.371892
-0.479694
-0.421653
1.44627
6.50269
0.138575
5.53467
1.2702
1.47958
-1.31432
-0.654309
-0.553925
-0.249728
-1.19916
-0.770603
-1.18631
-0.346305
-0.974521
-0.931151
4.8066
0.219398
0.2629
-0.293634
-0.501123
-118.213
1.37185
-15.1276
0.968833
-1.88115
-1.92755
1.19466
-0.762847
-0.300868
48.7942
-4.74168
-1.7778
-0.880896
-0.0407802
1.85574
-3.95322
-0.0994883
0.724764
1.2548
-0.496535
0.59408
-0.250538
-1.02023
1.33124
-0.935964
27.4083
0.179391
-0.762221
-0.703719
-2.92656
-0.992743
0.12869
-1.24493
-2.27562
0.203786
0.639331
-2.24494
-19.4251
3.22215
-1.09162
-1.21207
-0.666297
1.28068
3.1155
0.36123
-0.885812
1.34284
-10.2212
-4.21579
-0.962622
1.09655
2.50236
-26.4078
-1.98406
-1.38219
1.12469
-0.262899
1.77052
0.187197
-2.11621
-8.14118
-4.68495
-0.397789
5.16578
0.512272
3.51512
1.2287
-1.32536
-0.232983
-2.33476
-0.604367
-30.2042
-0.629837
-0.731325
-0.807266
0.239332
0.429623
-8.46439
-0.563648
-1.64001
-2.90389
-1.41545
0.31728
-0.387045
17.325
-2.77374
5.94494
-1.19454
0.847199
3.94749
-0.406929
-0.578235
-0.788552
-0.631343
-0.627887
-0.0638653
9.85261
-0.854694
-3.4423
0.65003
-0.555571
-0.779857
-4.75348
-1.55707
-1.82392
0.613691
2.42439
7.41352
0.802548
-0.710878
-9.82314
0.644229
-0.1555
-0.406649
1.67827
-0.866125
0.070657
0.355818
0.400722
1.52581
0.803504
-0.27664
-1.26126
1.4036
-1.28497
-0.533222
-0.250595
0.0985751
-2.28019
1.90728
0.296367
0.897644
37.5092
0.542856
0.576263
-1.56749
3.12098
2.13979
-0.830618
0.0858792
-0.804595
-0.843363
-0.565669
0.503422
0.16441
-2.35221
1.57711
0.102727
0.178617
0.204028
-2.26514
-0.75432
1.9048
2.34904
-0.367542
-11.3449
-0.29624
-23.2728
0.443856
-1.73204
-0.038159
8.33786
3.76737
-1.01377
-3.71414
-0.055914
-10.9185
-1.10425
-2.1221
0.658777
-0.330207
1.00842
-13.5522
0.672848
0.721049
0.951943
-0.0477238
-1.24402
-2.42205
-0.418171
1.68981
1.45597
-0.802313
-1.2582
3.27024
0.0403884
0.065614
-0.519981
-2.49174
-1.27141
0.325294
1.50394
0.499302
0.249835
-0.195695
1.6685
0.688796
0.673557
-1.58676
1.96472
2.0833
-0.255217
1.33872
1.21195
0.884742
-1.75355
-2.0749
-2.87598
0.154261
-22.9839
0.229466
0.382529
1.07591
-0.896592
0.3664
-0.50409
1.12651
-0.875441
0.194176
2.50421
-0.058955
-1.43754
0.0526318
0.569892
5.51386
0.115053
-1.7009
-13.178
-25.5777
0.27994
-1.08809
0.181446
0.65386
7.14675
-1.83616
0.899424
-0.372248
3.78585
3.46373
0.174772
-0.167202
-2.7839
-0.0872431
2.66674
-1.38045
-2.6076
0.0284324
-64.4558
-0.0617348
1.46349
28.9496
0.361511
1.04238
3.301
1.09056
3.87854
-1.73965
1.14015
0.641205
12.5816
-6.05931
-0.808273
-1.50624
-0.813264
3.78553
-1.05315
2.82012
-1.63364
0.352917
1.19089
-0.316515
0.741649
0.0126167
0.00426839
-0.653114
3.06551
-0.8466
0.421324
1.66928
-2.25032
5.65625
-0.736613
0.144383
-1.88445
0.255897
-2.00301
3.35343
1.69003
-1.22714
1.81525
-0.664784
1.54049
1.71184
62.6499
-0.0182096
-0.912654
-1.39012
-2.37509
-1.7329
-2.80104
-27.9285
-1.42483
-6.95197
-1.08129
-0.329053
-7.42604
0.259749
-0.378189
0.866073
-1.26136
-0.904171
-1.51086
4.75356
1.61888
0.313069
-0.545587
-0.698348
-0.265974
-0.0371974
0.407787
0.0201706
1.51619
1.97839
-0.20432
0.714386
-0.622844
5.3649
-0.712552
-0.284843
-5.64112
-1.37484
2.61191
6.04146
-0.316807
-27.1889
0.198738
0.0647674
1.79527
1.09416
0.300408
0.569461
-0.21817
-1.00937
-1.49857
-1.90756
1.30959
4.49648
-0.205844
2.71462
30.3265
-0.868229
-0.0413312
-0.591058
1.97472
-0.156689
-0.0898457
-0.334869
0.296346
0.789741
-0.830938
-2.3418
-0.0358671
0.0352292
-0.551784
-0.855261
2.39818
-1.57954
-0.472579
-4.72738
2.39375
-0.422802
-16.3712
-1.47378
16.6682
0.12686
0.390186
1.5485
1.49791
-4.75254
-0.176832
1.10853
4.03745
0.106253
0.688614
-0.999922
6.66254
-4.39638
0.295672
-1.85369
-0.663833
0.627045
-0.0947961
0.788958
-8.41454
-0.057561
0.20004
-3.76393
-0.254262
2.64924
2.70778
-1.45447
0.541274
1.59154
1.46729
-0.373122
1.20374
0.416533
-0.744681
-3.34311
-2.42352
0.0699796
-0.921499
-114.964
-2.39132
1.28891
0.227347
1.00002
-0.566584
-1.11147
2.6535
-0.971899
-4.90076
-1.51096
-0.0151867
2.79473
-0.091649
0.459918
-0.0318551
-0.916361
-0.353028
-131.524
-0.165598
-0.71921
-0.737829
0.0401398
-4.68017
-0.252482
-0.863269
-1.08679
0.523763
-0.495312
-0.158824
2.13657
-1.14104
-0.467457
0.75341
1.31579
-21.7461
0.997591
13.52
-0.372874
-1.25045
-3.91956
4.72559
232.875
0.618014
-1.47783
1.18187
0.0649291
0.0509749
-64.359
-3.91562
0.563495
-0.248221
-0.374561
-1.80399
9.87429
2.6548
0.634976
-1.37528
-4.84309
-1.22672
0.408417
1.28744
0.868778
-3.40224
0.71575
6.45822
3.25268
0.0304009
-1.02615
0.616226
-0.629228
-7.79889
543.923
-4.21229
-1.93159
0.94327
-1.35541
-72.2492
-0.106002
-0.54443
0.650767
0.194153
0.0542139
-8.5942
0.393334
-1.33041
4.01278
-1.74603
-1.14583
-7.74021
-1.4587
0.00750533
-2.94119
3.05814
0.865926
0.445486
2.26052
-0.837142
1.11464
-0.329912
-0.417854
2.79751
0.264019
-0.583859
-4.71451
0.37249
5.43167
-1.315
-0.0543118
-1.38225
-0.625795
-1.50311
15.3237
1.59682
-0.159806
-0.0316015
0.417675
-31.0878
-0.215693
-0.7637
-0.0473414
-1.0514
1.68975
-5.77282
-1.29712
-0.411922
-2.33235
-0.240588
1.67776
6.2924
-1.21897
0.912247
1.15473
-0.925621
0.759615
1.03335
0.527312
2.49838
-0.771791
0.389324
-0.258273
0.422973
-2.14002
-0.226907
2.38094
4.71717
0.773227
1.16314
-0.788776
-0.263058
-1.06784
-0.964148
0.459977
61.2268
0.385447
-0.179971
-0.503999
-0.819508
-1.13688
0.711874
-0.0649418
6.10306
8.95034
-0.398358
0.0880349
51.0229
0.189952
0.270137
-0.861015
2.60694
-0.858756
-41.2141
-1.44756
1.10324
0.321189
3.2883
-0.0504114
-0.773187
-0.214398
0.971049
0.140972
1.86928
-1.10512
-9.81348
-1.18866
-0.198052
0.35155
2.49169
-0.525378
0.421914
-0.0252471
0.594882
-2.44297
-1.29215
0.490928
-3.79698
0.995956
1.72705
0.101255
3.4864
0.617707
0.543069
0.0574742
-2.77873
-1.45788
-0.082006
0.159709
0.984752
0.140729
-0.966065
0.764288
2.3846
0.866023
-0.55265
-0.126171
13.7762
-3.12407
2.47888
-3.54768
-1.33654
-1.24095
1.27973
-0.765618
-0.889705
0.270467
-0.557462
1.8391
-0.2388
-1.91472
-1.22299
-1.99756
0.0125776
-0.825942
3.81534
-0.148831
-5.22984
0.566486
-4.87389
0.632752
-1.06507
-1.16128
-6.76167
1.43595
-0.177304
-0.611391
-2.00798
-0.153063
1.75864
2.04419
9.83022
3.1301
-3.02706
1.09196
1.10583
-0.408991
-2.62422
-1.24136
0.219863
1.52087
-2.60562
-0.564036
2.52792
0.155781
-0.0853406
-0.250307
-2.89475
-25.1081
0.136461
-2.98172
-0.0886351
0.319084
-17.1931
0.409838
0.294237
0.962107
-1.5007
0.212546
2.33642
0.125881
-0.681397
-2.03229
1.27685
-1.26426
-1.21994
-1.02255
3.93924
-1.15704
-0.717209
-1.53534
0.480911
-6.68617
1.12234
0.99294
-7.58167
1.94607
-0.110335
-1.60325
5.0735
0.692065
0.358938
-0.31389
-1.00081
9.0258
-0.728387
-1.58252
1.02382
0.592144
-0.573972
0.0838606
1.45609
1.71528
-2.03313
3.60061
-1.2587
3.75077
-0.423629
-3.19131
-1.21506
0.479262
1.11956
0.959585
1.5531
-2.18361
-0.992685
2.12686
0.134507
0.646819
2.88356
2.16498
0.396634
-7.53184
-0.0784186
1.4691
0.652705
0.833056
-2.41676
-1.82239
-2.21043
-1.38983
-0.543877
-2.0268
-1.30651
-1.77787
-0.180215
-0.0743833
-1.18443
-1.62159
0.114059
-30.3505
0.462678
0.29258
-0.639481
19.5095
10.1604
-0.120395
-2.83229
0.655298
-0.837545
-1.0286
0.458432
-12.4922
-0.0404391
1.132
69714.4
1.56977
0.348419
-1.66137
0.207325
2.60409
0.924944
0.543853
-0.112651
-0.561048
1.37968
0.315992
-14.6783
-1.17172
1.3805
-2.50499
-0.891165
-8.39946
-1.08876
-13.008
0.790372
-0.53418
-1.05259
-1.34607
-1.32792
-3.33608
0.363869
-0.28611
-1.02218
1.39704
-0.155658
0.226065
-0.0553813
0.838599
0.254105
-0.714133
0.226354
0.518464
-0.431704
-0.174292
1.21541
-0.141433
-0.0305558
5.30627
-0.190005
-2.98498
0.686633
0.687223
0.210413
-2.43871
-0.617509
2.47169
-0.120384
17.3668
36.5806
0.131862
1.15494
-3.13029
1.48718
0.373997
11.5679
-0.270564
0.330203
-0.0429505
0.968332
0.566493
2.18655
0.249385
0.0440606
-0.724234
-0.275194
-0.951537
3.18603
1.06193
1.38859
0.170598
0.354306
2.17055
-0.383582
1.66501
1.94999
0.948832
-0.332817
0.473965
-0.0116822
-0.735259
-0.421837
-0.638923
0.112079
0.578457
0.946925
0.769003
3.22559
0.76082
1.34242
2.02218
-1.02235
0.365868
-0.405558
-1.47111
-10.3141
-1.28495
-0.912437
-1.54617
-1.67358
1.15446
0.969236
0.113351
-0.0415757
-47.487
8.65541
-0.0934969
-1.45556
-0.428916
11.9726
0.422648
-0.723069
-3.40796
0.22182
2.02146
-1.06636
-11.0847
3.83789
-0.149884
4.1431
-0.252282
-0.954389
-61.4812
0.23425
-0.65417
-0.75822
-1.261
-3.29162
0.916605
1.04504
0.596788
0.245646
-0.617105
-4.99449
-0.958716
0.398672
0.11877
-1.10416
-1.61175
9.15674
-0.195245
2.14206
-0.286567
-1.41031
1.45461
-1.65434
-2.03697
1.26943
-0.0755582
-8.12181
-3.62925
-1.30975
0.558481
-0.453054
-0.353157
-0.605357
-3.26338
1.563
-0.336116
-3.61574
0.268442
-0.776293
0.347373
0.0311179
0.930908
0.406291
-0.199588
1.93646
16.1105
3.82526
-0.733007
-5.31937
-1.24396
1.48857
2.80478
11.0861
0.399189
1.42406
9.05084
-0.322306
-69.3743
0.0459126
-1.47931
-0.534169
2.88859
-2.81825
-0.681017
-1.30557
-0.490553
0.461833
0.241695
-0.957607
-0.30091
10.6558
-0.0472136
-1.78377
1.16611
5.83054
0.0790753
-1.82043
-1.63381
3.00856
-0.225622
-2.32428
-1.69078
-1.94772
0.0345115
0.18652
1.96318
0.752125
0.531912
-2.33729
0.608454
-0.0202109
-1.50791
-1.90778
5.35461
19.0269
0.618322
0.629577
-4.87724
-0.401795
-0.186839
1.32276
2.47683
0.400067
-0.89289
-0.045875
-0.156746
1.23025
0.253032
1.02118
0.654149
0.110356
-0.895746
4.57422
-0.89246
0.840757
0.406364
-7.59785
5.58255
-0.821518
0.173285
-1.10823
-0.0995912
4.88822
-1.98006
-0.483451
-5.4885
1.97267
2.90219
-0.441333
2.35861
-1.67401
0.282953
-1.00702
-0.895858
-50.8505
-8.94761
-11.8374
-3.42576
0.168019
-0.961538
-0.496808
-1.01004
0.34446
1.95653
-0.671503
0.770061
12.6131
0.79198
0.602541
11.0799
0.879263
-0.408754
-1.18747
-5.49829
1.99522
24.3608
-0.0988709
0.206942
-2.79771
-1.12638
-0.300042
0.0816466
1.43653
0.075415
0.265033
37.3064
-0.811011
-2.26928
-20.5736
9.33348
0.556785
1.18875
0.141049
2.18569
1.41291
1.13047
-1.24005
3.12896
6.38327
-0.856875
3.15721
-0.200469
-1.20951
-0.138444
-1.72606
-4.94038
-0.49161
0.313888
1.57097
0.799314
0.0983709
-1.38706
-89.0025
0.510791
3.47019
-2.08223
0.38564
0.246948
10.3016
7.14715
1.80691
-0.446044
-1.18414
-1.03046
1.70948
0.0373759
-5.0676
-0.209588
0.305764
0.372251
-2.06271
0.271884
-1.66467
6.6666
-0.395644
1.86842
-0.677003
-0.245943
-0.834387
-0.370808
0.863908
-0.711952
1.58246
-4.56223
-0.0711479
-0.651902
-1.32779
0.299572
-2.41353
-0.438383
9.62134
1.22392
-0.841546
1.44049
0.476187
-0.0209566
1.59174
1.90561
-1.10282
1.82963
0.624804
-0.0165416
0.872192
1.24508
3.87185
2.35411
1.97263
0.976515
0.0846347
-5.86003
0.25584
-2.45686
-23.6906
-0.0885412
-0.967177
0.5164
1.38407
2.08831
8.66324
1.59482
-10.4878
0.206969
-13.473
0.203181
-1.02838
-1.30753
9.94547
-8.87701
1.27583
-3.5961
-0.236422
0.244683
0.0337726
-0.456518
-2.63055
-0.241554
-1.38926
-0.0927452
-0.24256
0.895415
0.75109
-1.44063
3.37337
0.775096
-0.0774935
-0.507298
0.279901
1.42335
1.39428
0.827457
-0.181922
-0.36539
0.891199
0.324755
-0.0695123
0.0126233
3.08399
1.40695
-1.21094
-4.63515
1.46354
0.486888
0.359962
-24.3241
-3.02567
-2.8552
-14.0853
1.8962
-1.47698
-8.22507
-0.655757
2.55735
-78.9878
-3.67995
-0.836666
-7.26071
0.64841
-2.4816
15.673
1.3382
-2.23488
1.06892
-1.18588
-0.767952
0.419409
-0.879458
-4.06345
-12.0491
0.282323
1.03208
0.869509
-0.350444
-0.124381
-0.0122042
-0.173797
-0.482933
-0.292033
0.811215
0.966392
-0.841362
1.67089
212.907
-15.0669
-1.88702
-1.86857
1.80273
-0.025668
0.0284144
-18.0861
0.427165
-3.18089
-4.09196
1.48035
-15.3631
-0.594663
-1.86018
0.702119
0.117512
-3.67795
1.24622
3.75585
-2.15197
3.08367
0.693295
1.94097
0.265534
-0.235416
4.76417
1.04575
2.40922
-2.59914
-1.0206
-0.684429
1.53695
-0.13251
0.710213
-1.16232
0.298557
0.0869482
0.145312
2.42096
0.0820268
-0.752239
-2.46587
-0.544557
-0.829722
0.899122
-0.933092
0.144184
0.213662
-1.14772
0.211578
0.192176
0.381325
1.14642
-4.28908
-1.06792
0.973961
-0.1073
-0.601452
1.2782
1.29975
13.2593
0.444696
7.77297
0.208573
-0.495902
0.127309
-4.52143
-0.577129
-0.617386
2.35696
1.55353
0.792327
2.42332
0.806344
-1.23652
0.946707
0.523252
-1.31568
20.9689
3.72813
0.157167
1.17238
-1.39143
3.30355
0.416408
-0.441722
1.3741
-10.8242
-1.12663
0.456786
-0.742142
-1.28552
3.93384
-1.69196
1.06088
-1.57261
0.379396
2.85327
3.22904
-0.154361
-0.530545
-0.0897913
0.129048
-2.00574
5.58803
-0.406708
1.71459
-138.466
-2.36611
0.0578566
2.31598
-8.39803
0.393526
-5.63357
-0.196845
-1.32894
-1.07703
1.06696
-1.79556
1.79784
1.46804
1.36763
0.445187
1.19727
-1.71507
15.702
0.0149267
-0.298907
0.283026
-1.59645
0.180469
-3.01908
3.84623
-0.378582
0.217184
-0.054259
-0.222728
-1.99871
7.38395
-2.03762
11.1707
1.28733
-1.21078
-0.731549
-4.38481
1.57568
-0.983075
-0.400206
-1.29857
2.40332
-1.40427
0.202652
21.4423
-0.695901
1.1047
-49.3456
0.169055
-0.0728437
0.637026
-0.0997187
1.74615
-2.47561
-3.06779
-0.647368
0.369362
0.243322
6.14113
2.89401
0.761644
0.53913
-2.13662
-0.286292
0.510562
-1.21639
-0.210567
0.26272
0.161211
-1.61827
0.340066
0.333826
2.23598
-1.42767
0.139441
-0.452211
4.871
-2.31063
-1.47238
-0.466942
148.052
-0.109253
-3.54595
1.24711
0.198753
-1.06759
0.625499
2.6495
3.69276
-10.2815
11.0926
1.41611
-1.3432
3.27727
0.423267
0.707307
-0.34804
-1.45887
-3.41677
-2.073
0.270969
0.246821
0.263271
0.536151
6.51635
12.4709
-1.08729
-1.65655
1.44252
-0.0501208
-0.657091
-0.439723
0.533685
0.573074
-8.74296
-0.79117
-1.23307
0.266574
-6.61976
0.488107
0.134087
0.299499
-1.76758
-0.832226
-1.49061
0.875339
9.19911
1.09991
0.0882938
1.84063
-0.339731
-0.48772
11.4241
0.748602
-5.90073
1.92815
0.613552
0.562474
98.3734
3.5501
2.93734
5.8923
-3.28651
-11.4162
-1.01481
0.219237
3.6323
-4.35097
-0.0282644
-0.684728
-1.37452
-1.2578
0.0812238
1.10341
5.99826
-1.33258
0.0552813
0.893167
5.77657
-3.67246
-0.1924
0.928791
-0.502007
-1.16209
0.218888
0.0214555
2.73494
-0.581714
0.615515
-0.520878
-3.87875
-2.83405
0.481753
1.25862
0.949646
0.680771
-0.0245055
-0.684711
0.595829
-0.716972
-0.496235
0.48608
1.93801
0.489105
-0.654214
-0.501793
1.84829
-1.9931
-6.0704
-1.0071
-0.0526637
-60.939
1.66745
-0.697687
-0.956711
0.685743
-0.0612968
-0.0190735
570.811
-0.102017
-0.168475
-3.58357
-0.579096
2.09169
-0.632004
0.829151
-0.549147
0.143311
3.85718
-1.17131
4.69881
-0.277776
4.96242
0.568682
0.837197
6.42079
-0.332083
-1.18639
0.123912
-7.99348
-5.72717
-0.596347
0.00722998
-1.37936
0.056511
-16.8755
0.187193
-1.76417
0.306239
-1.86351
-1.80863
-0.749477
0.0933566
-1.95516
2.8795
-0.915099
-1.86377
4.1492
-2.35412
-3.32393
4.01905
-1.6727
24.093
0.945733
1.04154
-0.311694
0.177234
-0.422679
-0.0633428
-1.21197
0.0318025
-0.516513
-0.209361
1.47651
-0.0856589
1.07726
2.02126
0.568995
-2.65613
0.0835419
-1.56527
-5.25465
3.03658
-1.31622
-8.61471
0.373916
-0.286837
-5.49871
0.366048
-1.13211
-0.465582
0.355688
-4.11435
-78.487
-34.9703
3.78433
6.24793
-1.23719
0.139179
-4.21302
0.864722
0.255082
-0.530728
-2.11599
0.142311
2.01103
0.512984
-12.971
2.54173
-4.63714
-0.511859
-0.19312
-0.22895
-2.61132
-0.492852
0.404017
-14.384
0.793828
0.624841
-0.0995595
-0.278024
1.32391
-256.724
0.0821356
-0.315164
-1.60113
1.90412
-2.99459
-0.226224
-1.6847
1.17568
2.81758
-0.323877
0.00101978
-0.670877
0.423153
0.328867
5.48149
-1.68144
6.20763
0.486704
0.380189
0.292716
-12.9762
-1.05426
-2.77311
0.844963
-1.22445
-0.466109
-0.558398
-0.27699
-0.886251
-0.477024
0.668929
2.57472
1.90309
-4.82589
0.0988211
1.55836
12.087
-0.172174
0.97514
0.0844555
-3.65156
-0.184041
1.79916
-0.753012
3.75601
-0.58043
0.377985
-6.37668
0.0604492
-0.794238
-0.908119
3.088
-1.20957
0.0726987
0.0987954
-0.46113
-0.0775902
-5.79439
2.04168
-2.48895
0.234647
3.30219
-1.52608
-2.24203
-0.433603
-0.197715
0.0590937
-0.698785
1.0923
-3.15082
1.68391
3.24537
-0.366126
2.18035
1.76449
-0.0824353
-0.127842
-0.565454
-2.88371
-0.706412
-0.740653
0.855405
-0.40486
-2.80082
0.0481987
-3.9794
0.81678
5.16732
0.727765
2.63321
-45.9514
-0.302411
-0.840599
0.953247
-1.46409
12.13
1.73686
17.0969
-0.490951
0.288555
2.63703
0.491331
7.39379
-0.300302
-11.3862
-8.47635
0.677392
-0.0883341
-0.701024
-0.456567
0.247025
-1.89668
1.02246
11.9061
0.0279409
-1.09408
-1.39468
-5.43865
-1.41732
-1.2457
1.07451
1.33733
-2.09898
-1.30522
-0.583347
-8.20386
-0.595125
0.247545
-3.89925
-2.56504
39.9494
-0.53027
-0.272254
-1.11954
-1.33907
0.88488
-2.6082
0.821459
4.96315
0.0269586
1.46368
3.9188
0.486867
0.696972
-0.464585
-0.0890517
-2.5086
0.186939
-2.44696
2.28178
6.0119
-4.04668
5.7764
-0.2459
1.09597
-3.83331
-0.832815
-0.217363
0.388729
1.3674
-0.671932
-0.626148
-0.477124
-2.56293
-0.401
9.81861
0.336095
-0.108262
-9.19832
0.319859
0.0868781
0.406086
1.34223
0.885678
-0.116756
-0.744114
6.21191
-0.658395
0.803656
-0.876103
0.303789
0.646874
-0.601026
1.79742
11.8532
0.0275919
-1.60152
-1.78279
-1.0045
-0.794229
-0.859364
-0.782692
0.000331865
-1.72152
3.80888
0.381078
-0.0234725
0.900296
1.38833
1.11392
7.93174
2.09641
1.54612
0.123838
-0.205984
-0.319203
6.90147
-3.58162
1.05507
-4.22374
-1.94018
0.799539
0.477849
0.151297
1.11384
-0.746987
-2.41525
0.0640861
0.115714
1.85057
0.0974855
-0.936939
1.13229
-0.403336
4.14354
1.63431
-0.903277
-1.89504
-0.254589
0.495744
-0.765654
0.0571311
0.248467
1.90198
-0.162553
0.495645
0.261398
-57.1441
-0.842721
32.2769
0.478335
0.154295
-12.5057
1.96783
-0.388018
0.300912
-0.0340556
-0.271454
0.710127
0.167219
18.7133
-1.00347
-2.11133
-0.189739
0.223912
0.371289
-0.494139
1.21743
1.29545
0.675644
0.190595
0.101036
0.901682
0.70396
0.406052
1.11645
-0.411715
-0.769135
0.572896
-0.0490108
2.4459
-0.500467
4.24648
-2.12303
-1.32262
-4.60153
-0.828044
19.5617
-0.30152
-0.110744
0.146704
0.16607
-33.089
3.13079
-3.15979
-0.871914
-1.15981
-0.0946484
0.33335
0.133266
-0.204979
-0.713253
-0.28489
4.10234
-4.14058
-1.40915
-1.0719
1.50871
2.35723
9.7812
-0.0934735
2.92929
0.26174
-12.1506
-0.915188
-1.23864
0.984202
1.38095
0.491369
0.182475
1.11306
5.19133
-0.385628
-1.09716
2.72283
-1.14177
-0.0222228
-0.942675
0.521481
1.58943
-92.7712
-0.41707
0.701412
-12.0834
1.59294
-14.5177
-10.4226
0.701033
0.329163
-0.0136702
-0.531357
-4.03112
20.6093
0.592396
0.916691
-3.12062
-1.13779
-2.16417
-0.565963
4.0248
8.04246
0.0269225
-0.176349
-0.668523
-13.9423
-0.89269
2.91842
-3.35696
3.40783
0.925186
-4.21674
-0.30163
-0.22818
1.5993
-0.180753
-0.75801
-2.67754
1.11945
0.678006
-1.10665
0.130671
-0.49401
-5.66084
1.38193
-1.14655
-2.81344
0.413514
2.05585
0.615412
-0.0968062
0.907605
-0.275401
0.192457
-44.4173
0.730186
2.07348
0.953766
-1.50147
-0.545334
-0.456612
5.50154
-5.60974
0.259086
0.317138
-0.585583
0.0274337
1.02161
-2.82978
-2.64669
-0.658501
-0.409122
2.37796
-3.89833
-0.354686
6.66158
8.71896
0.585932
-0.237982
-0.153604
0.668538
-4.74302
-1.76976
0.917507
-1.34003
-0.253344
-88.8733
0.00228983
0.160643
1.04903
2.04685
-0.415942
1.68931
10.3163
0.981566
5.8748
5.13939
-0.927443
-1.84294
-3.65569
-0.192709
-0.898681
1.00359
-1.34409
-0.717012
-0.157524
-0.22407
0.359125
0.510414
0.2192
-0.292628
-9.66587
38.6736
1.12684
-7.0218
-0.440186
-0.424309
2.02319
2.55492
-3.54814
0.320389
2.84443
0.501954
0.824383
15.0386
-1.81127
1.28823
0.0856869
-0.946647
0.198404
-16.1718
-0.915899
0.772573
-8.99697
-0.50863
1.9977
-0.297367
-1.90472
2.16571
0.388059
0.958728
-4.96707
0.0320918
-0.195326
0.289035
-0.265431
-0.361462
-0.172844
0.457068
-3.05408
-0.783682
2.2584
-0.535441
-0.0897337
1.44624
-4.48483
5.59212
-1.40633
-1.41687
3.6192
2.26755
3.39682
1.61843
-0.375296
-2.88742
0.0776507
-1.8586
-1.02288
-0.114915
-4.79332
0.675746
-8.69349
0.033096
0.0324584
-5.94636
0.326332
-2.58626
0.31018
3.25156
-1.04291
0.930264
0.163097
0.573865
-0.191736
4.89786
3.19008
-6.34239
-3.88205
-2.01867
-2.94529
0.105961
-0.30229
7.53232
1.20166
-1.63935
1.05432
-0.922318
4.82218
2.04602
-0.222661
5.09916
-2.55029
-0.0466938
-0.58259
3.15575
-6.22907
-0.300592
-0.558829
1.89009
0.350841
-0.211883
0.468486
-0.17316
-1.24764
0.269218
-1.27004
-0.728524
0.799147
-7.21216
0.963074
4.31199
2.13244
0.0215334
-0.28825
-0.633464
0.359399
0.216949
-0.400094
1.01537
0.1858
0.545515
4.27315
0.370735
0.344748
0.187486
0.296811
-1.21626
-0.193808
-1.05082
0.587004
0.357037
0.950647
0.460514
2.67763
-25.9043
-1.29204
-0.899592
-0.151499
0.54681
0.155387
-3.66385
-0.120642
0.120883
-0.277333
0.829429
-0.53385
-3.67225
1.15225
0.820009
-4.35348
1.84261
2.42691
1.15226
-0.116532
1.04016
1.63423
-0.274446
0.0804445
0.856829
-1.02521
6.66084
-0.364859
0.0165852
-0.677681
9.6028
2.58443
-5.53778
0.430695
0.717344
-0.115842
11.9651
0.0184889
-1.71168
-0.33349
-1.77399
-0.155232
4.28584
-0.102514
0.286993
3.04175
-4.25165
-0.346993
0.289102
-3.47159
1.92188
1.69216
-2.6908
0.115143
-0.944867
0.126345
3.37048
-5.28895
-0.00170128
-0.402357
-0.201888
0.0375746
1.42054
-4.00634
-1.19871
1.43388
-0.414685
5.65381
0.920629
-0.483326
-0.940764
2.41946
0.284747
5.4261
-0.475395
0.72653
-0.163722
0.642714
1.92584
1.35933
1.80114
0.602778
-0.384463
-0.13962
-2.99136
1.22384
-3.51034
-8.45509
0.670497
-0.0518099
-0.81287
0.408522
3.06117
0.479362
0.300348
-1.29059
0.147567
1.73084
-0.934546
-0.999013
0.17962
-2.22033
-0.527113
-0.851929
-0.509788
-1.3367
0.4975
-3.61692
13.5119
0.424687
-0.869542
-0.00213911
-0.248084
0.674219
-0.086925
-0.532746
0.695262
-0.0747354
-0.494149
0.244739
0.072766
-2.19401
-1.69684
-0.0472952
1.47161
-0.294105
0.970664
0.603582
-5.08276
-0.185212
2.77798
0.280199
-0.461136
-0.882812
8.27964
6.15325
-2.21747
-0.80545
-1.89134
-2.73913
0.930593
-23.4905
-4.00826
1.4953
0.068716
0.976972
0.513317
3.22801
-1.478
-0.0633754
0.639647
3.49138
-2.87543
-0.436027
1.56497
6.36712
-1.9061
-2.01707
0.787578
2.4698
0.178514
7.81379
-0.58099
-1.44461
6.92028
-53.2901
0.466173
1.47836
0.0619064
0.140108
0.421279
1.0519
0.768935
4.85107
3.81226
-2.86773
-4.70448
-0.341008
0.581612
-1.83249
-0.169318
-2.79304
-0.791995
-0.384934
-0.330553
-0.762772
3.11669
-0.542839
0.67518
1.60246
0.553602
-0.580908
82.4584
0.676064
-26.7064
3.07765
0.36146
-0.468207
-1.16677
0.691183
-1.99058
0.689321
-0.127684
-0.325362
2.37641
-0.0203883
-0.270927
-0.923
5.30192
-0.434314
-7.16984
-0.763262
-17.6417
9.93498
0.29102
-9.33003
2.50209
0.337364
3.01051
-2.58565
-30.7411
-1.86
0.846477
-0.818056
0.182662
3.34325
-0.192723
0.732579
-2.01756
-1.94485
1.15171
-1.34185
15.5773
-1.41335
-2.045
4.69985
0.779258
0.794357
-0.0770541
-1.82053
-0.221501
1.31538
22.3493
-0.890673
-2.87806
-0.0650382
3.50903
16.9301
2.4164
0.757365
-0.975213
0.652508
-0.772345
-1.90517
1.26437
1.62578
2.08835
-1.61449
-2.41856
0.434127
-0.743859
-3.53382
-2.73029
1.98062
-1.0039
0.442066
3.9709
-1.60267
0.78572
0.233645
-0.388618
-0.529478
-1.86219
0.705777
2.02097
3.82842
-1.80858
-1.56387
0.372842
0.365112
1.95648
19.9252
0.42083
5.22862
-3.30732
0.495384
0.217045
-0.344102
0.527178
0.652723
-4.44206
1.11757
-4.18483
0.327372
-1.84968
-0.42261
-2.80937
1.4559
-17.2644
0.735168
-0.38425
4.42974
2.67459
-0.367131
0.658722
-0.787668
-0.00118182
2.03463
-2.48119
0.564962
0.149979
0.114857
-0.372695
-11.1718
1.45542
0.0241288
-0.25304
0.409749
-7.65466
-0.621155
-0.510044
-0.832607
0.76359
1.53672
17.0581
0.281013
-6.01062
-6.18625
-4.27756
1.5378
-0.451205
-0.86891
0.893079
-1.24699
0.385822
0.185047
-0.686057
-0.843682
4.7804
0.247502
0.238682
78.1047
1.42853
1.10514
101.512
18.539
-59.7298
0.14172
26.4728
0.321765
-2.09268
1.66275
-1.56846
0.439041
-0.459433
0.254599
-1.23775
-0.523273
-1.76242
-0.332849
0.818523
-0.582967
0.0739001
0.992787
0.175619
2.21783
-6.08486
1.25069
-0.51611
1.39504
14.6908
-0.425312
-0.115776
-0.865682
-1.32578
4.00134
0.968694
-0.976306
-0.0891439
0.698044
0.200008
0.593429
-10.8126
8.9938
-2.23616
-0.108314
1.0032
-0.818321
-8.65097
-0.554281
0.729357
-2.67823
0.148294
-0.643882
0.907201
0.181378
1.46402
0.714163
-0.15818
-0.40311
-8.30118
0.0300884
-2.25456
-4.19566
-1.42285
-0.587945
1.45289
74.3303
-226.082
-1.5224
0.37128
-7.46144
-8.3983
0.523125
0.0544225
2.5975
2.17384
0.120814
5.53297
-1.04507
-0.84324
-0.239438
-0.243608
-0.490279
-10.1768
-1.32683
-7.71682
1.29189
1.89606
0.25948
1.7287
-0.536219
-2.219
-3.99229
6.74454
0.0897848
-2.11117
1.02038
-2.41778
-11.6162
3.86608
-0.169277
-1.03706
0.845536
-1.43687
-4.90929
0.302776
-0.610675
-8.99775
1.16065
1.4267
1.17731
-1.02401
-1.47709
-0.0514454
-0.930619
-1.4722
1.97999
-0.0792251
51.1304
0.259689
-0.923444
-1.31756
0.172958
2.54096
0.370464
-1.78685
2.33407
0.0219297
0.276834
-0.145557
0.624726
-0.241892
-1.22592
-4.26928
1.38488
-0.0526483
1.60256
-0.835807
-0.972708
331.137
-0.0545791
1.03928
-1.32256
-0.551547
0.899356
-1.04048
0.00995431
-0.252283
0.0926247
0.602749
-0.582271
1.54391
-0.381892
-0.716866
6.66979
-1.23397
0.407484
0.949019
-6.50311
12.206
2.57491
-0.716955
-4.38451
-4.8554
-0.324695
0.699506
-0.380497
-0.116694
0.709239
0.245772
5.17739
-0.580826
-1.03671
-0.143217
4.36292
-0.897476
0.518828
0.129937
1.19944
0.100921
-0.97976
0.271803
-0.567233
1.51881
0.575643
3.05992
0.2879
-0.0878812
1.56224
0.0708834
-2.24189
0.515813
5.22463
0.457619
-0.999315
-1.28273
4.13305
2.541
-0.343959
-2.38785
-7.41294
-0.834828
-13.0949
0.644422
-1.21827
0.886503
0.386907
-2.46352
-0.334709
-0.358055
-9.8177
1.23794
-0.480631
17.4571
0.13472
0.202866
0.520621
-1.69065
-1.24439
-1.18107
-0.269478
4.83767
2.35485
-1.24367
-0.259523
1.30137
-2.69407
-0.455224
-0.951042
0.71356
-0.633528
0.347288
-0.475362
0.629015
0.357627
0.908257
-0.752545
-1.09537
-0.0438753
3.9101
9.66759
-0.231948
7.04671
-3.72856
1.03187
-0.338713
0.640532
-1.17308
1.19455
0.292621
-0.123648
-10.5642
0.293637
-0.295161
-0.200868
1.32539
1.27503
-7.07024
-0.227692
-1.03364
-0.534569
-1.1898
1.7417
0.104335
-1.15941
-0.15551
1.48252
1.18807
-2.00852
-1.90499
-0.109389
-0.44398
0.406272
1.9967
0.690944
0.693298
0.360031
-6.79923
-3.81134
-0.552934
1.64773
1.61217
0.203452
0.560521
-0.283438
-28.8525
-0.265362
-0.719543
-0.00741994
0.823808
-1.66951
0.10468
1.15848
0.569771
0.792646
0.437004
-5.28963
-0.0187748
-0.916301
1.11533
0.322368
0.0647078
-7.00609
-2.70841
2.23102
3.16661
-1.82415
1.65299
-0.298976
0.263108
-1.26521
-5.45647
1.46251
-0.968887
1.31106
-0.674731
-0.221462
-3.43212
1.74894
1.24891
25.555
-1.6859
8.82688
-2.16595
-0.671758
4.55732
-1.1802
-0.180975
-4.1169
0.0847777
0.350422
0.818194
3.854
0.613261
0.16382
1.26999
-0.409587
-0.179732
51.2559
0.905098
0.814938
1.01198
6.49867
0.37012
0.473641
0.320096
-2.33547
-1.22246
-0.180124
0.78494
-5.42188
0.0919831
-0.104081
-13.6139
-1.06331
0.937847
-0.348649
2.60046
1.4016
0.195838
-27.8137
-0.21519
9.46071
0.153784
-13.8398
1.9923
0.150183
0.0170524
-0.163725
1.11952
1.09462
5.20459
18.9078
1.66631
1.69859
-0.266688
-0.00368019
0.0759566
0.815421
0.919782
0.641774
-0.527938
0.816993
-0.566333
0.79341
5.35418
1.23174
1.29854
1.28033
-1.67965
-1.45291
0.4486
0.549566
-0.140955
5.4219
-0.441405
0.814995
-3.09546
-1.60814
-1.56466
-2.38091
-0.447538
0.20368
-0.868442
3.7773
1.61235
-0.715353
-0.109605
0.190733
-2.40739
0.102381
-0.0938238
0.0311776
6.17762
2.24091
0.452943
3.03319
-1.03424
-1.37397
-0.0644987
19.7347
3.34184
-1.29361
-0.653588
0.783955
3.48297
-1.85942
-4.22531
1.23348
-3.66758
-0.302428
-1.43135
-16.7863
-0.107646
0.546562
3.14889
-0.26988
-4.33068
0.130005
-1.3753
-1.58478
-0.88537
0.881729
4.13555
0.399783
-1.22896
3.04011
0.124939
-3.04461
0.601651
0.582845
-1.42223
2.65506
1.46846
2.60092
7.73218
2.01346
-3.14772
-2.74629
32.4472
-0.101213
-1.30644
7.01378
0.240448
0.590794
0.365281
0.553997
5.78677
1.25683
191.449
9.29789
-4.65496
0.0938647
2.2783
22.9833
0.2185
0.368858
1.15872
2.60369
-4.60173
-0.272827
-2.79804
-1.82832
2.74707
226.494
-0.33909
0.461294
-3.21114
-0.861206
0.364804
75.2373
-1.00337
-15.2185
1.15119
-0.839214
-1.09083
-0.750055
-0.637623
0.775734
-0.0911725
-0.948664
0.713255
-1.39059
-2.42384
0.401239
-4.00504
2.9477
-1.41605
-0.777268
0.333993
-2.74254
-0.152565
0.112821
0.830823
2.79308
0.538239
-0.119953
1.72731
3.64164
-1.77363
-3.49144
-8.72472
-0.411541
0.852884
2.73372
30.6497
-0.527061
3.78294
-2.25471
1.43975
0.334859
0.769815
-0.98861
-1.09626
-3.24997
-0.292063
-1.33197
-1.43469
-1.41448
-3.10044
49.4764
0.797846
1.77723
-15.6793
-10.2666
0.148082
2.84299
1.87247
-0.285044
-3.83528
-4.19315
12.9121
-2.06487
-1.10093
-0.100346
0.88745
-3.18113
-1.70339
-0.548319
0.0827869
-3.14726
-0.598272
3.91451
0.0700603
1.82807
0.53981
0.747664
-1.40285
1.12382
-1.26903
-1.82431
1.09965
-3.70335
0.895146
-1.00943
0.0879264
0.513447
-3.51154
0.166748
-1.51726
3.98304
0.257012
2.06203
-0.979824
0.0521002
-0.877222
10.54
-82.6004
-8.24754
5.24061
1.24364
0.153226
0.35112
-0.639685
0.183801
-0.905222
-1.07245
-19.2799
-1.41059
0.652934
-0.669542
6.83257
0.0272623
0.903609
-0.418539
0.0508444
-1.47307
5.17794
-1.37245
3.25043
-0.620122
-0.463439
-0.22435
8.80777
-0.199037
1.15268
-0.918044
6.83573
-0.0379536
0.627003
-0.832422
11.7077
0.0616033
-0.286794
-0.00803063
-0.680519
0.452727
7.72981
-0.481954
0.805564
1.82066
-1.93755
-0.585031
-0.122041
1.19858
-11.7183
-0.284502
-0.634212
1.96408
-0.46406
-0.575859
0.0887171
-0.428662
4.67099
-1.80119
-2.63793
1.10344
1.40089
-2.00918
-1.57068
1.95042
-0.274712
0.305544
0.4687
-4.95959
-5.81228
-12.8325
-0.422221
-51.2056
-0.0149318
0.216628
-0.125918
1.09079
-5.56822
-1.80947
7.41312
-0.00258327
-8.11694
0.522918
8.60538
1.03674
-0.068836
-4.35006
-0.701747
-0.20393
1.37525
0.750628
-0.30963
187.895
1.61922
-0.45371
0.0107682
-5.17787
1.97367
1.24149
-0.859605
1.00472
-0.146293
0.491243
-9.21129
-12.747
0.237454
0.774581
0.763256
-0.417071
1.61231
12.2615
32.2732
0.774321
2.38891
13.1774
-0.729284
0.264837
-0.546537
-1.08531
2.87431
-0.406014
-0.31367
0.801871
-0.69786
10.0419
-4.09
-2.90773
0.587883
-0.971748
-0.0537629
0.0308025
2.18146
-2.77425
0.413852
5.64537
-0.515857
0.25397
-3.2069
1.24635
-0.00905289
-0.191731
1.58736
-0.378746
12.7456
-0.851192
0.38507
0.738054
-4.5636
-5.58626
1.16165
0.917046
0.12511
-1.72987
-1.76155
2.9621
-0.865796
-1.30336
-0.00339423
-1.12681
0.44327
0.476623
-2.43642
0.833337
0.721595
1.12239
17.6909
2.88665
-0.704062
-0.062853
2.34851
2.94132
1.37706
-0.177866
-3.08126
7.03856
-0.520097
2.24388
0.325958
-0.51463
0.481712
1.0618
1.77729
-1.56466
0.697041
-0.200133
0.240793
-0.75949
3.11947
-3.38847
0.344228
0.186222
-3.35632
-3.14294
0.0868471
-2.2957
11.6616
8.74832
-7.89388
-1.01259
-23.9926
5.21184
0.00223767
-0.207957
5.56681
2.32922
3.20384
-0.253994
-0.267077
0.191966
-246.682
0.881696
2.27079
-0.744718
0.216242
-0.80751
0.633535
0.280882
-2.74327
1.37743
-42.2309
10.6071
-2.60463
1.25571
1.96166
-1.3564
-0.464227
303.604
-1.48792
2.84101
1.55015
-0.930882
-0.758189
-0.531423
0.22481
1.00413
-1.62007
-2.51891
-3.24259
0.273575
1.74327
-0.804142
1.23473
-2.18226
0.149499
1.53005
0.644612
-0.477097
1.80891
0.0856207
-13.251
-0.653338
-0.425777
27.1027
-0.929318
1.02886
0.416879
0.701277
-0.478048
0.835044
-0.801915
-1.33039
-0.742268
-1.73295
-0.316696
-1.07052
0.56523
-0.877717
-0.476257
4.575
0.122153
0.0591277
0.0695633
-0.533005
-1.24974
0.212976
-1.66649
0.0755378
-0.600137
0.938877
-0.0611898
2.46081
0.0774615
-1.27066
-0.878266
1.51171
-0.824193
-0.277487
-0.416186
4.79732
-2.91925
0.650349
0.373637
2.07462
-0.815015
0.651798
6.75969
-0.550324
2.45491
-10.8155
0.515035
-0.00408356
0.0786539
-1.59041
1.34831
-0.422177
0.236303
6.85551
0.718746
-1.05212
-4.16988
-4.85453
1.18472
2.30401
-21.711
0.0692899
0.16117
0.89615
-1.55295
0.328995
1.17172
-0.128804
-1.82251
-7.91225
-64.1402
1.09011
-0.939135
-1.52232
-0.203897
0.199892
-1.25569
-0.0565986
-11.2722
1.73527
-0.277249
0.0490717
0.636466
1.95875
-0.0621959
1.6329
-0.655954
3.03843
-2.61908
-3.5977
-1.76964
-0.847176
0.152601
-0.620962
5.74218
-8.68238
-2.57448
-1.20485
0.199618
0.533426
0.791801
-0.371069
0.751111
1.61349
-0.231054
0.469278
1.77868
-0.455573
-3.23224
7.17221
-0.47681
1.33698
0.373923
-0.724858
-16.7966
0.184406
-3.84124
-1.37609
-3.5266
-0.278651
2.03888
-14.4441
0.696172
-8.2478
-0.420942
-2.54952
1.68461
-20.6921
4.47705
-0.0748492
0.13488
0.0574037
0.136656
30.6599
-4.85241
0.560652
0.657404
-0.0208272
2.73795
0.0717148
3.39408
-0.947497
-0.998445
-0.237388
6.26362
0.128261
0.496879
-0.77695
0.31935
-2.65637
0.833466
-1.00965
0.735463
0.978609
2.21503
-0.171767
0.212483
-0.454211
-0.767151
-1.17778
-10.237
-0.684555
-0.644054
-3.6348
0.411624
-1.29596
0.578959
-1.75443
0.79151
-1.76362
-0.833313
9.48018
-0.0801682
-5.75052
-0.00399201
1.4135
-2.21343
4.70815
-0.955586
2.30056
0.0552025
0.690832
-0.560883
5.19542
0.846264
-0.92115
11.3264
0.408288
-1.19817
1.0346
2.97831
0.284379
2.77061
0.589203
-0.34212
-1.53467
4.19249
-1.04487
-1.21153
0.67214
-0.0397678
-6.08583
-0.249735
0.863546
-0.62231
1.90516
0.255787
-0.851794
-82.5194
-0.565225
0.840101
-0.88814
0.0419303
0.737862
-1.375
-0.280824
0.570486
-0.153252
0.886146
-1.08244
1.60712
-7.70566
122.028
-0.626776
-0.204995
-14.569
49.8356
49.6207
-4.03511
3.86795
-0.940831
-5.08218
11.9071
-0.280699
0.872211
-1.94555
1.71292
-4.60272
1.27395
-4.25527
1.48118
-3.75457
-2.12823
0.417131
2.32695
0.593802
-2.13842
0.20078
-0.659301
1.30602
-0.147953
-5.68169
0.301364
-0.0859588
0.13977
1.37885
0.231551
1.42866
-0.321226
0.806474
1.57094
-0.0749783
-0.959894
-0.463903
-0.575247
-6.80625
0.0990128
1.4569
4.25213
-0.38967
2.25235
1.61094
0.56951
0.837403
-2.23897
-1.08184
0.00604094
-2.13778
-1.6017
4.7881
2.14632
-7.90892
-0.897508
-0.0253687
-0.328956
-34.8445
1.4552
0.324677
-0.365027
1.18557
-1.01292
-0.163055
0.047514
0.945193
0.395189
2.6693
-0.653794
1.14324
4.16578
1.92277
0.169182
0.0836391
2.40016
0.0781959
23.2027
-0.349919
18.0068
-0.559232
-0.411223
-6.7609
-1.14433
2.18519
6.36426
13.447
-0.950316
-3.12699
0.153038
0.395783
-2.88623
-0.428432
0.632821
-1.53151
-2.52468
-0.694004
14.4797
-0.2484
-0.474901
0.766396
-4.54417
0.123966
0.498135
1.33772
6.35892
2.56396
0.470037
2.03328
1.20544
0.485414
-5.92054
0.205452
0.923305
0.788175
1.5281
-1.37376
2.26864
-0.177755
6.30786
14.2479
-0.198529
-0.667256
-6.26516
3.63343
0.376338
-1.96079
-0.682662
0.151562
-1.29184
-0.304843
0.436118
0.991118
-1.13717
-0.0872885
4.67577
0.365239
0.828466
0.354904
-2.56378
-0.712334
-0.958076
-2.47904
2.47997
0.00824665
4.65142
4.47267
-8.28848
-0.726955
-8.99671
-0.186563
-0.105332
0.806521
-1.09671
-1.57727
-0.978911
1.77414
-0.0340193
-3.17346
-1.64072
17.3727
-0.445164
-1.52525
-0.085721
-0.376308
0.502815
-0.163781
-2.34701
-0.0234562
-1.57466
-4.51056
0.715196
0.976015
3.82145
-7.38814
0.198093
-7.59574
0.0985005
1.51806
1.20195
2.10489
2.40559
-0.237196
-0.451177
0.258238
1.09018
-0.203351
-2.20064
-3.62566
-0.488255
0.659917
-0.275597
4.02629
-3.34108
-0.526221
0.136959
6.33708
-1.03314
0.625751
25.5741
3.98142
-0.564157
1.12669
-2121.36
0.139326
1.27372
0.15592
1.41878
-1.75743
-0.31476
-1.13615
-3.4638
-1.34083
-0.587553
-3.12997
1.13423
-0.55014
-0.658162
8.00503
0.552819
-1.22448
-1.10651
-0.196347
0.872889
-1.718
1.36432
1.15262
0.460024
-0.290937
19.0766
1.64198
6.64211
-1.93791
11.8623
0.0519896
-6.37833
3.70546
-0.359315
0.0992321
0.243929
4.54693
1.14936
0.623331
0.112056
1.11178
1.00352
1.56414
2.32818
17.5298
-0.907059
0.324119
-0.870354
-3.95027
0.802639
-0.158936
-5.78543
1.29792
-7.23495
16.7834
-1.49107
-4.24745
-0.914717
1.02035
-0.610264
-0.880666
0.398637
-0.592376
1.58237
-5.70724
2.20093
1.53975
4.5422
-5.28477
-0.265876
0.0420554
-1.53542
-3.07901
0.113919
0.0904181
-0.347746
-0.200651
-0.127011
-3.8531
1.19537
0.475111
0.927676
-8.09192
0.336545
0.895742
-4.30724
-0.630981
0.842456
-5.12188
-1.07633
-4.51896
1.76603
0.621543
0.993117
-0.105841
82.9911
-0.71957
-0.147598
-44.369
0.58018
1.85932
-0.685419
-6.17967
-2.79619
-3.34936
-2.2775
-0.200563
1.29317
-6.5775
0.667479
-0.0965269
-0.430312
0.238477
0.928237
0.361827
5.99047
-0.131975
0.161204
-2.24976
-1.2323
0.305159
1.73036
0.0579145
1.58524
0.831108
-1.26821
1.02635
0.31916
7.06852
0.213766
-0.633837
-3.38947
-3.24026
3.25113
-1.61652
-9.53278
17.8628
-14.2743
0.176963
-2.76564
2.80605
-3.32332
1.48687
-1.26799
-0.554811
-4.03907
-4.48972
-0.619998
0.466915
1.79871
-1.61984
1.0015
0.551368
2.45898
-4.11803
0.193601
-0.583206
0.345667
-0.744803
-0.0141166
0.259093
1.0165
5.39282
1.6477
0.476876
1.21515
-2.14859
0.68826
-4.44512
11.7522
0.038849
2.91538
-0.199475
-0.621334
3.29304
-9.30299
1.52042
0.36166
0.940351
3.77142
-0.404447
-0.592762
-2.68573
1.36236
-0.709354
0.244488
2.95936
-1.57514
1.10765
-2.27958
0.271663
-1.43184
-1.00712
-0.39819
8.17552
-6.62814
1.20292
0.801239
-0.954859
0.309594
-0.351482
0.89541
-16.5446
2.3997
-4.66237
0.439069
-1.47748
-0.363604
0.637921
0.13234
0.88801
-0.00424831
-0.387666
0.260681
-0.721141
-0.425829
-0.182843
-0.77537
16.8566
-2.23274
-0.019725
-1.13507
0.545252
-0.00427316
1.19536
0.15694
-0.395694
-1.43424
15.2943
-4.67131
-0.00368393
-0.948847
-0.829288
0.594666
0.596157
0.612468
2.74317
-1.58548
1.06352
-0.0460205
1.54838
0.837799
-0.156339
0.624432
1.94889
-0.16273
0.390311
2.35683
-0.703094
0.313323
0.31986
0.731582
-0.76335
0.375218
-2.29455
183.573
-2.73868
73.6858
8.91359
-0.297078
1.40332
-0.650703
-0.498547
-2.42443
-2.1125
-2.49713
-2.89349
2.87675
0.194359
-0.571823
-1.84991
0.195998
0.64256
-68.4329
-0.27242
0.118949
0.395943
-0.240074
2.82169
-0.835496
0.443426
-1.9395
1.53899
0.301416
-1.10878
1.36545
0.534006
-2.60952
-23.9936
-0.503171
1.75939
-0.134836
-1.15332
-1.20414
-0.15559
-0.658262
-5.35185
0.262309
2.55623
4.41135
0.111707
-0.119037
0.73933
1.86559
6.25941
1.06188
1.61294
0.73991
0.405675
3.93269
0.750007
0.385666
0.878541
1.09505
1.01618
-2.22904
-0.218824
-2.94656
0.484283
30.6582
0.067636
0.914518
0.622721
-3.13315
-3.11631
1.04231
-0.864015
-0.456082
0.458136
-0.808637
1.14031
1.57142
-3.13773
-0.980047
-0.565428
10.2055
0.463684
1.07036
0.098038
-0.590646
-1.60604
0.00558853
-0.234083
-0.484068
3.79886
-2.02843
-1.04466
-0.753134
0.31552
-0.487176
0.227151
-2.5214
0.446556
-6.64327
2.03467
-1.57492
2.20904
0.277583
-0.436622
2.82387
-0.585733
-0.220443
0.875719
0.633471
0.555493
-0.0874439
1.49162
-18.7328
-5.80292
0.236076
0.860466
0.664141
-0.097288
1.17754
-0.794553
-0.0484433
6.61104
68.094
-4.18664
-0.670507
0.83041
2.55533
2.13806
-3.12699
2.37797
-1.04561
0.764047
0.193973
-2.02462
-1.27379
-0.637616
1.15414
1.24758
-2.78208
-0.936202
0.164153
-2.3264
-1.95967
-0.25974
-1.02053
-1.95835
-1.05157
-36.0083
-0.22094
-0.475507
0.872196
-3.84299
-0.912718
3.16415
-0.0723497
-1.47316
0.26558
0.159751
0.787606
-0.698036
-0.794691
-0.923392
0.0988959
-0.871896
2.89555
-0.102702
0.00687235
-0.089367
-5.54054
-1.71381
2.27476
45.9835
0.993789
0.0911602
2.44593
1.457
-1.71347
1.58962
-0.26534
6.13321
-0.842769
-0.892552
-0.0158515
-0.00217878
-4.51226
-1.83264
1.57698
-0.781168
-2.66387
0.229918
-0.396144
-1.63767
-1.44378
-13.6784
-4.10998
-0.400714
0.179746
0.803002
1.7761
-1.34707
0.672843
-0.566959
-0.232354
2.33629
-0.404327
0.774874
0.749133
-1.27165
-3.58462
-0.222505
1.14331
-0.186723
-957.287
10.164
0.00199711
-1.85268
-1.82637
-6.69008
2.20923
-0.432228
-1.24409
-0.0884458
27.8731
0.14156
-2.32076
8.82132
3.60208
-0.379604
-1.2334
0.0412385
-0.413909
-9.6667
-0.46526
-1.58617
1.63958
-0.442984
0.161671
1.10129
-0.100342
-0.873942
-1.5139
-1.0597
-0.747909
-1.7719
-4.66612
11.6632
0.552603
-0.560716
-0.892458
0.235403
-0.667052
-0.57867
2.13152
-0.264922
4.92222
0.52885
-2.69285
2.13074
-0.00530525
2.40913
1.68944
0.362583
2.75761
-0.248254
9.42476
-0.320304
1.22806
-0.866885
-2.26439
0.25806
0.350483
-0.83778
4.07848
-0.357476
-0.391297
0.858579
1.81216
0.380283
-2.36066
-1.08489
-0.838248
2.15912
0.0541335
-0.235632
0.125426
-0.947657
-1.34512
-0.348761
-1.00507
0.400077
-0.0119221
-3.54043
0.361938
-0.835145
-0.167558
0.0074934
-7.39215
-0.532192
0.268057
-0.234972
0.726135
-0.589657
-0.233124
0.30017
0.779149
-0.261802
-0.252852
1.12834
-0.115248
0.645159
-6.02002
1.47403
-0.376611
2.5776
0.816453
1.21106
16.9912
1.34797
-3.92077
-18.9764
2.20982
0.882803
-0.0762172
-0.105249
-0.352114
1.4372
0.0475839
-6.71376
-6.46571
0.742251
3.33341
5.16089
-3.14788
-0.455189
0.755936
150.456
-2.5253
0.889148
-5.79918
-0.402879
7.97231
-1.3062
0.0878123
-0.882836
-6.78239
0.421995
7.05991
0.983561
0.645552
24.9527
6.32727
2.93081
-0.309212
-0.330423
0.223686
-4.0143
2.60316
-0.0747825
-0.736689
-0.393037
-1.1524
3.60614
-2.10036
0.700204
-1.02148
4.46997
-3.17629
-0.189912
-6.38558
0.682348
2.53311
-0.538134
0.786317
0.120545
-0.465364
-14.1741
-0.738856
-0.475368
5.41107
6.47461
-0.574644
0.598742
0.294692
-0.422329
-0.683033
0.820914
1.26085
-2.68348
-105.119
-23.5576
33.3107
0.612241
-5.94666
-107.41
2.22784
-0.29059
-2.12285
1.0105
0.575541
1.17709
-0.0835216
-23.0113
0.84054
3.02167
-0.856756
-8.93391
0.612922
-15.6139
0.718229
0.550103
-0.289048
0.241054
-3.05358
-7.9173
3.62351
-0.829306
0.0975993
-0.946512
0.447668
1.34331
0.293012
-0.290251
-1.92207
-1.95391
2.65991
-3.27914
-0.0320064
-0.0606986
-1.32121
0.19966
-0.306038
0.232184
1.2856
2.09395
0.624869
-1.24922
-0.206814
0.44587
-1.16423
-1.02942
0.629165
20.4894
1.02182
-2.43415
0.869557
-0.997662
0.253542
2.18456
-2.05047
0.987599
-0.806218
6.21513
-0.623083
0.764896
1.38148
2.04155
1.27537
0.0667268
-0.877437
-10.7484
0.129323
-0.817443
-0.661678
0.841406
-19.8509
1.15219
0.706421
2.02923
0.666175
-0.629842
0.704607
-4.09157
0.360467
-4.88281
7.23305
1.96126
-1.02674
-0.752125
0.88683
1.06917
18.5506
-0.148574
0.184537
-0.410415
0.103656
0.384374
-1.33274
0.353227
-6.14321
-0.739379
0.400106
-31.8908
-0.505417
-3.71441
-1.68245
-1.26492
22.2143
0.622622
0.743211
-0.132446
-0.26625
-2.41345
-7.95305
-2.40677
-0.921046
1.16052
0.881631
0.888781
-4.19985
-3.80954
-1.78569
-0.31783
-2.11973
-1.49622
-0.010829
-1.47026
-16.662
-0.351528
-2.17795
3.26784
1.5844
1.68242
-0.330546
-0.836727
0.614098
-7.55352
1.21368
2.66152
-1.07418
1.45693
-0.465554
-0.916548
-1.56519
-0.125263
4.94055
-4.96354
-7.5839
-1.13268
1.74528
-23.2081
0.314691
-41.8389
55.547
2.48394
1.02568
83.1271
-2.34339
0.738621
-3.24941
-0.260423
-0.514519
-0.706366
-0.430543
6.95737
1.05906
0.083347
-1.0655
1.04002
5.72506
-3.61847
0.835711
-0.339683
-8.03487
0.510539
-0.660189
0.0365897
-2.90782
-0.55894
-1.13939
0.900314
-14.8345
-0.0599574
-0.256135
-2.28554
5.18618
-0.29193
0.321733
0.621487
-0.364401
-1.41727
-2.13387
6.94253
-1.22605
-0.227498
-0.669864
-86.0613
0.413725
0.134858
-0.395798
-0.0551173
0.0656736
5.80386
-18.9348
-1.16431
-2.6585
1.93197
-1.46168
7.645
1.28114
1.84304
-2.2456
0.166557
-4.41327
7.73153
-1.98102
0.470396
0.359336
7.55742
44.2933
-1.90271
-0.857663
-3.06487
5.25963
1.27144
2.85254
-0.0820309
0.448154
-2.10184
-0.285355
0.341639
3.82987
-2.23711
16.5988
-0.401788
-0.557941
8.51182
-11.5698
-0.417426
-9.30933
1.94449
-0.356815
5.96164
-19.7403
1.09303
-1.3495
13.0254
-0.424351
-1.08321
0.468181
-0.269136
5.07291
-0.261107
-1.73882
2.06383
-0.120836
-3.14754
0.0115024
-6.34958
0.851557
-0.205971
-3.62856
-0.622317
0.971103
-0.346874
-6.2581
0.633858
-871.938
2.0378
0.0653463
0.0829262
0.475074
0.365832
-0.358098
2.3374
1.05209
0.653111
-1.24982
-2.30112
-0.261922
0.602547
0.0391551
0.616375
2.30848
-0.515749
0.113369
20.1075
0.177058
-0.445478
4.07405
-2.28998
-2.55262
-0.483107
0.152311
-1.29617
-0.855467
-1.03921
-29.6569
2.58468
1.59157
0.418055
0.872115
1.22825
1.01759
-1.02049
0.862146
-0.062879
6.26332
0.33774
0.803922
-0.434537
1.38833
-0.60008
1.40689
-0.372793
-0.114764
2.59577
-0.83165
-14.4118
-4.61079
6.50575
-6.373
-1.08178
-0.097869
-0.138213
-1.08358
0.0555681
1.22639
0.0483404
-2.43329
0.895131
-0.220172
-1.69669
0.702323
-3.2262
-2.36981
1.37097
3.54711
2.77247
-2.90357
-0.861873
-0.109577
-0.126566
-0.521127
0.35439
-1.25254
-1.37206
-1.27663
23.2491
1.20225
-1.15309
-2.31162
2.63557
-4.37132
-0.939046
0.195926
-0.528444
6.06655
-0.473684
-0.122479
-3.69658
2.04097
-1.41048
-0.86361
1.19707
-0.345289
-1.46789
-0.662654
0.0730679
0.653806
-3.37467
-0.860504
-0.273934
1.51103
-2.05883
-3.07632
0.161788
2.00785
0.0285635
-0.8954
-1.34474
0.926704
-116.79
0.15849
1.14833
0.716964
0.257074
-1.96291
-24.4092
-0.419008
-1.6233
-11.8504
-0.0935816
-0.261995
-0.409736
-1.14413
-1.38231
-0.119065
2.67695
0.724437
-2.74953
0.205996
0.0819045
0.207876
-0.0492985
-0.515497
-4.0118
-0.144531
-0.382742
-3.04199
-1.14731
-0.821849
0.778884
-0.724758
1.97442
3.31986
-1.0433
-1.88682
4.92572
-1.73599
61.3616
-2.569
1.01717
2.95117
0.467751
2.33688
8.13202
-0.153341
-1.21403
-0.401807
0.819369
0.581726
2.16096
-1.87411
44.6114
0.109209
-1.3596
0.393544
-0.565247
0.468913
0.689528
0.769833
1.91277
-1.72771
1.51505
-0.467373
-2.49892
-0.900829
-1.50075
-1.66359
0.332569
-0.0654641
5.03581
0.0274593
-13.6093
1.48698
2.18481
2.54657
-1.56613
-0.309469
-0.612609
-0.577893
0.110093
-0.0430675
0.150042
-5.26763
-2.61911
-0.853652
-0.299776
-16.8425
-0.196523
-0.233439
2.34142
-1.66642
32.9774
2.65755
-1.15434
-6.98357
-1.1312
-1.59276
2.50082
0.537732
3.4726
8.78836
-0.458081
1.16738
-0.541915
0.0928434
-2.70258
-0.609108
7.39715
-2.18136
1.89149
-0.560719
0.311614
1.21376
-0.457972
-118.405
0.932825
-3.3917
0.0703472
-2.03965
-0.84157
1.51784
0.330488
-1.38755
2.45678
0.0303696
-0.41942
-0.470445
-0.56713
0.134389
-0.475535
0.592348
-0.819824
1.99496
0.440626
-3.64027
0.310224
-1.35682
3.18955
10.2834
-5.36466
1.98062
0.0396818
-0.994855
-0.402056
-0.0934697
0.299106
0.812184
0.167671
0.884493
-0.491229
-1.42081
0.496193
2.68947
0.281795
0.071366
2.85328
1.5049
1.36718
1.76193
1.02955
-2.52152
-6.89212
2.83642
-0.768544
-0.24519
-1.45467
-1.29578
-8.60774
0.898009
0.0351292
1.15752
2.61664
11.0241
-2.33965
-0.719218
3.10848
-0.105156
1.07694
-0.453948
2.40978
1.88206
0.629231
0.554847
-0.824124
0.745682
1.47853
-2.86258
2.07231
-0.897344
1.3422
-2.39563
1.08711
0.516979
-11.3566
22.2859
0.237705
0.50508
1.00808
-0.461332
-3.36158
-1.89752
7.6242
68.8992
-0.121432
-0.155446
0.147836
-1.57854
-0.747807
-0.622122
1.11569
-0.438801
-0.684833
0.316033
-0.0496783
-1.48227
-0.0299156
0.256207
0.273574
-8.36654
-1.42742
-1.20753
-1.2596
3.53447
-0.133688
1.01085
52.4409
0.533655
0.766564
0.761751
-1.98596
0.812121
-1.22437
-0.805939
-0.239989
-0.784082
0.868459
-0.548068
-1.63476
0.0558292
-2.34407
3.72218
2.62508
-0.398748
0.0618132
-1.6279
-0.239905
-1.4058
1.94594
-0.284919
-0.454769
4.57063
-0.615596
-1.69379
0.208835
-2.07851
9.93201
-1.29643
6.20001
0.0801719
-1.08672
0.582234
1.00826
-0.697969
-0.834482
0.981251
0.297206
8.89465
0.496743
-0.122976
-1.45046
6.71938
1.66597
-2.47029
3.6357
-0.972678
0.803099
-9.28926
-3.80457
0.76373
0.267563
0.109808
4.17791
1.41625
0.961447
0.862635
0.237336
-5.56977
-0.0538968
-3.98472
-1.30464
-1.15259
-1.10853
-1.44245
-0.00692656
0.611097
0.763034
1.32702
-1.30253
-1.98903
0.0536575
0.866835
2.52118
0.272887
-1.75615
-0.0780359
-0.125498
0.352691
-1.67944
-1.4293
-2.57001
2.28671
1.59503
0.0852402
-1.23156
-62.6883
-0.290649
-0.439115
-0.949055
-1.345
0.154101
0.702791
-2.71072
-9.95466
1.68682
1.67081
0.786746
0.215932
1.21087
1.11156
-1.68534
0.285289
-1.03581
-0.166144
-2.0005
0.557897
-1.93648
-1.53078
-0.0501725
-1.33515
-1.27068
-0.379597
0.964377
-0.226294
-2.39395
-1.36435
-0.443302
1.85807
0.0542674
16.3661
-1.41191
-0.267061
-0.628056
-2.67015
-0.231847
1.43387
-3.12629
-1.07898
6.59333
0.00749583
-0.327594
0.819251
4.57946
-0.483209
0.692699
-0.527058
0.207191
-18.4726
0.818853
2.90168
4.85305
-0.660939
0.772669
-1.10108
-2.40127
-1.02716
1.16121
-1.34961
3.40848
-1.40128
-0.0183099
4.31852
-0.363392
0.608398
0.164892
0.570957
-0.12651
-1.88069
-9.55519
3.18946
-1.21246
0.163947
-0.571475
-85.9028
-0.129043
0.461025
-0.142689
-0.232557
0.556188
-3.49725
0.167859
0.191036
-3.17359
-0.361455
-0.138228
1.71877
-4.93879
-0.250589
0.818861
-2.33657
-13.0324
-0.936239
6.24368
0.965645
-0.25609
0.0895716
0.385134
0.68054
0.114979
-10.7019
-0.991639
7.75246
0.503491
0.0222737
0.661255
0.0953729
0.69343
0.365732
3.29902
0.265682
0.0195939
2.10215
0.0460883
-0.324803
0.120627
1.35501
0.448999
1.53759
-1.40088
-1.97212
-0.472783
-0.61518
0.0810974
0.0935819
0.300075
-2.24646
-1.24991
9.74669
0.540986
0.403177
7.56395
3.32672
-0.659588
-0.684851
-2.10856
0.8945
-4.55332
-2.1008
-2.9113
0.882039
-0.13612
1.25981
-0.171038
3.87193
-0.483564
2.3428
1.48905
-0.258187
-0.839425
-0.454564
-4.44551
-1.66129
-1.99593
-0.54087
-1.69652
-23.2623
2.08791
0.561784
0.784573
2.7361
0.0173884
0.384219
-0.122415
-4.69863
0.403968
4.14561
0.595685
0.331882
0.0592059
-8.72803
22.2597
-0.238063
0.239899
0.0923684
-1.09301
-1.08959
-0.251235
1.84458
-0.490898
0.944216
27.0105
-0.883103
-1.75976
1.87656
-0.0882908
1.75644
0.264206
7.03028
1.3931
-2.71152
2.07053
2.14226
8.58627
2.88317
-1.39201
-0.268154
-0.694661
0.322
0.486257
2.62206
5.71943
0.525842
-0.735711
3.949
-0.513306
0.509968
0.127965
2.41874
-0.741247
-2.51768
0.884219
-2.13065
6.82895
2.16885
-0.357824
0.937485
4.83104
-2.42805
0.872296
-1.31979
1.1625
-0.747926
-1.51043
5.51626
-0.277468
4.79527
1.72273
-0.237193
-0.947521
0.833518
-0.445516
-1.00836
-0.80243
1.08503
-0.0368266
-2.91711
-60.1289
0.126285
1.3645
0.405081
-5.88553
-192.723
1.39236
-3.61743
0.558609
0.451528
3.53348
15.7994
0.494699
-0.669782
0.81108
0.121847
-17.9928
2.48636
1.25127
1.82148
0.0535165
-0.57326
1.67348
-3.18978
17.081
0.798266
3.79543
-2.97055
5.52675
-0.248319
0.0635994
0.258946
1.3805
65.1752
-0.551797
-0.0951272
-0.781673
1.19734
-0.528381
-0.539522
1.40182
-1.9246
9.35483
-1.44793
1.79084
1.2251
-2.12813
-4.329
-1.02856
-0.334636
1.18537
0.139319
0.67725
-2.93908
-3.21204
0.570515
-0.00941091
6.46172
-0.197059
-186.799
4.31981
8.3041
0.193629
0.168073
-0.340985
-2.47961
0.736231
-0.252743
0.229104
2.48327
-10.3597
1.5272
9.09524
-183.096
1.35919
1.32334
1.51493
-2.57566
-0.655272
-0.34403
5.5111
19.322
-0.650873
0.995673
0.338232
0.539664
50.0096
-0.0984381
-3.66213
0.146282
-0.994783
-5.00101
5.14406
-0.770876
2.68025
-1.09594
9.39966
-0.413474
8.52387
-0.857697
0.292675
11.2673
-0.196359
-3.85833
-41.8187
-0.0301313
-1.71482
1.5213
-1.14201
0.759897
0.848336
1.1607
-2.1692
-0.301803
0.230512
2.71804
0.972702
-0.800155
0.254899
0.381392
1.75628
1.54343
-0.425721
-0.152817
1.78263
2.18272
6.23393
0.280473
0.294597
-1.04501
0.0907244
-0.0836144
-1.02412
2.61268
0.160418
0.357591
1.80484
-1.50243
0.246097
-5.4734
-0.472658
2.74898
-3.61284
-0.647313
2.72508
1.10343
-0.655393
0.0628971
0.885156
0.16567
1.70213
0.478407
-1.87186
0.427358
0.591475
1.33357
-1.1193
-0.70887
1.14761
-0.797872
-1.76532
-1.38545
-40.8023
1.52538
24.4505
3.77204
0.234659
-12.4512
-2.86224
-1.35077
0.119046
2.57238
-1.1368
0.42476
-0.909524
-0.690193
-2.70604
2.2243
0.506386
13.8476
1.83156
0.672045
1.07696
1.07432
-2.60685
0.388817
2.41328
0.0172988
-0.618643
-2.33148
-5.93638
-1.52554
-0.662913
1.14271
0.509154
-1.60644
0.465908
-0.954487
0.170282
0.261804
-0.584311
0.196274
-1.72967
4.40513
-1.69568
-4.16576
-0.291984
-1.41077
-0.264177
-0.790874
0.359323
0.709641
1.04911
-1.04371
2.10871
-77.4234
-1.40212
-0.061588
13.6246
-0.186448
2.5346
-0.348977
0.46736
-0.126421
-2.27044
-0.0611352
0.276336
-4.01086
0.104723
-29.3081
0.413673
0.208551
0.424518
-2.13186
0.299845
0.502376
1.9345
0.327793
0.697052
-0.871721
-0.0684111
-0.0516844
2.72989
0.192514
0.0590143
0.402782
0.990012
-2.91991
-1.97978
0.734093
-4.73791
-0.343171
1.38727
0.344076
-0.229162
0.770913
0.643316
1.04764
-0.21535
0.38043
-0.3231
-0.579057
-2.29666
0.296347
-0.903474
-1.58189
-19.2482
-0.771645
0.517315
-0.319073
-0.60069
10.2372
1.57798
0.70286
-0.311346
-1.45295
1.16229
-0.497246
-0.534134
-0.495682
-0.349574
0.234654
0.929983
-1.63499
70.4735
-0.587965
-5.19637
5.3499
0.104176
-522.025
1.03286
-0.569536
-2.13611
0.38573
0.265918
1.87196
-29.5409
0.0423618
3.1583
0.546491
7.56924
-0.194104
3.43587
6.1016
-0.449938
-0.856266
19.9428
0.114575
-9.80977
2.88278
-15.6072
3.00342
-0.133495
-1.54256
-0.135871
1.79628
-0.518311
-1.45931
-0.319372
0.532593
-0.975973
0.0613808
0.711636
-6.92517
0.21915
-2.33577
0.509692
-2.10796
0.500418
-4.50619
-0.0147765
0.391358
-0.598751
0.870333
0.343959
-0.614356
-1.16362
-0.21953
-27.3445
-2.40988
-0.675563
0.0933846
8.02491
-1.1068
-5.11786
1.167
2.08112
-0.86584
-4.46742
0.989895
5.39123
-0.0855831
0.0256894
-21.4406
1.99325
-0.242244
0.549525
-0.136256
-1.88973
-0.525696
-0.0837238
-0.0788496
-4.99243
8.40636
-0.874609
-1.65085
-0.892998
0.0217506
-0.494563
1.68025
5.53174
-180.289
13.8197
-0.291197
-1.22062
-0.0724317
0.738171
-0.421521
-0.0190596
-8.89608
5.42167
0.569311
-0.712728
-7.08537
-2.54924
2.09829
-0.0318828
-4.21643
1.86753
-0.264417
0.0961247
-7.00685
-1.76678
-0.364663
0.0736695
-0.0867262
-1.9464
-3.80393
-3.95723
-0.699122
-0.865096
-0.568591
7.98427
0.447749
-0.248694
6.90728
-3.37608
-8.663
2.54164
0.109819
0.274212
0.0300744
0.287755
5.64959
3.71645
-20.4268
0.171573
3.80151
-0.292549
-1.26332
0.202553
0.346366
0.0509319
1.42477
-0.659204
0.825837
5.22666
-0.81788
-0.228505
-1.6444
-1.63854
9.1097
-0.773784
16.3281
-9.79512
1.24706
-2.91134
6.04003
0.345913
30.4627
0.597235
7.44201
0.138818
1.96161
0.66298
-0.909645
-1.93057
-0.414368
-5.01049
0.81414
-0.497449
-1.27993
-3.88486
43.9115
0.265474
-0.594952
0.344146
0.201464
0.280893
-1.59219
-1.30177
-1.00721
1.24874
0.996548
-0.717253
0.249943
-0.634968
0.422351
8.04412
1.68616
-1.27832
-0.865092
1.53386
-0.216548
0.599613
-3.33729
1.55824
-0.880052
0.309477
1.8565
-1.12284
2.22973
-2.28738
-2.91407
0.521237
-2.61059
-0.532596
-2.70377
2.67163
1.57323
-1.30751
0.795799
-0.358491
-22.231
-2.91106
23.8958
-2.54805
-3.28498
-3.42411
1.50651
-0.281779
0.229316
-1.19296
-7.68981
-0.894755
11.122
-1.11892
6.76076
1.71321
8.69806
0.171102
-1.4376
-0.489808
0.107814
-1.82387
-0.129373
-2.11251
-3.73789
1.59923
0.637092
0.392859
0.433523
1.27601
-0.128674
5.40496
2.6559
-0.984332
0.981139
-22.4336
0.0510707
-39.1048
3.51523
1.10185
-1.51795
-0.194672
-0.585144
2.63765
1.40236
398.041
0.577469
-0.251704
-0.333463
-2.7301
-0.565968
0.401496
-1.40837
16.1053
-1.26192
0.437092
1.76593
-1.1085
-1.11116
-2.11174
3.35583
-0.368312
16.1007
1.32229
-0.294815
1.56942
-0.245991
4.0383
-0.97869
1.07946
0.498577
-1.16234
-1.30338
-1.00192
-0.588808
-2.58597
31.325
0.954407
-1.3832
-3.77052
8.08271
4.00217
24.3784
-0.347326
0.254177
-2.21174
-0.869579
0.0186968
-0.932082
1.73727
1.45957
-0.917101
-0.578385
0.11214
4.28894
5.07568
5.1675
0.845964
-2.41964
2.78315
-0.0253445
22.176
-14.7038
-13.0884
1.63142
-1.03794
-1.09033
0.343975
-1.00135
-0.906361
0.0128838
2.96321
0.727083
0.647979
1.91251
0.477958
-9.78009
0.6829
-0.87212
89.5494
43.7317
0.28441
-2.89469
0.349272
-1.56225
0.357609
0.40414
-0.878609
2.87918
-0.507344
0.980097
-0.5375
0.135789
2.15786
0.808079
-0.346886
0.810866
2.40582
0.242128
-6.22425
2.93187
3.35475
-1.21363
0.274678
0.96284
5.4516
-2.10083
0.546866
-6.76727
0.306033
-1.00439
10.6718
1.99424
7.30696
-0.38039
0.755249
-0.353799
2.20362
-5.58659
-0.493842
-0.0335646
1.34515
-2.04131
2.39558
2.43003
-0.607909
1.46685
-32.7077
-0.602057
-0.803934
-0.757857
-0.995154
-1.54451
0.234023
2.08665
-0.196692
10.9848
-0.0561298
0.276777
0.514609
-15.0311
-1.03477
0.413152
0.29383
6.13851
-1.30944
3.05582
3.41058
-0.223421
-0.21263
-0.970023
-724.684
-0.380416
-4.04708
-0.510551
0.531513
0.430503
-0.2593
0.446753
0.511153
-2.73607
6.64781
0.715655
0.0662069
1.81066
6.39185
-0.985265
-0.790794
-2.9429
-1.22134
-0.322746
0.51478
0.0944496
0.422521
8.30311
-0.531959
0.0712369
-2.555
-2.07137
2.87099
2.43241
1.494
-0.132948
-0.170583
0.526151
-0.844796
2.9577
-1.60909
-0.164634
-0.399029
-0.873422
0.129546
-2.93925
0.822746
0.431788
-1.16059
-1.01047
1.87363
0.148942
31.6547
0.678878
0.0376516
-0.0501594
-0.509444
0.790512
-0.717682
-0.185493
0.369899
-0.123456
-1.06733
-0.368062
-1.19347
3.99114
-1.73396
-2.08097
-0.00516326
-14.9369
-0.876747
-14.4602
-0.215316
-0.00454178
1.6797
-30.4137
0.230959
13.2095
6.43617
-0.141743
-0.342769
2.87673
8.77324
-0.552753
-1.12649
0.92491
1.45457
-0.171185
1.43969
-3.66436
2.08057
0.524746
-52.624
0.724858
-0.897828
0.51318
-0.777198
-0.804894
-26.542
2.71162
-0.0507308
1.02066
0.634058
-0.842689
0.819048
-2.6598
1.1392
1.10263
1.76526
35.6754
-0.0987818
0.497705
-0.355907
0.697494
-0.617374
-1.24579
0.343781
0.561252
-3.22083
3.92443
0.253914
2.42861
0.313064
-0.0865875
-1.69674
0.850893
1.37315
-2.21859
0.719913
1.60492
-1.4132
1.50705
-2.94804
-0.494897
-1.37042
0.501983
-1.56741
-2.44794
0.952585
-3.27295
0.914378
1.58147
-0.618398
0.0988889
3.03398
-2.42042
-6.86206
-0.428378
0.630176
-1.44844
5.02265
-0.419091
2.22662
-6.9304
-10.0798
1.18798
-1.53841
0.187209
-2.20411
3.24447
-14.1231
-0.389448
-0.208036
0.998673
5.30767
-1.99455
0.911003
74.8793
-5.32726
0.748682
-0.986918
3.51185
-0.65073
-0.0465417
-0.166107
0.287548
0.0469035
-5.64867
-30.7955
-0.802968
-0.311008
-2.07855
-0.302567
26.0555
0.0363905
-1.69972
-5.7873
-2.30035
-1.62081
-0.830305
-0.714845
-0.77136
9.94889
3.04383
10.9204
0.0575292
-3.34098
-0.648998
0.651159
-1.26294
0.192681
1.08978
-6.36837
91.3531
-0.257851
-5.31243
2.83418
-0.405993
-0.702836
1.43974
0.789439
0.0442857
-1.06454
-1.1463
0.0129993
5.37315
1.78831
-2.14455
0.227916
2.44329
0.0158203
0.336127
3.48701
0.417543
1.69778
0.69035
-0.534578
-0.443564
-0.987181
-5.56177
0.35315
-0.400529
1.04968
-1.11701
2.13085
6.86732
1.16648
1.83695
-0.974599
10.716
-0.74273
-0.122973
-0.713371
-1.09275
-0.149822
0.427139
5.37379
1.81818
0.445921
0.177512
1.01747
-14.7433
0.775687
2.64528
-1.31574
0.776281
-0.506409
-0.598531
-4.54779
8.56409
-0.198604
-1.0135
-6.03165
-36.9177
1.08606
-1.15146
0.300615
6.10047
2.27663
0.453688
0.709131
-0.420266
0.292204
0.195485
-0.985075
-1.06277
0.691628
1.75768
1.04223
5.88477
1.88226
0.337311
-2.05102
-1.34806
-2.81949
0.57857
0.40971
1.80594
2.28301
0.417151
-5.05156
-3.191
-2.688
3.167
-0.804942
-0.392147
-2.15969
0.25972
-0.469274
0.113627
0.85501
1.53414
0.0361221
-3.43633
-1.46412
-0.542367
7.06379
0.662438
-3.11549
-0.339822
-1.2796
-13.5943
-2.65483
-0.741647
0.615199
-23.5898
0.630632
2.00009
2.77183
-1.92983
-0.344358
-0.767236
-3.80338
-0.556678
136.454
0.921294
-0.731982
-1.5126
0.576965
-0.0379662
-0.001447
-0.178528
2.43074
-1.69755
0.169147
0.0863771
0.101113
-45.8704
1.30614
-0.141368
-3.65309
0.402269
-4.48555
2.07387
-3.44221
2.32598
-5.0831
4.7751
-2.117
-0.161751
-6.8549
-3.01182
2.04704
-0.148191
-1.37612
-0.0766349
1.32645
0.298983
-0.754477
4.02672
-1.00307
2.21179
4.23143
15.5955
0.501179
-0.0575584
-0.180192
2.78261
0.125982
5.4702
0.00361495
-0.0149285
-0.120919
0.154491
4.87291
-0.262319
0.768301
-0.00333122
0.132431
0.28063
-0.166213
0.312902
0.246876
-3.0379
-849.376
-0.543772
3.62892
0.116575
-1.07262
1.05733
0.260071
-0.707979
3.19715
0.281575
0.957984
1.96981
2.32647
-0.390984
-3.43254
-0.814625
1.46267
0.676433
-20.693
-0.537566
0.656923
-0.122658
-0.035688
7.38128
0.113956
-0.00312749
0.167098
2.47054
0.761146
2.6966
0.534083
2.40028
0.717829
3.45228
-0.465738
0.493511
-0.660894
-0.779218
0.684113
20.116
-0.38139
-0.550863
2.23626
0.766855
-0.396041
0.284324
-0.481057
1.63688
10.2306
7.58012
0.928023
-0.456784
0.989075
1.62609
-0.605975
0.224634
-0.234089
5.64805
0.499019
65.167
-0.035615
1.70955
-0.160415
0.201841
-0.482531
-1.73883
-0.0087287
0.109995
0.20849
-1.40508
-2.0205
-14.5342
88.9676
-19.0304
0.460296
0.40736
3.16791
1.10672
6.58464
-2.49568
-0.479992
13.9902
-0.447441
1.18298
-4.58319
0.937696
0.26379
-1.38162
-1.38558
679.868
-0.214916
0.676334
-0.503248
3.68825
0.907551
-10.3077
0.731072
-0.394953
1.6787
-2.04023
-1.25495
1.16071
-0.293931
0.768251
-0.380742
0.893228
-0.651793
0.466095
-1.00362
-38.4505
-0.503478
-0.624216
0.613452
0.376059
0.48877
0.122159
0.618515
-1.20968
0.448281
0.0367171
1.39993
1.73366
-0.337284
-0.303472
-1.01795
0.0310966
-0.0410372
-1.84282
-0.85785
-0.723467
0.58982
4.39342
0.230057
-3.39752
0.0425183
-0.627037
1.95155
1.18463
0.474561
1.1742
0.11113
-1.35188
-0.0119312
0.869541
-2.87634
-3.85067
0.373767
0.316538
-6.03794
-0.0848452
-0.753143
-1.9438
2.48582
0.0297987
-1.7897
-1.06224
-0.367351
1.25585
-1.02054
-3.00377
89.7642
4.75948
-0.572146
-4.0106
0.332035
1.37033
-1.28555
-0.731542
-1.79385
0.435848
0.533564
-1.52233
1.66731
0.716541
0.52539
-0.40775
0.0498739
-1.67758
0.21095
0.789177
-54.5734
0.993584
1.2909
0.499653
-3.04698
0.295107
-0.119649
-1.05222
-3.90279
-0.763296
-2.18441
0.136259
0.128681
1.54979
0.837507
0.408677
-0.0189434
28.6501
-0.211625
0.798676
0.577215
-0.471984
0.617412
-2.63031
1.0339
0.705618
-4.83493
-7.99094
-0.202314
67.6518
-1.11545
-1.41173
0.113126
-51.1223
-0.0322898
6.59836
0.834894
5.01895
-0.11185
0.976004
-1.22855
-0.908053
1.33374
0.394113
-0.350581
2.76405
0.781939
5.8255
-0.93224
-5.12162
-0.684792
19.3892
0.451667
0.212083
3.53086
0.86559
-2.35239
-2.12957
-0.577361
0.285635
0.381383
-1.62523
2.59196
6.60407
3.77739
6.30574
2.39894
1.81558
-1.07192
-2.3517
-0.78164
1.3639
0.108868
-17.4758
0.488831
2.0038
0.308504
-51.6598
-0.53172
8.56259
-0.55479
-1.04629
-0.658089
-2.13859
0.559241
1.90472
0.0744028
0.269532
0.326536
-1.24544
1.10735
-0.392254
-0.0307157
0.372668
-0.414114
-0.847632
-0.344607
0.384088
-0.296212
6.07636
1.07221
4.24542
0.565071
-2.62089
47.9745
-0.760543
0.602686
-1.95461
5.83406
-0.0300942
-0.44842
-0.198411
-0.496515
-11.6356
1.0052
0.0684869
-4.9031
-8.64758
1.19386
-0.839531
-0.0594202
0.0989972
-0.147852
-1.08559
2.01135
0.0775197
-0.75585
8.81826
3.66646
-1.09058
2.94
-5.29135
-7.48514
1.10641
-0.93677
1.00831
-0.559839
0.00520719
0.865115
0.869994
-0.861618
1.29706
-148.144
-0.709817
1.12965
0.678537
0.810634
-7.20913
-2.34948
0.22515
-0.348422
0.190857
-2.81477
1.18415
0.604702
0.07359
0.192054
1.11595
-1.25829
-1.79481
1.14648
-15.5613
0.71977
0.640165
-0.126781
0.694502
-0.557942
-1.58985
-5.03982
0.168492
0.0835059
-2.13966
2.59923
0.51409
-1.72006
1.79533
-0.299372
-2.24458
0.304405
-1.68681
0.0171186
1.73802
-0.212878
13.2353
2.93457
-8.57938
-0.839699
-1.02124
0.65124
0.300414
-0.395643
2.40072
2.0925
3.12148
0.259019
-1.20635
108.58
0.780657
-58.4345
0.16259
-0.152773
1.10718
0.680209
1.41771
1.37882
-1.20286
0.510602
1.41355
-0.792518
2.09333
1.14834
-2.65938
-0.374996
-1.88145
3.41668
27.535
1.43447
-0.716842
0.67923
0.0402729
-5.42673
-0.309651
-0.174131
-1.80075
1.94392
2.96909
-0.308913
-4.42688
0.528303
-5.14306
1.0994
0.779687
-0.202835
-0.453396
0.062781
-2.11968
-1.26987
-2.17338
3.36038
0.634334
-0.731685
1.94293
0.332385
-5.49571
-0.64464
-0.491308
-0.0645592
7.08254
-0.134524
0.982505
-3.62378
1.79827
3.3378
-1.31716
15.9829
-10.9884
-0.184133
-5.82278
0.0322637
-0.402816
-1.83073
28.3923
-0.210638
-0.876656
0.627164
-3.50474
-6.54267
-0.763527
-1.18041
0.40856
-5.55795
-0.277127
2.68502
-1.67605
1.51653
0.350917
0.340507
-0.821481
-0.153519
-2.32411
-1.56161
-0.00856978
3.35981
-1.0426
0.282932
-0.973813
-1.90402
-0.154498
1.59662
0.237364
-0.940611
1.9284
15.3081
-0.440892
-1.19462
0.740151
1.64076
-0.166392
0.917455
0.232823
0.622907
-0.514973
-2.81672
11.9308
0.812991
-2.00391
71.6223
-0.786301
-0.304282
0.512481
14.4627
0.448578
0.521005
-0.418051
0.398647
-0.149881
-30.977
0.770027
1.65818
0.432055
1.69625
-0.630336
0.779178
1.11349
0.686264
-0.125575
0.263033
-1.91105
0.176266
2.33776
7.55769
0.682854
-0.193951
-0.702609
1.26574
2.20486
1.94232
-5.44964
-3.01761
-0.609564
-2.24436
3.81259
0.14293
-0.782355
-0.08258
0.506426
0.356352
6.41145
0.249127
2.60595
-0.428125
0.97202
0.79974
0.17374
-0.997231
-0.571893
-2.15973
1.59712
-1.88273
-0.248889
-0.197829
2.59859
1.16235
-0.403479
0.628326
0.0300764
-2.08504
2.74583
0.456885
-1.88201
-0.218641
-0.377997
-0.966689
39.7501
0.842526
-0.839981
1.32396
-0.768446
0.0164544
0.320347
0.630506
-0.990305
0.183696
0.248963
-0.505083
0.628947
24.9422
1.89135
-0.806042
-3.24666
18.9307
-3.0561
0.0270685
-0.127083
-1.52163
1.10181
3.46032
0.194758
-0.0251521
2.98913
1.14549
0.525308
-3.60079
-0.35453
-3.84977
-0.981182
0.175378
0.990465
-3.28672
0.866826
-2.12897
-1.01877
0.579004
-0.337323
0.303448
-3.00886
-0.145843
0.0901979
3.73828
0.379836
1.55327
1.1845
0.437604
-0.32264
0.133887
1.53884
0.860636
-1.45899
3.8686
-0.00721457
1.19855
0.72017
-0.862759
0.663933
0.813016
9.02024
0.279817
2.23467
-0.330681
4.00703
1.57347
-0.249648
0.211235
-41.4882
1.49093
-0.700199
2.11702
68.4506
-2.8852
-0.722124
1.17042
-1.45345
-0.97726
-0.785767
0.504806
-1.4215
-3.79947
-3.77954
0.967544
-0.142482
1.46879
-0.894231
0.911445
-107.584
-6.09515
1.2421
-0.997876
-1.08141
0.329182
-1.10213
-0.220399
-2.27562
2.41229
0.902216
0.534902
0.507597
-0.700781
-0.413252
-0.163182
-0.334722
0.824183
-0.960591
-0.251485
-3.94052
-0.00645101
-12.2595
-0.268983
1.04833
0.227841
-0.527381
-2.25358
0.0505874
-2.32173
2.35256
-19.1948
-2.63978
2.05548
0.0308383
0.675894
-1.16937
56.0047
-4.65255
-2.32882
-0.0814155
0.0515484
-1.40564
0.355695
-0.720602
11.6706
-18.0563
-0.889221
0.89174
316.638
-0.0912046
-0.224768
-0.00464224
-0.286604
1.33912
-0.195954
0.852758
-0.339362
0.533992
0.0388334
-3.45423
2.45462
-10.0975
-1.07837
-2.07998
-3.75997
1.14088
-1.77574
-1.88532
-0.282491
4.80147
0.505806
-1.76773
0.786254
0.485942
106.522
-1.14893
-1.78905
0.824689
0.717942
-0.590098
-5.0143
2.00389
4.84613
-0.357247
-1.11519
-0.55262
-4.79915
0.65542
0.243913
1.5471
0.395329
-2.42563
-1.77141
0.0805257
-1.88517
-0.190028
1.65073
-7.99072
14.8386
1.05745
-0.107685
-0.29153
1.472
-0.848403
0.861014
0.777741
-4.64228
-3.20441
-13.6743
4.75652
-9.87714
0.898119
-1.81932
0.106725
-4.11071
-2.34032
0.0226397
5.5352
-3.29161
0.0556112
2.59439
0.669988
0.879872
2.12769
-0.641366
0.846789
0.767163
0.108326
1.04229
-7.8004
-1.17639
-1.89435
4.3752
-4.89825
0.669616
0.143713
2.68605
-1.70111
-147.963
-3.17698
-0.0440381
6.07968
0.571363
0.383581
-0.892221
-3.21741
-0.0448959
9.24339
-2.05196
0.563338
5.45077
-26.8446
0.729509
0.214064
2.33784
1.43191
-0.515123
5.00287
0.202163
-4.50808
0.669522
-0.902845
13.7477
2.04503
-0.584311
-2.88597
-0.455064
1.59415
0.0575297
1.12795
-13.2679
0.718993
9.26621
-0.30995
0.474566
0.324088
2.52439
-0.061907
0.551881
0.860972
1.63466
-2.92988
5.58931
-0.315218
0.279969
0.240847
-3.65866
0.97506
-11.295
1.572
-2.06714
-2.10215
3.19609
-0.0363562
32.1919
-1.84096
-0.665874
-0.794047
-0.572356
-0.436754
-4.18084
0.731946
-3.26112
6.30526
0.404972
-0.741994
-0.0895343
-1.85293
-0.348557
-0.736992
0.00271501
-0.456013
-1.7164
-1.08181
0.996642
0.0844927
0.929741
-4.89739
-1.73635
3.12825
3.0066
0.578775
2.28528
-4.94234
-0.520672
8.69502
-1.98782
0.42871
-5.61801
0.0894022
0.790627
-1.08624
-0.547403
-33.9936
0.145977
-0.590448
-0.184876
-0.798157
-2.13204
2.58355
25.2669
0.298916
-0.352636
-4.20372
-1.69319
3.52752
0.873118
0.769911
-2.36366
0.80515
-1.13001
6.81784
0.11305
-7.23763
0.918112
0.279507
-1.81323
2.08066
1.0407
0.0074934
-0.937027
-0.872819
0.704821
-1.43529
-1.43503
5.47357
-2.47152
1.3127
-0.340348
-0.329625
0.0791719
5.90044
7.71004
-0.568629
1.68859
0.467675
-0.252251
-3.62853
-0.0307991
0.260123
-0.296327
-9.24544
-0.291307
1.28384
-1.78479
2.08714
-1.96472
-1.65119
-77.2236
-0.108106
0.715455
1.44356
0.938704
-1.67759
-1.16271
-4.45854
2.25941
-0.248535
-1.68235
1.80104
3.85944
-2.77939
-0.675769
-1.27373
-0.324299
-2.5962
-1.7004
-0.0956712
-0.573411
0.727987
0.693498
-3.27109
-0.122351
0.534127
2.33074
-2.59696
-1.17546
7.89448
-1.50395
-0.232682
-1.45023
1.42692
243.087
0.376028
6.62542
-1.19545
1.92297
2.28341
0.597324
0.147361
3.41402
-0.865882
-0.415737
0.722
27.1965
12.6936
-0.668189
-0.0707309
0.49652
-0.12587
0.438617
82.0243
-9.47556
1.19702
-1.23142
-2.52635
5.7455
-2.71842
1.31951
-0.416428
17.9392
-0.698534
1.72428
-0.256251
0.537225
-5.99179
0.775922
-6.40997
0.448555
1.02973
-3.12444
0.984689
0.249818
1.432
1.33753
-0.864294
-175.126
10.9855
-7.57226
-0.876066
0.187159
1.65328
-4.26106
56.2479
-1.18407
0.663943
5.68231
21.2969
-8.28538
-2.15847
0.289394
0.971032
0.853538
0.256142
-0.117294
-0.291349
-6.1234
0.222745
-0.0466812
-1.24286
-0.595997
1.03224
1.07454
-2.90191
-0.522508
-0.713248
1.75086
-1.23519
-6.0503
0.106145
0.994088
0.670042
3.45258
-0.143658
-1.37122
0.0799721
0.418125
-0.546281
30.3176
-10.1537
-8.29237
-0.614335
-0.281065
-2.54645
0.835263
31.9328
-0.390639
-2.16985
-1.84496
-8.76369
-0.717394
0.373042
0.927114
-0.686459
-0.312789
0.852989
-1.94859
5.49747
0.416998
-7.55107
-1.99122
-1.3947
-0.566817
12.0637
0.417881
-0.0162773
-0.568851
-2.29022
0.425553
0.164473
0.905725
1.80644
0.0351616
0.03515
2.29407
-0.681374
-1.34557
-0.564182
1.37356
0.510569
3.68969
0.84702
-0.824154
0.346465
-0.686796
3.92409
0.526343
-0.0795302
0.525583
1.3831
0.047642
-1.62281
0.313186
1.39648
-1.60312
-1.59398
-0.0873584
-0.885179
-1.27059
-0.830108
1.6928
-0.721471
2.07244
0.762391
0.340014
-0.168446
-0.457385
3.0772
0.659131
-9.65052
0.291795
-0.0997457
5.37645
-2.4103
0.672066
1.36059
3.18618
9.69498
-0.847029
5.80981
-1.28999
0.302346
-0.196262
-0.0746613
-0.296796
-0.983497
-1.47901
0.190686
-1.00015
-8.4798
-0.0319697
2.18113
0.0528017
1.20217
0.616114
0.618858
-5.47326
0.450265
2.42461
0.884685
-0.671286
-1.01222
2.40147
0.487496
-0.285171
-0.769351
3.20986
0.674322
-1.50492
-0.90961
0.783574
1.28474
-0.476537
-17.9382
-16.5761
-0.148816
-1.00021
0.0543229
1.21849
3.62731
-2.08252
0.538832
0.763279
6.49165
0.907695
-23.984
-1.99319
-2.22931
-0.983947
0.268464
0.943497
5.33217
3.72151
-0.921874
0.631638
-1.01439
-0.881586
1.53173
-1.16456
4.09058
19.26
1.34635
2.02451
10.4852
1.0253
5.60169
5.44973
-3.99816
-1.17083
4.27468
-2.81343
-1.2691
-2.1016
1.13206
-0.30351
-0.413419
1.10514
-1.36437
-0.0317958
-3.26739
0.2821
11.8594
4.80125
3.95401
-0.411952
-0.00827251
1.32413
0.839282
2.2417
-1.10428
0.795753
-0.784675
-0.760259
-0.266766
-2.87563
2.15002
3.66514
0.66131
3.78697
-0.341484
-11.0851
-2.12957
-4.80495
1.41814
-0.943511
0.242296
0.742483
0.925364
1.26673
0.127909
2.58915
3.07417
-0.980454
1.96793
-0.339013
9.06237
-2.28023
-2.44041
1.28163
7.49807
2.4187
-1.01181
2.69905
-1.99192
0.0261356
-5.89387
-15.8817
-1.30001
-2.3192
-0.824737
0.607763
2.51976
-8.78194
1.38829
2.76166
0.887661
0.449299
10.4019
-0.0026902
3.79155
-1.74451
-0.391481
0.496071
-2.10992
1.34843
-0.531548
-0.35911
-3.29529
-0.204025
-6.82149
-0.187211
0.327623
1.36186
0.572967
2.54116
-1.43148
-2.26057
0.805427
-0.192982
1.68819
1.73663
-0.513483
-0.888395
1.14967
0.106792
-0.428005
1.20109
-0.184576
2.05209
-1.39102
-0.449008
-1.45617
0.660831
-11.0176
-0.75663
-1.33715
-0.00567872
-0.271879
-3.24361
0.13958
-0.182881
-2.0126
0.54409
-0.607452
-1.49785
-1.97842
5.00237
2.95583
0.0665604
0.67806
10.2073
-4.61329
-1.09634
-1.39632
0.635351
0.445938
-0.191235
-19.5527
0.941853
-0.537376
0.128762
0.863165
-0.499815
-0.164118
0.532981
0.136538
4.63548
0.309987
6.78984
2.25257
6.70718
0.0134013
-4.50183
1.95873
-0.447117
0.128518
1.35261
2.30969
-0.74442
-0.0419074
0.402987
17.9949
-22.7372
-1.6562
-0.21243
1.10987
1.96736
0.231559
0.271767
-1.43787
0.183481
-1.25836
0.495458
0.561035
0.117235
-9.7197
0.961874
1.72625
-0.111459
1.03635
-0.822576
1.301
-0.363677
2.98299
-0.0670541
0.667364
0.107634
0.574582
-1.58391
2.2976
-1.51953
0.422665
-4.11073
-0.160069
-1.50747
1.43134
-37.7292
1.28052
0.168392
-4.27859
0.267656
-0.709668
-0.224902
-1.03759
-0.104476
0.481822
-0.286338
-6.31435
-0.954771
-2.23761
-1.50364
1.18577
0.35609
1.08812
1.12749
0.496634
-14.2468
-2.41114
-1.36651
-0.131219
-0.378183
2.61795
-1.36002
-2.30371
-5.72266
-0.148665
0.359913
-26.2882
0.107612
-0.164308
0.320189
-0.164377
1.77642
-0.195613
0.163766
-0.0968989
-1.09027
-2.31833
-0.592042
-0.910281
4.48042
-9.07124
-0.0226703
-0.221165
-0.962686
2.0444
-0.0798546
0.94344
9.70802
-0.937362
-21.2851
0.692789
-4.73147
0.594077
-0.91774
13.1478
0.926617
-0.995174
1.60514
0.845409
1.72562
-4.06244
3.84497
7.77478
-0.0456801
-0.497562
0.914275
0.793832
0.271104
0.327778
11.1983
-0.709104
-1.46175
-2.12453
-2.20666
0.978563
1.51285
-15.0215
0.163617
-6.42547
2.01904
-4.62697
0.75073
-0.45802
0.712824
0.229964
-1.32319
0.36247
-1.50996
3.65314
-0.937531
-1.56126
-0.801856
-0.593345
0.990465
2.74496
-0.0135873
-0.398342
0.0329955
-0.759157
-1.01861
-0.677644
-0.197589
7.11793
5.24975
4.21922
0.617324
0.0442766
0.801957
35.2101
0.178888
-0.515134
0.851841
1.1596
-0.196696
1.23041
1.01935
-0.93594
-11.7732
-0.260149
-1.5574
-68.0819
-1.47943
-2.60929
0.661268
2.44913
0.240927
-0.995517
-1.10453
-0.193035
-0.521769
1.89295
-7.22449
-0.845176
-1.74622
-0.219455
-0.815695
0.459776
-6.11129
3.00212
6.68629
-1.26374
-0.111526
1.49648
-1.62259
-0.459649
7.24351
-10.1112
-0.931918
0.145356
0.856908
-1.3382
1.99223
-0.963666
-0.204003
3.2361
-1.10497
0.84742
-0.0901616
-1.203
-2.51656
-26.067
3.92358
3.18334
-0.853071
3.39874
-95.3425
0.325343
-5.47553
-0.541605
0.318279
6.61191
-0.93482
-0.302388
2.72084
-19.8732
-0.135047
-4.37903
13.2822
-5.55827
3.96222
-1.24265
0.0824871
-2.20259
12.1683
0.00559439
1.14716
0.501114
-2.89398
54.168
6.80982
-1.24447
5.7826
1.17595
7.92667
1.62484
2.71061
-0.677233
0.250669
-1.5858
2.60086
-1.4977
-11.2358
0.48801
1.02581
-1.15303
-9.629
-1.54962
0.59301
-0.359438
0.120876
-0.182514
-1.90183
0.704505
1.31696
4.58337
0.767137
0.471173
-0.748253
-0.34913
0.925064
-0.146586
-0.714889
-0.108674
0.450698
-0.916894
1.4332
23.3474
-0.560815
-2.62826
-0.970273
1.11452
-4.65705
-2454.43
0.235166
-0.270688
-1.27025
-0.928311
0.317141
1.71349
0.126821
1.49618
0.663258
1.62863
-2.69513
-0.612127
0.274282
0.680248
-0.428333
-1.02578
-0.891353
-1.02441
1.09833
-1.89054
-0.0652708
3.31798
0.928711
0.0492552
-0.189146
2.4683
0.595903
0.447915
-0.335248
0.612737
-4.6995
0.531898
1.33277
-0.124206
-0.145373
1.23961
3.90238
-0.09184
-0.171565
1.73626
-6.92894
-0.292932
-0.00552125
1.39116
-0.114279
-1.01483
0.288585
-0.984284
1.35235
-1.96587
-0.559729
1.20355
-1.71391
1.96237
-1.93251
0.619843
-1.00935
-0.302688
-3.97339
3.51865
3.98708
-3.30687
-2.3797
7.5368
0.310358
-1.21135
-0.497255
1.02137
-1.48945
-0.515067
1.59683
-8.64214
-1.19696
0.929288
-1.58054
0.257529
5.46997
1.1219
-11.08
-0.313918
2.18191
1.89661
-0.370968
0.729699
-1.4422
-64.7868
-0.443877
0.464279
-21.0005
1.70207
-0.0473629
-1.20365
0.228168
0.0968604
21.4824
-6.04202
-0.682169
2.81545
-0.31147
0.178538
-1.26908
-1.28201
-6.02029
-1.67308
-1.64006
-0.816371
8.76544
-0.519166
-1.57429
-1.10615
-1.37618
-4.17965
0.22766
-0.317791
2.11388
-0.541419
-2.84778
23.7183
1.51102
4.89696
1.6868
-1.0094
-0.0884902
-0.321026
-9.8441
-0.340529
-3.12035
1.02353
-0.533591
0.586923
-8.57412
-0.51619
1.67524
0.566196
-0.447162
0.772585
-0.377219
-0.387332
-4.24983
0.704783
0.0480021
-0.313835
0.273432
-10.0215
5.17728
1.3409
-1.94782
-0.296129
0.828155
-4.09003
0.0498902
0.136304
0.759429
0.029235
-18.551
-0.293495
0.241111
0.540506
-16.1405
3.83478
1.01642
0.883866
-3.96574
-4.47644
-0.179899
-1.78992
0.766341
1.11235
-0.650538
-0.175355
0.415498
-3.82486
-0.438118
-0.666784
4.44403
0.332665
0.295538
2.02583
-113.837
-1.19905
3.74971
-0.53489
-0.20228
-0.18741
-18.42
2.71492
-1.19178
0.269266
-1.36102
-0.429653
-0.270357
-0.365734
-1.12146
-2.4785
1.94174
-0.680761
-0.0603115
-5.49888
0.68696
-0.0130832
3.37635
1.14536
0.352865
15.6562
0.117487
-0.326933
0.983827
0.271452
-0.681111
0.246004
-0.0325419
-1.57564
-22.5694
0.115476
1.69474
0.588055
-1.23567
-0.338892
8.63933
0.584255
-1.25229
-0.488986
2.73932
2.54632
0.503568
1.91764
0.302594
0.7089
5.44623
0.712515
3.18169
2.07659
-0.407914
1.79529
7.25572
-0.49433
-3.36559
-1.22894
-0.647241
-49.1111
-2.22192
-6.35512
-1.241
45.4362
-14.3334
0.40541
-0.33641
-2.72473
10.7985
3.64874
-0.590332
1.29321
-0.823411
0.776063
0.366442
-0.693266
-0.44864
0.246099
4.12954
2.41776
0.618552
-41.058
2.66464
29.4334
0.741216
1.60411
5.57731
0.230709
0.293585
0.666496
-2.26123
-0.725077
0.267141
-0.319377
-2.04055
-0.00343774
2.70797
0.202369
0.933968
-1.23639
-1.6393
0.24426
0.194378
0.120778
-3.4668
-0.168552
2.03485
1.35883
-2.00909
-2.45671
-0.729576
-3.57619
0.231781
-0.741461
0.684956
1.48732
-0.76137
0.347091
-5.81394
0.0807939
-0.794709
-3.81318
3.38838
-0.473168
0.496928
-0.0445853
1.44709
-0.932174
1.32893
0.0724223
7.9257
-0.0670983
-0.554167
0.863658
-1.50329
-1.20871
-1.06942
-0.0468378
-1.44512
-0.991595
-2.41615
1.1187
-0.469935
-1.3077
1.56984
0.65118
0.494096
-0.611855
1.42596
1.61098
-0.383941
5.24047
2.80793
4.06462
-5.94698
-0.987797
-2.8277
1.17522
-1.33755
1.11194
-18.7502
1.40995
-0.281671
10.4497
0.385376
-0.989854
7.7022
-1.52228
-0.610712
-1.08416
-7.56642
-0.812606
2.24176
-3.39274
-0.195308
-0.997034
1.23809
0.190705
-1.25436
-11.6504
0.524796
0.258735
-0.49288
16.3215
-1.41708
0.475375
0.453879
-0.131454
2.07737
1.30383
-0.135525
-0.374095
-0.938664
-2.53571
0.105444
-0.813545
0.290018
-0.708644
-0.144002
1.76915
0.445573
-1.52592
-0.268955
4.36269
-0.0657298
0.178082
-0.895298
1.00744
-0.405662
-0.0761718
0.011412
-0.468577
1.26731
0.0629556
-0.860554
0.597866
-1.56673
-0.972663
0.579251
-3.6704
-62.828
-0.0899827
-4.09547
0.326716
1.87027
0.729202
5.01115
-0.230354
2.06576
1.34953
-0.173588
0.366364
-0.891496
1.31884
-2.25513
-1.64506
1.24075
0.916212
2.41805
0.0684873
-0.245579
0.844499
-0.455695
2.09992
-0.59452
-27.0166
-0.224321
1.00931
2.90411
1.58266
0.968822
66.6552
1.77697
1.15704
0.424986
-0.0810287
-0.41652
-0.628547
-0.441059
-1.35311
3.03222
2.44026
-1.46043
-0.107494
-0.149434
0.870092
28.1809
-0.895318
0.782443
17.2111
0.741152
0.159747
2.54319
-0.800565
-1.39348
-10.471
1.05416
-0.676491
-1.16797
-2.27847
0.316189
-0.93496
-4.47889
2.53282
-0.525363
0.461484
10.6534
3.96005
0.766289
0.194145
0.985215
-8.47939
7.41164
-7.44746
-0.55174
0.019994
-1.69747
5.21722
0.325828
-1.91263
23.5401
5.3759
-1.90053
16.9124
1.09427
0.073404
0.787555
-5.96955
1.47145
0.478854
1.17273
-0.553242
0.845174
0.406524
0.0789974
3.06071
0.725426
-1.01228
10.3887
0.633367
-0.958939
1.01006
-2.80812
-2.64108
1.41286
-7.05122
-1.66112
-0.332698
0.884413
1.59821
-45.7308
-0.185937
-3.3862
1.49661
-6.14756
-0.313641
-1.63891
13.6051
0.339074
-1.34858
-0.566865
0.509919
-1.67399
-0.0746126
2.21157
-0.595568
-1.67178
0.1972
1.72574
0.333808
3.99132
-2.20558
-0.301399
8.80238
0.144266
0.95317
10.8932
3.00377
0.361858
1.07596
-0.673763
-0.548546
1.66565
0.162087
1.4803
0.0866574
1.56202
717.293
0.58099
-2.69084
2.26168
-6.12512
-0.844395
0.0399641
-52.3827
3.34253
0.0423508
0.820819
0.911228
0.35213
-0.49074
1.60828
-1.84782
1.05499
2.01503
0.208629
-1.19887
-2.38104
-0.76949
-1.3155
0.686045
0.636789
-0.257404
-0.240093
0.751144
1.0043
-3.01063
1.07922
4.715
0.355722
2.20196
-0.859627
-0.553669
-6.24731
-0.352404
-1.93399
0.689188
0.33185
-0.741621
0.542145
0.232489
0.0631648
8.3047
-6.66427
1.19671
-1.45553
-0.68914
0.668639
-0.807943
-6.11144
-0.382859
0.420643
-0.258284
0.0907881
1.52406
1.172
2.77227
-17.2807
3.5783
-2.98531
1.24213
-1.19391
0.959552
2.08665
-14.5221
0.625349
1.67241
-0.0769343
-0.156291
2.6517
1.30315
0.405832
1.61655
-13.6753
0.144689
0.575469
0.91168
-0.621705
-2.02373
-0.996448
-2.51159
3.21487
0.935001
0.116007
1.32305
0.812844
-2.37297
0.482262
0.416933
1.54901
4.46294
-0.739172
1.62347
6.56617
2.95233
-0.815705
-0.614509
20.4899
-3.64042
-1.64208
0.376742
0.294999
3.1973
1.73775
1.12992
0.862362
-0.111869
-0.58637
6.35282
3.19238
2.22104
0.0865409
-0.562088
-12.2899
-1.17337
1.18487
-0.496383
-0.614088
0.897632
2.78394
-2.23082
0.642683
-1.21838
7.37431
0.00848407
-0.387158
-0.268604
0.027743
0.993466
2.18632
-0.470494
-3.47542
-19.7008
0.214263
2.11038
-0.191034
0.067925
8.00238
-1.16004
3.19845
-2.02973
-4.7803
1.16421
3.1862
-0.0222549
0.639058
0.0183115
0.233338
-2.02839
-11.0554
-0.758495
-0.816936
-0.602699
2.67442
-0.00370731
0.13918
3.32026
1.33417
1.43493
-1.4182
-0.221189
0.344273
-0.971427
3.2035
-0.755307
-12.7164
-0.448257
-2.36596
0.160138
-0.119196
1.20152
0.980004
-2.84701
-0.388853
2.84945
1.13994
0.604095
-1.1979
-12.0436
-0.632046
0.000786196
-1.37923
0.581404
0.36676
-0.921433
1.532
0.282018
0.448174
12.5032
0.00518675
1.5499
-0.868311
0.704854
0.091514
0.166177
0.717709
-2.0581
4.93655
-12.5563
53.91
0.476437
-1.66977
0.0273515
3.25135
3.02307
1.21965
1.22457
1.20188
-7.13351
0.856269
0.0968952
-1.55897
-3.97725
-2.01055
-0.0391576
-0.0941409
0.645029
-1.99522
0.316809
-1.1281
-3.77741
-3.02288
-0.360269
-0.948049
4.23409
0.0696521
-4.66524
1.47298
6.89658
-32.4622
6.8314
-4.36873
0.0915812
0.366449
-7.22438
-0.195939
0.523954
0.415082
0.561809
-4.53251
-4.14613
-0.878695
1.09666
1.14938
0.584114
1.32072
0.145752
2.99276
-0.414654
-0.138153
1.92598
0.0264163
-6.106
-0.881079
-0.0214197
-1.58203
-1.0592
0.548138
-0.254333
-3.84751
1.20317
1.72986
-1.09888
-4.80977
0.608038
-1.42034
0.642288
0.697976
0.321216
-0.308714
-0.121019
-3.69321
-0.54465
-1.04635
1.89099
-0.676762
-1.67085
3.0935
31.3076
0.739838
-0.475631
-2.90721
-4.58881
-1.4058
-3.47397
1.29689
-1.05552
-0.0735048
-4.76171
-0.883307
314.216
-0.301954
0.314524
2.08498
1.59138
1.11418
0.226864
0.491793
1.13772
-28.3257
2.47338
2.16262
0.733685
4.37322
-26.6239
0.0356722
-0.182342
-63.8876
0.394467
9.0782
0.0418896
0.469919
35.5369
-1.79694
1.04188
1.852
-0.556223
0.112532
-3.03581
2.12498
0.922685
1.44387
10.35
-0.193416
-3.49116
-0.000838165
-0.895572
1.1545
-98.2582
-2.54888
0.439324
1.95677
12.8814
0.0191527
0.531081
3.39168
0.59895
-4.36789
-5.52935
0.695246
0.787667
0.66977
4.17462
1.45079
-11.5526
5.92926
3.31377
-0.559709
-3.53226
0.164432
1.00544
0.200052
-1.39849
-4.03376
-0.266121
-2.12755
-7.31526
0.192279
1.41232
0.386145
5.96075
-4.71237
1.03256
2.31842
1.92597
-4.37683
1.64123
-0.0928207
-0.742432
1.17093
-1.06185
0.255223
-3.10547
1.72899
-5.78229
3.48675
-0.088904
0.969173
0.798712
-0.712276
1.83563
-0.124375
11.3309
0.757782
1.81873
0.748829
0.300117
-12.8556
-3.01151
-2.072
3.03365
-1.48705
-5.85957
-0.36343
-0.602747
-2.45082
-21.2505
7.72959
0.0536925
-0.53103
0.427115
0.21044
1.87703
-0.600196
1.44615
0.109949
0.500997
0.0145559
-0.235183
-0.436519
-3.85304
-1.01762
-4.45984
0.120265
1.60053
1.06729
-0.97829
1.51533
0.420894
-0.370865
-7.78881
6.06407
2.13141
-0.925955
-1.60655
0.05193
1.63976
-10.691
17.0307
-12.2124
0.86624
-5.89408
0.287219
0.628745
-0.215272
1.35426
0.691361
0.309735
1.03893
-5.26304
1.04713
1.50045
1.22678
0.436299
2.00166
-0.848328
-1.68962
-0.118033
0.642008
12.3289
-1.14224
-3.40484
-0.371303
14.4332
0.295942
-1.67019
3.36551
-3.00087
0.0599467
-1.88909
0.898694
3.42203
0.63725
-2.30847
1.14154
-0.63607
1.03421
-0.796138
-0.242155
0.784974
-3.09891
7.10762
0.716744
0.490035
-0.579882
0.576692
5.21349
2.58728
0.666344
0.163481
-0.110654
0.0650376
31.6932
-0.336325
-0.219546
-0.68964
-0.435207
-1.10765
