0.289848
1.22683
1.74949
1.05644
0.465351
0.209507
0.639261
0.741348
1.51568
0.390892
0.0390464
2.65913
0.111565
0.631783
1.2766
0.571347
1.31115
3.85368
0.769182
0.71465
2.36541
2.15243
0.189733
2.24969
0.312423
0.661999
0.706011
1.22386
0.746918
0.494959
1.40595
1.83716
2.03713
1.81238
0.302389
1.89443
0.746209
1.36608
2.68384
0.34135
0.861031
0.397111
0.249168
0.292116
1.40923
0.932839
1.38305
0.186731
0.622632
0.457105
2.0952
0.263265
0.182176
0.383564
0.053548
0.199306
2.16029
1.59498
0.0975355
0.376837
0.718943
1.21254
1.48241
0.034537
1.5047
1.20362
0.713419
0.338356
1.7689
0.499074
0.730545
1.34288
1.25605
0.436258
0.853809
0.175396
1.18176
2.02335
0.393111
1.23746
1.26888
0.111298
1.338
0.820355
0.238572
0.515055
0.523909
0.992875
2.70428
0.610559
1.41272
0.453048
0.591469
1.12924
5.12403
0.0378915
0.172528
1.01183
1.13483
1.22779
0.737746
1.23686
2.48641
0.93322
3.65766
0.418406
0.104821
0.995594
0.0816259
0.198713
0.757845
0.00365578
1.23027
0.213575
0.84067
2.00365
2.15659
0.00394142
1.29493
0.0824757
1.94222
1.22942
0.997487
0.311347
0.591339
0.355198
0.379096
3.19919
1.29007
0.45326
2.58398
0.653885
0.308735
0.826187
2.70263
0.397779
0.00837986
0.576058
3.6894
0.405618
0.00970682
0.0113237
1.15231
2.15703
1.87581
2.73725
2.27587
0.528656
0.381626
0.948389
0.323646
0.818103
0.60143
3.51024
0.0564
0.0209399
0.221162
0.396357
0.115158
1.03069
1.81363
0.503013
2.48269
0.939062
0.0625245
0.780868
2.13951
0.620393
0.485702
0.558066
1.76812
0.404284
0.311007
0.780486
1.1759
1.05403
0.033416
0.425795
0.258198
0.199736
1.7421
0.21331
0.292561
0.637698
1.18208
0.146022
2.37921
0.928305
0.350883
1.42108
3.14844
2.1858
0.20732
0.174498
0.55041
0.143206
0.433184
4.16664
1.32951
0.488558
0.584557
1.01187
0.503934
2.64361
0.695836
0.194132
0.544863
1.13575
4.52915
1.39207
0.84631
0.944502
0.655323
0.124757
0.19482
0.803021
2.09447
1.71074
1.7825
0.0307839
0.746406
0.14176
2.31211
0.210504
0.0571683
1.87827
0.0379857
2.66354
0.403316
0.857264
0.0220599
0.308836
3.61297
0.338549
0.798442
1.06954
2.00509
0.493526
0.0720325
0.0461828
1.14214
0.925871
0.945418
0.236976
0.501987
0.221378
0.795026
0.907812
0.0889629
0.84953
0.412346
0.0324333
0.105509
1.10479
0.212403
0.0141735
0.145628
2.9946
0.0304336
2.46049
0.584351
0.784099
0.676125
0.348368
1.26697
0.386327
1.30744
0.557684
0.100092
2.37833
0.808078
0.208764
1.61413
0.727661
0.697624
0.0950838
1.15239
1.56803
1.45861
3.41071
3.58555
0.0619529
1.55634
0.529034
1.78142
0.28128
0.800358
0.872771
2.66954
0.747959
0.416601
1.0156
0.0682684
0.572017
0.762722
0.237152
1.17952
1.12413
1.33773
1.71818
0.0341516
0.256002
2.24414
0.876059
0.396097
0.697687
0.350817
0.482911
0.151912
4.91349
0.363093
2.02334
2.03481
0.218377
0.316975
0.0264863
0.296559
0.230561
2.85168
0.208399
1.27786
0.186576
1.19736
0.335314
0.537677
0.66046
0.43763
0.0941409
0.388497
0.0302354
2.63907
0.744729
0.913923
0.625785
0.943851
0.586221
0.160338
0.544741
0.00729351
0.831469
0.900341
2.53837
0.141344
0.506058
0.235124
0.275261
0.426311
0.569778
1.21046
0.00956551
1.86804
0.0362092
0.106731
1.16879
2.06964
0.0722787
0.97219
0.801249
2.42437
0.510797
0.51972
0.0058685
1.4997
2.62838
0.224909
0.818313
0.145685
0.586838
1.43329
1.02429
0.369626
1.12601
3.33716
0.089835
0.531589
0.463357
0.321097
1.94826
1.16217
0.195283
0.352676
1.24389
0.0432055
0.914897
0.0886615
0.693916
0.0729255
0.0295054
0.00903715
1.11582
0.932548
0.42086
2.25921
1.77499
1.75969
1.90032
0.92024
1.51417
0.248964
0.636182
0.0409278
2.51095
1.96599
0.5766
0.0230741
1.83561
0.590864
2.52548
0.302269
0.143761
0.896292
1.26986
2.70048
0.334356
2.38288
0.714375
1.53742
1.31288
0.58034
0.241828
0.854414
0.186603
1.33119
0.623708
0.694711
0.618926
0.0337351
0.572397
0.244804
0.924154
0.447192
0.497514
0.0731493
0.641909
0.309997
0.317876
1.78745
2.53904
2.07956
1.98041
1.09496
0.821232
0.49443
0.0306532
0.178129
1.46607
0.237168
3.3096
1.0816
0.0336286
1.34386
0.335087
1.0702
0.455816
1.20093
0.754032
0.112056
0.189082
0.628644
0.200206
2.06486
2.31857
0.252702
1.91485
0.0627202
0.337658
1.1289
0.237453
2.26389
0.0754645
0.156071
1.86463
5.05224
3.51281
1.28322
1.7224
0.05646
0.314969
0.551144
1.04594
0.409346
0.114713
0.117456
0.676723
1.62853
2.05749
3.34639
1.16638
0.0153698
0.912897
0.553707
0.130524
6.3589
0.65653
0.0882729
0.0973635
0.383754
0.927184
0.00648525
1.25648
4.85085
1.4291
0.253697
0.309312
1.53997
0.586823
1.23825
0.554
3.95365
1.50823
0.763942
0.231784
4.28637
2.88023
0.00580458
0.0741135
1.7784
0.637725
1.58284
2.29937
0.0139059
0.281965
2.41706
0.176896
0.309344
3.00737
0.319488
1.55736
0.357475
1.06812
1.61195
0.482392
1.24094
3.40768
0.879263
3.26799
3.33264
0.185688
7.65707
0.395997
0.44459
1.81129
0.465912
0.23334
0.356494
1.4214
0.264383
0.0287246
0.0850588
0.873371
1.29111
1.00788
0.288849
0.609243
0.686512
0.803333
1.14541
2.59136
0.982062
2.54118
1.30969
0.870912
1.28624
0.822385
1.14653
0.0779272
0.571947
1.12209
0.698851
0.310796
1.19921
0.418374
0.410609
0.0351347
0.581461
1.05894
0.00552503
1.08288
0.151176
0.385865
2.08551
0.371894
1.64475
1.93939
2.85586
1.83135
0.855976
0.733247
0.12202
0.843482
2.843
1.07347
1.54992
0.83484
1.16121
1.92286
0.695471
1.81749
0.242669
0.340082
0.532473
0.853043
0.209741
0.586094
0.546761
0.42567
0.292655
7.09366
3.57772
0.0194028
2.78005
0.581495
0.173999
0.0893029
0.923708
0.307453
2.25205
0.177681
4.5136
0.0448465
0.321824
0.646501
0.612223
0.318188
0.462313
0.21492
0.928753
0.758493
0.426449
0.566348
0.424845
1.85193
0.0542171
0.492513
1.74595
0.272744
0.0547902
0.357698
0.202869
1.23173
2.10677
0.770082
0.152445
0.514847
0.426606
2.15236
2.85891
1.74241
1.88165
1.20216
0.0467543
1.51801
0.147133
2.08197
0.384759
0.0777972
0.545229
0.00331565
1.5496
1.79383
0.35649
0.924192
0.274847
0.382746
1.41324
0.198621
0.721682
0.096209
0.138011
4.15663
1.6974
0.385171
0.603802
0.049194
0.170655
0.120713
0.443518
0.0393636
0.57201
0.823751
1.01722
0.0448566
2.44816
0.147017
1.63774
0.207835
0.0680009
0.466498
0.396514
0.305581
3.31028
0.191005
0.429761
2.17502
0.841424
0.211638
1.52832
0.289852
0.194885
2.26829
0.623536
2.18376
1.69128
0.046831
0.336797
0.0151631
5.54452
0.174054
1.90602
1.00502
1.35509
0.989158
0.205974
0.482532
0.514133
0.671682
1.78547
2.38281
0.12969
0.604352
0.506629
3.00338
2.75089
0.278251
0.107657
2.585
1.54011
1.46601
0.878818
0.465091
0.103638
0.688407
0.23022
0.867546
0.34116
2.21319
0.23144
1.35906
0.132345
3.80964
1.05832
0.665598
0.920675
1.06098
0.351336
0.260706
0.131879
0.815338
3.55508
1.74532
0.351565
0.890603
0.501855
2.87985
2.07038
0.00916302
0.201062
2.00216
2.40397
0.352202
0.507051
0.451565
0.165601
1.42498
0.209026
0.257286
1.1099
0.346734
0.27114
0.360129
0.579003
0.567204
0.479507
1.23736
0.967959
0.442846
0.335675
0.963841
0.0401012
2.54246
0.486267
0.875055
0.344209
0.0702383
0.164237
0.560565
0.263656
0.96228
0.397081
1.85895
0.834122
1.78393
0.164765
1.05649
2.47847
0.334212
0.269976
2.76392
0.109933
0.34516
0.121192
0.177681
0.493564
1.56503
0.305905
2.05652
1.67579
0.58089
0.554141
1.43377
0.489059
1.16229
0.345545
0.841237
0.240694
0.277643
0.289254
0.718011
0.366248
0.210384
0.201952
0.819159
0.332223
2.29889
1.20705
1.51571
1.08508
1.5014
0.526255
2.99254
0.414187
0.243594
0.473252
0.773748
0.241791
0.0955174
0.167542
1.30875
2.38128
1.38063
0.237458
0.178809
4.70321
0.362862
0.0649959
0.15626
0.107451
0.943808
1.50942
0.0469345
0.553383
0.725024
1.53546
2.57673
0.0502412
2.49166
0.466682
2.08973
0.271262
0.0648351
0.215821
1.07111
0.140118
2.27732
0.0340761
0.589634
0.399426
2.47925
1.352
0.809977
0.517629
1.24119
0.588046
0.224887
3.16196
0.75067
1.42233
0.238554
0.60249
2.44648
0.155733
1.09439
1.44121
1.05818
1.36872
1.6712
0.135742
0.500995
1.84152
0.0935544
1.73385
1.37147
1.03502
0.619184
0.162585
0.521007
1.56063
0.627597
1.78664
0.824279
3.05176
0.0466977
0.497226
0.0521346
0.151035
0.17516
1.38793
0.75931
0.125318
0.120123
1.4349
0.295989
3.60867
0.037026
1.61941
0.540063
0.140818
2.16098
0.132279
2.34055
0.380621
4.07198
0.860978
0.746177
0.621763
0.632301
0.512896
0.372749
1.92823
0.26078
0.167058
0.921056
0.814262
1.72085
0.13395
1.46662
0.291795
1.33506
1.04817
0.185823
4.16431
2.01022
0.0729954
0.297943
0.0729324
0.376658
0.52928
1.49198
0.0345482
0.706415
0.388575
1.77247
0.0582766
2.207
0.173554
0.165271
0.0276044
0.0183543
0.158626
0.622712
0.370908
0.914498
1.77623
1.95298
3.18608
0.704925
0.443129
0.51675
0.254546
5.25241
0.900961
0.481346
0.206116
1.34268
0.728656
0.246249
0.605267
1.66447
0.842439
0.142573
1.83242
1.36492
0.307988
2.17917
0.222931
0.259039
0.15176
0.0384509
0.455603
0.0506862
0.415368
0.359947
0.0578143
0.851882
0.54244
1.42937
0.209653
0.506228
0.566376
0.815809
0.43098
1.56114
0.521793
1.4134
1.92646
0.17183
2.33107
0.376851
0.611287
2.10722
1.26197
0.746701
0.216042
0.607742
0.926342
0.528455
2.48451
1.50246
0.349816
0.716854
0.0794967
0.360192
0.835345
1.15517
0.3929
2.25605
0.765262
0.118577
0.0979928
1.27237
0.139364
1.23
3.35531
1.05476
0.514271
0.264774
0.210745
3.03872
0.296329
1.67593
2.3298
6.36958
1.343
1.22301
1.07626
0.611298
0.222249
0.555882
2.13757
2.48863
1.48022
1.29856
0.209314
0.439926
0.676467
0.275704
1.43767
0.470342
0.0343661
0.285252
1.24219
0.62704
0.325307
0.327345
0.60507
0.133322
0.473088
3.10736
1.12872
2.71484
0.537796
0.378829
0.424414
0.0872648
0.87632
0.13186
0.0707385
1.55416
0.657479
0.67147
0.0710157
1.74043
0.169423
0.239833
3.71755
0.693966
1.70599
0.285299
0.0883452
2.56876
0.381082
0.913261
1.9297
1.72137
0.118615
6.93607
0.0806096
0.855811
4.08054
0.327476
1.33236
1.68669
0.946222
0.0178997
0.494487
4.91006
0.718787
1.69419
0.859999
0.0529807
0.0741341
0.349142
1.95949
1.00985
0.514167
0.0816558
1.22548
0.594105
1.38721
0.0343811
0.356763
0.346768
1.48512
1.03207
2.12257
0.195733
0.513221
0.734893
0.970098
0.604567
0.661959
2.52099
1.78566
0.61504
0.0622593
7.43204
0.0735106
0.291694
4.11912
0.207214
0.52085
1.85044
1.05849
0.0710071
0.654854
0.831288
1.088
1.96665
0.426624
2.09777
3.31003
2.27863
0.705924
0.76638
0.439925
0.315261
1.06649
1.31488
0.397178
0.387351
1.98875
0.0237834
2.24654
0.289872
0.0177118
0.638176
0.832248
0.761734
0.371779
5.62067
0.1829
1.16153
0.333205
0.313577
0.117302
1.28914
1.41595
4.19035
4.89702
0.0242627
0.23212
1.68833
0.0913807
0.819632
0.293071
0.17981
0.337339
0.751409
1.28825
1.09744
0.130902
2.08171
2.00063
0.789278
0.692787
1.42294
2.60824
0.12901
0.132758
0.543256
0.58618
0.110409
0.0988751
0.499182
0.864246
0.797928
2.52226
1.60362
0.205461
0.64068
2.70185
0.118208
0.74996
1.922
1.17523
0.139022
0.658553
0.035474
2.27587
1.5247
1.08346
2.57748
0.624052
0.103858
0.0810841
2.63661
1.44548
0.995272
0.24
0.919215
0.79724
0.419112
1.67315
0.835196
0.577336
0.665955
0.144112
1.21687
1.59095
0.170995
0.397451
1.66672
4.36231
0.766811
0.019432
0.22724
1.51641
0.926241
0.0254139
2.61987
0.927616
0.307089
0.994817
0.822275
0.995199
0.0697578
0.322174
1.79686
0.956346
0.702274
0.574917
0.986278
0.0916065
0.292121
0.56691
0.0459761
2.67946
0.988041
1.56834
0.39284
0.928471
0.644072
0.748514
3.01731
3.5987
0.0249773
0.419692
0.872022
1.60602
2.11515
1.15864
1.88319
0.0127276
0.024068
0.136904
1.16283
0.528224
0.0101485
0.357979
0.289212
0.1236
0.45227
0.493193
0.456621
0.0560099
1.47973
1.31023
1.07221
0.523471
0.264702
0.948946
0.579866
0.741711
0.674854
2.83319
2.81504
0.29702
1.25908
0.766966
2.81483
0.153116
0.352016
2.17151
0.0385238
0.167183
0.322102
2.68988
7.66743
1.48769
0.852014
1.01784
0.740157
0.725921
0.858076
2.02482
1.23366
0.643503
0.959894
0.425569
3.34971
0.665923
1.02995
1.59602
0.609122
0.631091
0.0353108
2.30465
1.64434
2.10653
2.26821
0.484177
0.0221363
0.188313
1.21827
2.10935
1.17877
1.96339
0.158947
0.273132
2.19983
0.355455
0.44802
1.62999
1.83652
1.16744
0.0886602
2.2842
2.02195
1.30327
0.0554651
0.0165754
0.186916
2.15001
0.222242
0.347813
0.21247
1.47275
1.76006
0.867681
0.52509
0.792581
0.497373
1.34432
1.43469
1.37471
0.0467127
0.77262
0.498844
0.306514
1.74027
6.64813
0.157107
0.439311
1.37139
0.808985
0.216995
2.99845
1.38085
0.504438
0.388464
0.23358
0.465889
0.722359
0.763499
0.443473
0.23536
0.114263
4.9289
0.129537
0.0593863
7.24269
0.272734
0.759375
0.92986
1.52445
0.729012
0.297199
0.637211
1.25879
0.285079
0.582717
0.101151
0.589
0.273964
0.0497025
3.15526
2.53799
1.56359
0.300266
1.75831
0.328414
0.0956415
4.01952
0.482946
1.11631
4.92109
0.342426
1.70648
0.364234
2.80807
1.4407
1.28798
0.407987
0.219039
0.55519
0.228088
0.260188
0.149846
0.177756
3.60446
0.184556
1.37793
0.194891
0.348931
1.72275
0.219858
2.51355
0.575654
0.0595467
2.51949
1.62888
0.967055
0.0247715
0.426951
0.622937
2.79511
0.631035
5.38118
2.21416
1.48001
1.23342
0.143346
2.92714
1.43664
0.820187
0.381548
1.60437
0.603362
0.664467
2.06434
0.049147
0.780035
0.0566074
0.395566
2.02196
1.01436
0.357774
0.0569962
0.514354
0.64954
2.47901
0.352682
3.37729
0.280529
1.08645
0.450831
0.097189
0.654847
0.19969
0.790573
0.050102
0.0894361
0.34587
0.0759339
1.02585
2.74208
0.506918
0.618331
1.31003
0.223236
1.36549
0.109301
0.194106
1.89756
0.00581792
1.01693
0.817778
3.40535
0.107911
2.35795
0.0438609
0.129797
1.32862
1.95753
1.11676
0.857939
0.262782
1.57641
0.0210055
0.92628
0.97667
0.618317
1.63852
0.924364
0.315012
0.123175
0.71068
0.701937
0.92303
3.43241
0.254767
0.705661
0.0324016
2.64027
0.817341
0.610078
1.4296
0.78044
0.118584
2.18116
1.62189
0.740438
0.63611
0.426383
0.437362
0.0163425
0.138315
0.390022
1.08516
0.353635
1.64437
1.0584
0.574631
1.78523
0.626693
0.622265
2.11862
0.0256915
0.134673
1.10001
0.809961
0.310246
0.720469
2.61086
0.21364
0.851486
0.741612
0.76484
0.473988
1.60095
0.706429
0.357449
1.84384
0.876381
0.139727
0.729122
0.42471
0.472298
2.71102
0.300297
0.1279
0.68264
0.126637
0.406059
0.621561
1.22681
0.412851
0.610096
1.97927
0.927163
0.644045
1.49221
0.198221
0.602806
0.265638
0.577404
1.75239
1.01352
1.62472
0.131647
0.0120269
0.651078
0.319651
0.418709
0.257048
0.621834
1.48122
0.116374
3.47485
2.53374
0.856649
0.920467
1.52898
0.290587
0.588348
0.436349
0.198604
3.66452
0.120818
0.337247
1.00695
0.534442
1.15033
0.386735
0.203553
1.7105
0.680217
0.0200742
0.186148
0.197847
0.125064
2.34711
0.309687
0.0849153
0.0635996
1.24577
0.556469
0.979876
1.20601
1.24817
2.83068
1.03359
0.381624
0.765707
0.0743542
0.380158
1.65937
0.0869787
0.243302
0.62799
2.05104
1.28622
0.179482
0.865578
0.0287099
1.20088
0.958734
0.43764
1.72954
2.06121
2.48644
1.02081
0.322197
0.692279
0.115961
0.452047
0.411111
0.525141
0.63033
0.898759
1.49403
0.360085
0.0331625
1.07312
0.612745
2.19139
0.384811
0.320097
0.699076
0.277383
2.59578
0.308584
1.27215
1.09433
0.754094
1.13724
0.214411
1.35912
1.36761
0.22031
6.88658
0.354912
4.86474
0.898716
1.50006
0.347745
0.457255
2.12222
0.243846
1.9315
0.246316
0.71778
0.197944
1.54368
0.656036
1.38614
3.94741
3.14766
2.23321
1.91343
1.66476
0.935206
0.0423739
0.257929
0.0737779
0.0896809
0.201789
1.29217
1.53854
0.0327263
0.297103
0.0586915
1.44284
0.25007
0.310305
0.419683
2.61271
1.51402
1.52013
0.268703
0.563954
0.564158
2.08066
0.344556
2.76024
1.75173
0.254413
0.524344
0.868975
0.645276
1.40072
0.808375
1.42029
1.3712
0.503777
1.24378
0.793268
2.21875
2.3577
0.252084
0.118698
3.64972
1.49985
0.884516
0.539726
0.439657
0.245016
0.429738
0.606217
0.560341
1.02914
0.0474788
0.554487
0.507139
1.02081
0.408939
0.212344
2.67504
3.14129
0.362937
0.082421
1.33208
0.630173
0.991864
1.95956
1.47531
1.23495
0.745885
0.735779
1.10745
0.615239
0.386723
0.236852
1.0787
1.22901
1.30571
0.352338
0.0299099
0.763089
0.679935
1.03202
0.084926
4.59857
0.952448
0.888179
0.252034
0.898682
1.98111
0.280452
1.7286
0.00129185
0.273957
0.246067
1.95415
1.07396
0.477008
2.05245
0.128724
0.603549
0.080523
0.333956
0.415644
2.7199
0.047259
0.153153
0.681436
0.493037
0.0103376
0.15161
1.04707
1.11019
0.193811
3.39266
1.99451
0.481052
0.371565
0.956619
0.363024
1.44457
1.62701
0.428865
0.0807161
0.0073021
0.796285
1.82249
0.230161
2.3762
1.63291
0.83184
0.446943
1.51928
1.349
1.94079
1.2077
1.54667
0.981391
0.765595
0.904742
0.869282
1.63976
0.399634
1.69599
0.420269
0.29544
0.258904
0.990171
0.272944
1.11053
0.0070161
0.0981049
0.503856
0.351805
0.300225
0.0426965
0.624733
3.46264
0.58018
3.00705
0.10145
0.867512
0.67434
0.0098397
0.755717
0.562354
0.548747
2.09118
0.872182
2.2033
0.502978
3.6195
0.299819
0.823024
0.0156466
0.0991041
3.5338
1.70744
0.247456
2.46884
1.40569
0.225078
1.18713
0.950461
0.515652
1.41386
0.787082
0.016834
0.0404562
3.30811
0.136094
1.55561
0.224157
0.463575
1.44542
0.497397
0.347756
0.492919
0.511828
1.07853
0.546285
1.46591
0.184158
0.648036
1.34991
3.59847
0.142045
0.54081
0.0658329
1.54964
2.07439
0.578148
0.4769
2.27686
1.64705
0.477685
0.0286522
0.773948
1.06246
1.27501
1.31464
0.724097
2.70144
1.61825
0.736502
0.662273
1.92265
0.705382
0.826843
0.205577
0.16082
1.42039
0.0747087
2.045
0.0620447
0.730113
0.131442
0.145606
0.339178
0.170405
0.811661
0.455449
2.81044
0.103744
2.04213
0.631344
0.825932
1.26216
1.18062
0.202225
1.36049
0.0232336
1.88328
0.466272
0.75421
0.62743
0.455784
1.93021
0.469167
2.58418
2.79722
2.553
0.354025
2.71018
1.5725
0.15315
0.963012
0.836698
0.0470712
1.03701
0.773264
1.74691
0.0870056
0.379889
0.160828
0.713105
2.4855
0.326144
0.348962
0.643005
0.0427431
0.285472
0.297046
3.0438
1.62315
1.43217
0.387192
1.6816
0.194469
0.459169
2.24743
1.24519
0.543335
1.0594
1.29101
0.0423108
1.87826
0.97535
0.838079
0.546345
1.48252
1.09689
0.0518457
0.583527
0.232581
0.0799208
2.33526
0.0651585
0.403598
5.78571
0.96214
0.151009
0.204485
1.30902
0.315511
3.78607
1.31746
0.808998
2.48711
1.34792
0.10405
0.73219
1.36752
0.461404
1.37235
0.0181866
0.162926
3.55938
1.28003
0.330141
2.36049
0.286347
0.901628
3.10429
1.01852
0.760896
0.877306
1.25065
0.628836
0.69727
1.70136
3.17599
1.26169
0.437937
0.143138
0.0662844
0.890256
0.823782
2.69696
2.3806
4.66119
0.613222
6.48033
0.521819
1.85071
1.61199
1.80327
0.0829282
0.470947
0.659792
0.0336938
2.73051
0.296207
0.522181
0.794674
1.914
0.213688
1.55814
0.0801398
1.22745
1.08238
0.0284769
0.350935
0.265826
1.48403
1.71776
0.564328
1.26786
0.929221
4.63268
0.125399
0.427384
0.733888
0.110948
2.57855
0.0657974
0.721336
0.358413
0.307432
0.475271
0.1624
2.81921
0.140761
0.301857
0.653335
0.0272599
0.627073
0.259785
3.94411
0.465943
1.70295
0.855864
0.0765662
2.61254
1.69207
0.533131
0.745606
0.949183
4.05288
0.459221
2.4092
0.644235
0.688077
0.402861
0.528697
0.67845
0.0136553
0.133094
0.402654
0.854682
1.85242
0.216184
1.11008
2.93414
0.512975
2.1883
0.77758
0.481404
0.403227
0.502311
1.85481
1.984
0.236461
0.406558
1.47382
1.26543
0.0262945
0.107166
3.21688
2.18186
0.0765305
1.07215
1.10902
0.74441
1.12298
0.298354
0.697016
0.0109976
1.8728
1.75294
3.17366
1.45673
0.278104
0.0225969
1.25749
2.09502
0.296998
0.865632
1.00723
0.0221011
3.48438
3.5955
0.306525
1.97626
2.13311
1.57415
0.73618
1.77318
0.248275
0.128126
0.145206
4.20695
0.8925
0.797115
1.40393
0.910849
0.454488
2.89879
3.12566
1.12961
0.276046
0.429196
5.79023
0.752668
1.21852
0.295078
0.529036
0.366495
1.78067
0.684896
0.85293
1.14754
0.0441319
1.2945
0.390677
0.275972
0.855033
1.15352
0.74107
1.5976
3.01865
0.551617
0.150695
2.81473
0.564496
0.297277
0.977002
0.0204885
2.74886
0.835657
0.0304149
0.403915
0.692215
0.665661
1.89624
0.10381
1.67339
0.0860234
0.98696
0.420766
0.450812
0.79873
0.555315
3.54116
0.484596
0.436965
0.775694
0.0419663
4.89963
1.00402
1.03894
3.92706
0.246745
1.29912
0.201812
0.478161
0.123474
1.45567
3.71606
0.203249
1.4456
0.0515684
0.260841
4.72467
0.0977396
1.07529
0.878384
0.527284
0.416884
0.899926
0.0137485
1.90995
0.321549
1.85207
0.539385
1.72209
1.00189
0.279325
0.887024
0.0139529
0.871426
3.20195
0.188581
1.65393
0.251417
1.84106
1.68919
1.76887
0.888489
2.83659
0.16203
0.0137882
0.540867
2.76334
1.88205
0.40646
1.59995
0.301231
1.65291
0.251315
0.185149
0.103691
1.07965
0.871026
3.06686
0.209113
0.089813
1.29227
0.229581
0.203971
2.36227
1.71283
0.306822
0.37757
0.0517945
0.800899
1.16764
1.28341
0.339607
0.526197
0.243678
0.240326
0.337631
1.23804
1.05902
1.20151
2.15343
0.433783
0.319883
0.411086
0.801492
0.322941
0.310923
1.06773
0.504986
0.210615
0.245109
1.28496
1.21261
1.33439
0.859142
0.044511
0.195469
2.03213
0.12171
0.175098
1.08041
0.927362
1.46351
0.265113
0.0390072
2.73447
4.09692
1.98988
0.286858
1.44617
0.271489
0.740835
0.42719
0.148858
0.0908371
0.939263
0.167993
0.633333
1.40167
1.67756
1.27465
0.181835
0.665855
0.920546
2.80178
0.284659
2.18389
0.513653
1.22346
1.68013
3.96921
0.0823216
0.0812462
0.369346
0.695845
0.933492
0.374861
0.536633
2.13335
2.12861
0.356111
0.286034
0.888631
0.797943
2.88608
1.76651
0.199602
1.72401
0.18606
0.0608541
0.0218671
0.809133
0.449705
1.05575
1.02578
1.50694
1.62096
0.777723
2.03363
0.163517
1.08662
1.16051
0.0547882
2.49543
1.91726
0.336023
1.92445
1.01046
2.52978
2.90746
0.681118
0.541135
0.759826
0.473045
0.267547
0.859763
0.154574
1.17667
1.56802
0.573274
0.305808
2.17556
2.73603
0.628589
0.651827
0.175624
0.879031
2.0849
1.71729
0.11763
0.0938058
0.0532189
0.254977
1.17106
0.469158
1.48499
0.348194
0.353058
0.396841
0.819115
0.128554
0.00238388
1.49355
1.72201
0.0710549
0.417762
0.101238
0.252571
0.994995
0.449965
1.64017
1.06863
0.140636
0.978106
0.103131
0.113588
0.661061
0.219716
0.673674
0.147137
0.677101
1.45338
0.732402
0.292251
0.898188
0.996823
0.355814
1.67379
0.302004
1.00864
0.144327
1.09686
1.02888
0.147373
0.0284174
0.29574
0.00663222
0.549517
0.885686
0.806022
0.152139
0.26344
0.842438
1.55723
0.541902
0.0483855
0.211194
0.895647
0.706483
1.47601
1.3949
0.62693
4.46376
0.684994
0.54174
1.47965
2.19426
0.00750682
2.27878
2.56388
0.62239
0.0244888
2.92858
0.943659
1.81819
0.0667631
0.0743055
2.43095
0.138514
0.464409
0.77224
0.176942
1.13583
3.84003
0.144475
2.8637
1.04795
0.400166
0.47388
0.48592
0.671049
1.69435
0.992351
0.804039
0.12537
0.123899
0.782634
2.71533
2.85759
1.35139
0.359086
0.232257
0.316677
0.0578226
0.240261
0.57425
3.36073
0.167241
0.941573
1.59855
0.463629
0.0672344
2.72272
1.2785
0.120669
0.291988
3.19581
0.0627161
0.179513
0.448563
1.54774
0.368609
2.40117
0.692286
0.874272
0.0880906
0.784258
1.16919
1.11602
1.48696
3.16877
0.818602
0.00120973
0.367678
0.0293833
0.156572
0.0526724
0.375469
0.944132
0.379186
1.57092
0.127323
0.0417355
0.574511
0.658997
4.39841
0.181297
0.709158
0.0473067
0.343353
0.0660317
0.0943144
0.0617352
1.40826
0.156653
0.573076
0.371939
0.0443221
0.305101
1.24436
0.61161
0.513888
0.0619967
0.0240675
0.0851886
0.842521
2.10452
0.0042442
1.20539
3.9075
0.271265
0.338289
3.47311
0.283148
1.6354
1.14094
4.75694
0.3138
1.47374
3.74471
0.758591
1.17187
0.176219
2.17473
3.37669
0.126785
0.62077
1.60175
0.647026
0.0938548
0.419769
0.0859323
0.884638
0.390982
1.30527
0.239243
0.525767
0.0395983
0.0949594
1.0496
0.811204
2.38255
2.03321
0.382584
1.03626
0.304547
0.555688
1.28827
0.853728
0.441215
1.76334
1.61708
1.25791
0.313134
2.88185
2.7062
0.1007
0.561341
1.03288
0.392508
0.144552
0.0306037
2.43858
1.82175
0.324344
1.29793
0.120092
0.0455977
1.42228
0.353927
2.37397
2.59257
1.44946
0.179954
2.37887
0.291329
0.985458
0.108083
0.302234
4.07253
1.11735
2.42962
0.405091
0.37419
0.777872
0.453523
0.774328
1.01346
0.967335
0.227809
0.281576
0.256624
1.89745
0.46901
0.538667
1.10225
0.0811884
1.29626
0.259259
0.294087
2.22986
0.145253
2.14683
0.796905
0.512079
5.78673
0.0851444
0.0122864
0.451121
0.322782
0.721562
0.478696
2.31586
0.385052
2.18971
0.593088
0.719526
0.442791
1.17642
0.0657424
0.125327
0.703147
0.667182
5.1153
0.720326
3.6867
0.1291
0.217344
0.00481531
0.845188
0.0377461
0.0201841
0.858355
0.0518775
1.37047
1.17073
0.219087
0.126191
0.756946
0.640803
0.664518
0.193471
0.291915
1.03944
1.23537
6.97377
0.922905
0.400368
0.0749885
1.27275
1.37713
0.505792
0.651511
0.24103
1.49955
0.106396
1.90783
1.40553
2.15272
0.0400292
4.20507
1.65233
0.530786
0.261447
0.792523
0.913856
1.40749
0.0602841
1.97795
1.24914
0.0192501
1.37279
0.776388
3.6558
0.196548
2.17834
2.01327
0.195116
0.464278
4.39972
0.516579
0.509848
1.03673
0.547563
2.05748
0.716549
2.02766
0.931009
1.00443
0.733869
0.194439
1.03426
0.990628
0.542444
4.0028
0.526149
0.553946
0.839693
0.85363
0.754681
3.17278
0.158516
0.332437
1.92936
2.4751
0.10716
0.164117
0.55789
1.45713
0.130609
0.769412
0.253546
1.19136
0.781266
2.45966
0.029001
1.55459
0.842814
1.04676
1.0605
0.84944
1.95692
0.460797
2.18857
0.381665
2.2886
1.9706
0.335073
0.838973
4.86343
1.04337
0.334162
0.437126
0.493189
0.718503
1.63938
3.4999
0.379069
0.656476
2.68438
0.809279
1.8263
2.71641
1.00948
1.88683
0.796318
1.15137
1.36396
0.163555
0.609321
0.825772
2.08085
2.52254
0.134778
0.312825
0.610415
0.953353
0.37724
0.299957
0.00556943
2.05826
0.00252071
0.0931213
0.640331
0.279978
0.164371
3.37205
0.0704686
0.422727
0.433904
3.50136
1.55959
0.0700941
0.252502
0.384656
1.51539
0.956496
0.632107
1.18937
0.33378
0.683112
0.288712
1.08712
1.15286
1.427
0.723135
2.5019
0.00169595
5.58795
0.373649
3.86506
0.00771509
0.740062
0.719085
0.0749596
0.525803
1.35154
1.30193
1.24986
0.581525
0.662498
0.180456
1.24686
1.53186
0.925595
1.13817
0.199999
0.676718
0.230455
1.29487
0.398782
0.134815
0.251803
0.458974
0.363977
0.643798
5.48473
0.237889
1.05729
0.0633201
2.31173
0.0937236
1.56254
0.753019
1.14786
1.35382
1.33002
0.326467
0.0386409
0.807153
0.733544
0.395389
0.420451
1.39043
1.07674
0.025533
0.706259
0.221997
2.71172
0.42081
0.383212
0.208999
0.993413
0.121638
2.56309
0.100962
0.621194
1.25359
0.0319341
1.02378
0.532604
1.43818
0.10614
0.401615
1.17693
1.48084
0.140544
0.845168
0.890518
0.474951
0.150507
0.638946
1.92072
0.507404
0.34422
0.818705
2.67958
0.180243
0.8475
2.27213
0.677488
0.302814
0.994606
0.833696
0.430216
0.0824248
1.44789
0.419763
1.14741
2.79977
0.162208
1.56664
0.381256
0.346336
0.49874
0.10347
0.0545096
1.26389
1.87685
1.33409
0.571197
2.06872
0.18255
1.24268
0.0335879
1.09796
0.24145
0.668798
2.27909
2.107
0.317762
0.0124578
0.266636
0.333411
1.29363
0.157308
4.82348
0.660375
3.2229
0.904371
1.11151
1.03028
0.881478
1.00085
0.672255
0.156911
0.942682
1.16727
1.02477
0.865877
0.768361
1.99185
1.55301
0.0879161
0.257872
0.854899
0.701551
2.95
1.66628
0.63045
0.00720491
0.975397
1.64486
0.460782
0.415528
0.636105
0.64067
2.0335
2.00747
0.0985721
0.350636
0.0923029
0.718766
0.0721875
0.34981
0.951744
0.161081
0.150402
3.1148
0.595815
0.751661
2.5055
0.11199
0.395493
1.67939
0.339641
1.96657
1.82921
0.2884
1.29275
0.0851533
0.993728
0.479635
1.10605
3.37725
0.352151
0.73177
3.2831
1.8619
1.33672
0.159358
1.12049
1.33867
0.204576
0.739726
2.29818
0.540145
0.290507
3.04536
0.241184
1.05122
0.802951
2.15607
0.50452
0.0862202
3.08945
1.44245
0.0543474
0.0497946
2.02757
0.41057
0.535829
0.01633
0.0615438
0.175046
0.519648
1.70474
0.0127283
0.123153
0.203765
0.203173
0.812408
3.00793
1.20331
0.110867
3.46277
1.31434
1.81882
0.57084
1.62144
0.915197
4.91904
2.40966
1.33172
1.0464
0.199755
3.74656
0.835773
2.65051
0.0939185
1.63243
0.56351
0.878358
0.0228559
0.645389
0.148207
0.954093
2.47162
0.248396
0.626011
0.922356
0.224919
2.48808
0.0177687
0.517422
0.107005
1.67312
0.0448782
0.00100372
0.103988
0.0284566
0.0175762
1.17702
0.131507
0.26841
0.00183603
0.0946962
0.0014612
0.892988
0.425235
0.0999179
0.990801
0.388688
0.268895
0.480922
0.232356
0.312299
0.626537
0.00458305
1.78111
0.153019
1.01792
0.598148
0.250596
1.23689
0.122476
1.33036
0.0261292
1.15825
0.799407
1.50102
1.56152
0.977399
4.75175
1.90807
0.498367
0.0261695
0.31927
0.280722
1.88545
0.323112
0.0531365
0.699393
0.386787
1.21059
0.192836
0.978335
1.3358
0.549792
0.474777
0.229281
0.610893
1.70194
0.381406
0.48912
0.283823
0.0727769
2.27686
0.457133
0.977353
1.87841
0.489271
0.636621
0.217055
1.02423
0.0942149
0.103925
0.946331
0.71993
0.0176318
0.272045
0.39326
0.141305
0.0609768
0.394183
1.07969
0.283344
0.327573
1.55697
0.424123
1.0669
0.0420673
0.0892733
0.182561
1.24654
0.373045
0.0358524
2.06797
0.504367
0.809494
0.0130527
1.97121
1.10133
1.03893
0.645538
3.04995
0.563705
3.39317
0.661538
0.325188
0.0153827
1.74937
0.678053
1.04347
0.161843
0.281795
1.03599
2.70234
0.393546
0.478742
0.156368
4.40459
0.0346926
0.1471
1.04466
0.0809932
0.37394
0.157313
2.73363
0.272932
0.631044
1.86934
1.56809
0.432096
1.58127
0.302163
1.68695
0.147194
2.43736
1.08992
3.98613
0.00454661
0.712639
3.17599
1.67686
0.343818
0.363315
1.22272
2.82358
1.15863
1.65413
0.675375
0.091996
0.677317
1.79031
0.141192
2.57232
5.24771
1.31418
0.229484
2.94548
0.127175
0.489837
1.93165
0.414785
0.240772
0.281588
1.96776
0.552836
0.26717
2.33959
1.62187
1.01649
1.31969
0.751511
1.8542
0.447205
0.334876
0.898088
0.363105
0.0882201
1.28328
0.078541
2.20996
0.963915
0.948455
0.89371
0.143857
0.978369
0.991367
0.156378
0.423562
0.0434611
0.192791
3.22424
0.0957499
2.76665
3.13723
0.857801
1.82383
0.0696802
0.0206727
0.158271
1.92702
3.98806
1.23213
0.465679
0.789746
0.701553
0.171897
0.00972371
0.0698962
1.86348
0.967173
0.886566
2.55771
2.90702
0.653501
0.440864
0.407858
0.810077
0.0945073
0.0362146
3.25836
0.634062
0.421412
0.747638
2.50413
1.0223
0.471763
0.12068
1.00326
2.11084
0.404582
0.0300135
0.698539
1.15381
0.270268
1.03949
0.21143
0.817079
0.760063
0.652797
0.518738
2.27502
1.46016
0.038801
0.705923
0.253244
0.593908
0.144401
0.0372095
1.53823
1.05676
0.309197
0.733264
0.370971
0.48024
0.266193
0.390298
0.54509
0.670275
0.309392
0.241956
0.796541
1.3655
0.00503692
0.0913632
0.672413
0.236825
0.121806
0.427317
0.514275
0.450073
1.29086
0.188869
0.419606
2.75254
0.066757
0.438381
0.558138
0.41958
0.742024
0.308379
0.8492
1.57371
3.43246
0.793273
0.532838
0.806535
1.41327
0.0207513
0.373554
0.652415
2.27059
1.54899
0.144226
0.147005
1.20339
0.147284
0.491522
0.52888
2.08878
0.480648
4.00321
1.74563
0.0899756
0.840211
1.32873
0.448084
0.775688
2.37476
0.437133
0.113154
0.806104
3.5828
0.0499444
0.700631
0.29133
0.0923841
1.25549
0.643671
0.62065
2.22747
0.839981
1.13406
1.48047
1.20602
0.698773
0.180745
1.28632
4.30462
0.0635255
0.863973
1.96954
1.41742
1.18937
1.96395
0.330553
2.02442
0.956107
0.440563
0.555102
3.46791
1.4244
1.85896
1.24295
1.70145
1.09194
2.11619
1.364
0.948087
2.81712
0.0987839
0.0205925
1.43941
1.74696
0.81565
0.0842644
0.846942
0.533584
0.999566
0.188574
0.655132
0.856051
0.308882
1.03354
0.373563
1.08422
0.431714
0.124436
4.56065
0.808107
0.594267
0.229122
0.0697885
0.99274
0.301984
0.188039
0.783788
0.48925
3.68541
2.63894
0.50123
1.15606
1.7875
0.612197
0.718106
0.319127
1.39835
0.0178756
0.961908
0.257569
1.38207
1.73111
1.44102
0.407555
0.605797
0.885773
0.653808
2.03545
3.37764
0.14905
2.31426
1.20751
0.0337237
2.0647
0.72185
0.873757
0.706605
0.238749
2.65956
1.078
2.78531
0.394048
0.423425
2.17613
2.01281
1.08081
0.739083
1.78721
0.114805
0.589751
0.228337
0.287724
0.363549
0.0329014
0.166318
0.353401
3.02213
0.343886
0.672574
0.237333
1.01808
0.261673
1.96981
1.85229
0.822821
0.718649
0.198172
0.518819
0.537
1.80356
0.416107
0.126261
0.540759
0.658635
0.373637
1.10783
0.819363
0.384967
0.618939
0.422829
1.36638
0.971174
0.903607
1.24339
1.30021
0.387513
0.111042
0.586082
0.812591
0.465808
0.715337
0.512586
1.20279
0.173089
0.676788
3.53628
0.270885
0.557495
3.9183
1.26495
0.15195
0.853669
1.88811
0.0677031
0.2751
1.53382
1.78339
0.874338
0.0451143
0.387404
0.516332
1.4478
0.164854
5.44564
2.54956
0.467381
0.0476217
1.07926
0.297137
0.695675
0.00325233
0.831689
1.4695
1.47792
1.06918
0.0646235
1.19717
0.432955
0.293862
1.91926
0.0756691
1.5159
0.215244
0.698719
3.11762
1.20399
0.456478
0.0920922
0.436297
0.237797
3.03522
0.880279
0.332573
0.452999
0.360444
0.0848383
0.448149
1.47754
1.39737
0.595034
0.829721
2.74246
1.12405
0.143445
0.972454
3.18182
0.978466
2.16211
0.526974
0.116379
0.781648
0.270361
1.4489
0.54904
2.08219
0.573965
2.21269
0.115879
0.12139
0.191822
2.4491
0.195833
0.342482
0.42556
1.1649
2.82978
1.57201
0.498859
0.736675
0.0982494
0.815701
0.209538
0.725532
0.210664
0.096212
0.956498
0.881557
0.619723
0.509687
1.40712
0.185185
0.38362
0.0438975
0.088657
0.141815
0.118214
0.118748
0.40124
0.68764
0.0158041
1.08313
0.0228068
0.325928
0.735131
0.63108
2.13609
4.29332
0.0385355
0.00100197
0.608166
0.0430664
1.15088
0.0515103
1.95314
0.58842
0.208273
0.188997
2.09485
0.416644
0.102114
0.20895
0.37534
0.800202
0.902006
0.714471
0.483901
0.425915
0.164843
1.15523
2.0428
1.23061
0.329577
1.70181
2.3191
0.783693
0.616274
0.640189
1.14906
1.55502
0.184182
0.325951
2.17781
0.519473
0.206017
0.290961
3.53225
2.45113
0.0972785
0.313776
0.675095
1.14322
0.390386
3.95499
3.85102
0.540779
0.226117
1.79069
0.890788
1.27251
0.0181876
1.97564
0.303619
0.92121
0.185928
0.0742729
0.337484
0.219773
0.786646
0.212896
0.0779044
1.38254
0.051298
0.165166
0.785279
3.08231
0.383237
0.0765616
0.416908
0.217269
0.390233
3.83267
0.577244
0.571596
0.610614
0.844614
0.185623
0.0136156
1.10936
2.10604
0.210299
0.60091
1.70584
0.547104
0.240131
0.0524126
0.46386
2.42206
0.893383
1.03113
0.198747
2.15537
0.326525
1.19876
1.87614
0.827339
1.37601
0.136018
0.324111
1.08739
0.771825
1.79248
1.7674
1.26954
0.135968
0.420267
1.4635
0.257451
0.614707
2.21369
2.37609
1.98075
1.77927
0.0991814
2.24803
0.0898727
0.12198
2.99267
1.49806
0.540672
1.28005
0.202826
0.782761
1.61601
2.52354
0.124656
0.540421
0.123559
0.842724
2.29664
1.50149
1.07762
0.0376444
0.347075
0.979475
0.0953807
1.30886
2.25761
0.617012
0.0164509
1.15829
1.12295
1.78679
0.276586
0.0242801
1.2921
0.800262
0.417486
0.528779
0.0334254
0.015745
0.1413
0.609011
0.6225
2.06924
3.10529
4.09466
2.84045
0.851446
0.454403
0.218759
0.574166
1.29506
0.420445
0.0687688
1.18797
0.858259
0.00242482
1.87121
0.144345
0.752889
1.45507
0.00283389
1.09027
0.718185
0.14082
0.528865
1.77715
2.51661
1.08675
0.186313
0.324858
1.394
0.217337
1.00155
0.474269
0.171226
0.0358176
0.23793
1.22708
0.419133
0.117715
0.446389
3.24261
0.747177
1.14274
0.161499
1.0105
0.603627
0.850108
0.656364
0.535867
0.711324
1.15623
2.07894
0.30878
1.62325
0.276992
0.939381
2.32417
3.0988
0.146681
1.90019
2.2251
1.32326
1.44691
0.18672
0.574588
0.201522
0.641616
2.99963
0.0264358
0.279097
1.31021
1.82525
1.73941
0.0144389
0.320448
0.414636
0.100239
0.264927
1.64787
0.427632
0.134586
0.106356
0.977129
0.0220152
0.312348
0.69631
0.420694
0.977241
1.34943
0.833155
0.654525
0.298787
2.21848
0.927666
1.19833
2.32721
0.905781
4.24615
1.07658
0.57313
0.519613
0.834192
0.741479
0.0309587
1.59687
0.0318135
0.226125
0.169465
0.559869
1.08913
0.0501793
0.66627
0.469217
1.14191
4.5415
0.363308
2.96973
0.00818258
0.289469
1.7589
0.64518
2.06201
0.620807
1.21475
0.296322
0.635837
0.728872
0.265677
0.776397
1.13226
0.356761
0.76569
0.500691
1.07074
0.0937138
0.902099
0.834122
0.984127
1.45744
0.234409
0.58951
0.0914687
0.219486
0.230489
0.991639
1.18226
0.369041
0.819647
0.0164856
0.674086
0.410318
0.726738
0.34426
0.939103
1.26873
0.429255
1.14567
0.256375
1.02481
0.953276
0.57472
1.05834
2.70964
2.52038
0.0746535
0.250141
1.27321
0.178725
0.576876
2.22811
0.143059
0.74236
0.852092
0.732202
1.22635
0.425012
0.392209
2.62799
0.571922
0.469711
0.499176
0.820848
0.817141
0.0298214
2.01885
1.02936
3.45991
1.42334
2.38373
1.01465
2.233
1.84242
0.158723
0.20042
0.880689
1.1939
2.05875
0.969058
1.72274
0.138467
0.311209
0.572345
2.03078
0.820269
0.116573
4.09054
0.440553
1.96469
0.558673
1.12602
0.52901
1.69144
1.76097
0.607322
0.0210084
0.585995
0.747899
1.02266
0.990741
1.01512
1.01556
0.202357
0.331952
0.187415
2.21982
0.48505
0.864266
0.652144
1.34683
0.209072
0.440953
0.678175
0.863879
0.650661
0.483272
2.54627
0.815461
0.115695
1.56844
1.24963
3.38987
1.48302
3.44703
0.0966099
0.432139
1.31636
0.054682
1.81342
0.103212
1.9588
1.75113
1.45195
0.0452707
1.06035
0.0629301
0.297397
0.492499
0.892029
0.668442
2.29423
0.982289
0.798483
0.374514
1.55386
2.42455
0.894054
0.307719
1.47597
0.047378
4.15812
1.84072
0.11754
0.71859
0.742459
1.17061
0.189699
0.814962
0.61944
1.67792
0.131066
0.666924
0.0754358
1.66233
0.143608
1.95206
0.708462
0.0492408
2.4219
0.59045
0.0801882
0.278916
0.852327
0.381178
2.93878
0.210274
0.0847605
0.467161
0.0644485
0.724963
2.6742
1.84715
0.306926
0.934019
0.0367064
1.00999
0.709433
1.6612
0.423489
1.32466
2.79395
0.534204
0.603954
3.15304
0.997788
1.42617
0.31052
0.0457383
4.31692
0.266289
1.13121
0.0118069
0.217057
0.489774
0.710909
0.92905
0.8577
0.727228
0.0269736
0.511367
2.28859
1.15542
1.14639
2.84676
0.780113
0.395625
0.12271
0.371095
0.313933
1.1008
1.27286
1.702
2.2407
0.852762
0.215659
0.136356
1.05643
4.97119
1.38216
0.069253
4.40813
1.0604
0.264152
1.18248
2.06262
0.636311
3.07471
1.54396
2.64275
0.488971
0.00771831
1.32182
0.609307
2.32605
0.303315
1.39335
3.58253
0.0112743
1.62052
0.335613
2.20703
1.63405
1.14152
0.210517
0.242248
1.56566
0.631996
1.11645
0.423282
0.852389
2.79695
1.31761
1.18276
0.769944
0.923403
1.31722
0.705715
0.932222
1.19627
0.696309
0.15764
0.0178975
0.414747
0.920742
1.2338
1.64446
0.0523711
1.92758
0.173162
1.92535
2.11421
0.541298
0.587816
1.27029
0.327809
0.369448
0.199257
0.0413202
0.319855
1.35033
0.632111
0.37809
2.15983
0.987011
3.21603
1.30337
0.230924
0.57877
0.261701
0.180402
1.67507
2.39714
0.466567
0.410838
0.785584
0.12777
0.156573
0.474164
0.621338
1.97541
0.348566
0.537614
0.333844
3.36262
0.413638
0.298892
0.862165
0.194698
0.214849
5.13135
0.180758
0.0834409
2.53753
0.202673
0.562442
0.148289
0.620036
0.483715
1.23012
0.100689
0.852683
0.976932
1.84867
0.217874
0.137459
0.886268
1.1921
2.24358
0.357013
1.07909
0.735625
0.429941
0.819264
0.867387
0.289679
1.81231
0.756828
1.09923
2.68504
1.02989
0.0280119
1.44944
0.719776
2.07687
0.622086
0.106646
0.734086
0.0558345
0.912254
2.77073
1.20799
0.369862
0.686444
0.818124
0.572595
0.550427
1.13354
3.24946
1.82972
1.82836
2.54631
0.498835
0.146981
2.17472
1.52056
0.334089
1.51854
1.65527
1.00686
0.329369
0.253948
0.780991
0.873511
0.194057
0.396232
0.348505
0.85416
0.156324
1.19658
1.44419
0.164206
0.425655
0.233671
1.80037
1.66261
1.56851
0.554314
1.23655
0.538693
0.286725
0.637492
0.23578
1.44589
0.757265
0.084765
0.149988
0.431028
0.0235786
0.543072
1.20867
2.37091
2.03492
0.0416537
1.10963
0.153851
0.79738
1.06141
1.39674
0.580631
0.156184
1.6096
0.0293138
1.22924
0.92929
7.19542
1.936
3.94802
1.13661
0.434152
1.37564
0.297361
0.740936
0.106342
1.81995
0.0228012
1.10958
1.05371
0.0737529
0.493946
0.137079
0.455498
0.717591
0.122442
0.987914
1.56902
0.906179
0.158881
0.0211896
0.784373
2.10311
0.0786977
1.14551
1.87196
0.428929
1.79271
0.761244
1.31836
1.29029
0.376577
0.807881
0.570006
1.07149
0.0312466
1.80097
2.07807
0.875993
0.495821
0.457198
0.0324191
0.251014
0.211331
1.68406
2.30836
0.723083
0.347171
1.68717
1.51184
0.365298
0.626554
0.476793
0.881289
0.215631
0.859718
0.661676
0.131244
2.42644
0.0120449
1.82343
2.47571
0.182681
0.743763
0.378509
4.10867
0.198016
2.20678
2.81576
0.321499
5.96456
1.43361
0.443463
0.436039
0.080166
2.27468
0.0080403
0.136005
0.381297
0.466694
0.0441483
0.236872
1.16947
0.203775
0.555163
0.0179118
0.717435
0.712812
0.246044
0.625099
0.137849
0.406028
0.607202
1.16507
2.86167
1.1675
0.177126
0.305681
0.219932
1.28512
0.0493855
2.16507
0.214291
0.802194
1.13979
0.588264
0.733536
0.608781
2.85267
0.0415727
2.11454
1.2154
0.240004
0.168637
1.9367
2.27212
1.97414
0.513728
0.0343753
0.562514
1.15156
1.30489
1.41237
2.96109
0.162084
0.543509
3.61806
0.859296
0.662185
1.58987
0.917536
0.859603
0.89695
0.261192
2.64911
1.09367
1.15266
0.329894
0.464823
1.70815
0.753145
2.45321
0.682656
0.601503
0.105971
0.592385
0.342342
0.702972
1.1727
2.06048
0.180959
0.767113
0.517472
0.627159
0.924687
0.317684
0.52007
0.143024
2.58081
0.461675
2.2213
0.119633
0.65808
0.0848948
0.0246733
1.14224
2.36938
0.0899446
3.04367
0.136068
0.0179604
0.519828
0.699634
0.00416938
1.30921
2.18407
0.884468
0.765535
1.84827
0.746326
0.1717
3.12772
0.0435844
0.599478
0.950564
1.54468
1.73739
3.10789
0.865189
1.3836
0.293507
1.43687
0.50968
2.99174
1.11773
2.22524
1.00591
0.574235
0.314733
0.112627
0.116768
0.472765
0.125057
1.734
0.416034
0.867763
0.396162
0.789781
0.786107
0.321871
0.814158
2.39897
0.222504
3.16324
1.45075
0.158516
1.04216
0.54911
1.60018
0.927831
0.398618
0.156203
1.2753
0.584216
1.42086
2.20765
0.942645
0.139548
0.495221
0.847044
0.396861
0.205195
0.774685
0.0891671
0.515305
1.87357
2.96338
0.31444
0.0686017
0.330231
0.451427
1.11134
0.403278
0.445112
0.550468
2.53402
0.425577
4.61639
1.29612
4.06637
0.905832
0.309039
0.383803
0.0374464
0.427368
3.17966
2.73395
0.597136
0.785737
1.8205
1.64019
0.164639
0.646185
0.582766
4.30217
0.223751
0.821294
1.04787
0.141784
1.30236
0.890396
0.217064
0.142133
0.812134
0.543387
0.182871
0.941797
0.169403
0.457693
2.65294
0.153419
0.521617
0.0291368
1.08872
0.216852
1.16082
1.94345
3.40414
1.33887
0.941562
0.0812155
0.575114
1.75147
0.560544
0.414496
1.50741
0.0769976
0.665785
0.224818
0.359431
1.78377
0.980584
0.204617
0.604084
0.627015
0.255945
1.4234
0.797662
1.34325
0.416704
0.42641
1.66294
1.83057
0.939121
0.338852
0.219654
1.80337
0.548807
0.810329
1.99273
0.9042
1.58614
0.0476552
0.221147
1.35655
0.101879
0.125811
1.02938
1.22385
0.153617
2.49225
0.734577
0.1448
3.06783
0.761741
4.07712
3.79945
0.0109587
0.162452
0.685706
0.769115
0.210204
1.73386
1.74367
0.508323
0.394343
0.179425
1.19901
2.06172
3.98741
1.16607
1.60327
0.652086
0.349582
1.30593
1.2573
0.133492
0.971413
0.162
0.53625
0.466983
0.128955
0.543997
1.12616
0.061483
1.07657
0.53184
0.0538326
0.522235
1.60125
0.294083
0.132531
0.79558
1.18037
0.1521
0.100213
0.532889
0.162091
1.98398
2.854
0.678559
1.12727
0.288743
0.0746534
3.86073
0.141563
0.508576
0.496178
1.53401
1.02776
1.13194
0.568769
0.443893
0.145809
1.45878
0.0637177
0.123304
0.888613
0.458083
1.32686
0.493042
0.687189
0.58616
0.777393
1.33278
2.63206
3.09519
0.489745
0.3158
1.4421
0.496257
2.51068
0.697991
0.472572
0.300389
2.44181
0.740279
0.471088
0.232196
2.61366
1.39644
0.583144
1.80639
1.0544
1.82439
0.459218
1.14187
0.542536
1.01044
1.42375
0.410812
0.292769
2.10806
0.59504
0.637022
0.239335
0.902371
0.580542
0.58075
3.19872
0.398309
0.462169
0.790151
1.97405
1.12567
0.380033
0.668786
1.03298
1.37946
2.30988
0.522228
1.72976
0.341069
0.668517
1.82938
2.58841
2.16588
2.03654
2.79153
1.26082
2.1148
2.9521
0.278075
0.239825
0.242534
1.5293
4.78139
1.88413
1.5839
0.215098
0.24806
0.782817
0.669513
0.377711
0.648108
0.0331761
0.460033
1.25715
1.07766
0.254572
0.0193131
0.893971
2.37099
2.16403
2.40661
0.0426226
0.494257
2.74496
0.453013
1.06746
1.99936
0.216825
2.44019
0.921166
0.778619
1.22984
1.86553
1.28297
2.38795
1.50225
0.433726
0.0954586
4.91685
0.610042
0.18549
2.34923
1.82735
0.315788
0.531499
0.259116
0.112241
0.198813
0.098952
4.47534
0.181488
1.35133
0.581099
1.85701
0.340867
1.37546
1.3218
0.69718
2.27168
1.08286
0.304007
0.0721265
1.31755
0.381861
1.15313
1.74631
0.819078
1.90349
0.373961
0.0704199
2.15696
1.91085
1.14785
0.55194
0.762715
0.34136
0.320514
0.230772
2.13336
2.43411
2.84496
0.492296
0.550447
0.448015
0.0970797
1.98064
0.306224
4.72113
1.34175
0.55474
0.281732
0.0485779
0.411902
0.162048
1.79702
4.24865
0.144705
0.198561
1.34679
1.82803
3.38944
1.39793
0.69299
0.0974384
7.2748
0.421459
0.0312569
1.33777
0.688678
1.53552
0.416832
0.498497
1.21691
0.477019
0.302483
0.891161
0.824006
0.12221
0.00508364
1.16511
0.00914603
2.06358
1.00734
0.251362
1.00391
3.29236
1.68573
1.50863
1.37311
0.780653
0.82264
0.419568
0.884367
1.20357
1.17853
0.310981
2.52545
1.29376
0.33051
0.0195638
0.531169
1.55923
0.196729
0.273494
1.64856
1.75006
0.705817
1.15348
0.163965
0.832177
0.532962
1.21041
0.798186
0.901461
0.14129
0.0665582
1.20658
0.15468
4.22656
0.75223
0.756311
0.538886
0.151416
0.234018
1.16265
0.212355
0.0404375
1.78827
1.02854
1.73482
0.239751
2.02001
0.12411
0.622333
2.63197
0.194365
0.257715
0.361918
0.630869
1.97315
2.53491
0.0827715
0.0586229
1.74327
0.143244
0.244626
0.0626324
1.56542
2.23121
0.430403
0.441616
0.444776
2.48599
0.0921023
0.146877
0.610634
1.63099
0.943306
0.0352505
0.500131
1.29945
2.11001
1.67557
1.12949
1.34428
0.0107257
2.54959
2.09342
2.2234
3.51121
0.710743
1.88439
1.91503
0.626175
1.85381
0.689166
0.891707
0.726253
0.00370808
0.787859
2.15707
0.102518
3.1004
0.0981734
0.45197
0.895096
0.116978
1.24707
1.63655
0.487086
4.14325
0.944822
0.619865
0.118107
1.58373
0.90822
3.40007
3.41307
1.24901
0.203991
0.279483
2.20274
3.09418
0.596085
0.0486164
0.8477
2.27814
0.175713
5.44957
0.47173
2.1791
0.275741
3.38755
2.41191
0.101296
0.792255
0.953751
1.00154
1.30547
0.158442
1.26835
0.6962
0.967425
0.285066
0.976859
2.36959
1.93533
0.476234
1.89419
0.48642
3.17065
1.29315
2.898
1.59611
0.414081
0.118063
2.81128
0.621584
1.0614
0.273584
1.4243
0.596884
0.165682
1.0974
0.116183
1.57834
0.987401
1.20605
0.92559
0.601391
1.62218
2.57664
0.0904015
0.880555
0.545771
0.419698
1.0205
0.217689
0.721592
4.14943
2.12697
1.84992
1.42023
2.26949
1.30877
0.374895
4.07676
0.701652
0.774798
1.09023
0.173323
1.42525
0.936231
0.718947
0.0184804
1.85333
1.64649
0.0269263
0.130875
1.41421
0.00821588
1.00311
0.172042
0.17576
1.8422
0.820935
1.03289
0.733632
0.160242
0.0346086
0.770426
2.95274
0.425497
0.315387
0.628019
0.272919
0.527783
0.903954
2.43327
0.109573
1.18044
0.640785
0.876816
0.918758
0.635336
0.723435
1.71293
1.04204
1.1575
0.321898
0.0449052
0.0847127
0.600871
1.96034
0.428528
0.493244
1.23171
2.02365
0.0736876
0.563877
3.09867
0.466326
3.05591
0.69506
3.0245
0.917189
2.98549
0.215766
0.0248725
0.592311
0.115485
1.5425
0.467463
0.427713
2.96053
0.475373
0.299979
0.389807
0.582646
1.1476
2.2322
0.0267173
1.97499
0.0239863
0.437188
0.943779
0.221153
0.748007
0.134281
0.309952
0.616147
0.400135
0.495132
0.026497
1.04338
0.600651
1.26149
0.266704
0.380428
0.279459
0.150426
1.97603
0.106406
0.559322
4.51975
0.445312
0.0574401
3.16311
0.803118
0.175777
1.79498
0.539562
0.296906
0.416848
0.144248
0.979611
0.563994
1.67782
0.204367
0.443414
1.18833
0.214984
1.2452
1.50878
0.066854
1.80301
0.800424
1.72572
0.165555
0.403697
0.109913
0.563771
0.35287
0.0149495
2.15996
0.728167
1.26504
1.26189
1.02237
0.92951
0.186317
1.37981
0.950083
0.851773
0.250347
2.62992
0.809447
0.226084
1.83691
0.554782
1.06401
0.740521
0.164018
1.20813
1.37861
0.673583
0.0198812
0.0255535
0.517843
0.280907
1.21286
2.56176
2.5963
0.307071
0.946102
1.22301
0.206512
1.44974
1.99635
0.453243
1.27905
1.4647
1.06443
0.135898
1.39226
1.51166
0.801115
0.774802
2.99677
1.74353
3.91051
3.84202
2.11108
0.0108727
1.92963
3.30923
0.099997
0.353682
0.331485
1.42595
0.125808
0.124494
0.6224
1.78273
0.86379
0.00657351
0.722236
0.271286
0.0604603
1.33241
0.2755
1.03869
0.192108
0.678093
1.03988
0.211454
0.429019
0.645508
1.67464
1.15115
0.283145
1.09055
2.64226
0.0545966
2.79919
0.178464
1.66817
0.431588
0.205379
0.307097
1.6768
2.19887
1.25108
0.714354
0.193164
0.565657
0.956214
0.420708
1.04204
1.38139
1.66415
0.645198
0.849028
0.043026
0.707982
0.621895
0.168221
2.3471
0.68186
0.0832163
0.989451
1.08672
0.504548
0.261325
0.782512
1.23622
0.607566
0.207492
0.238326
0.0791416
0.455776
2.50785
1.93999
2.2516
1.89725
1.84468
0.674922
0.24031
0.470147
0.575777
2.35811
4.25777
0.325695
0.164453
2.55608
3.71117
1.89837
1.17498
1.32725
0.25187
0.23716
0.529671
1.21534
2.58727
0.303474
0.680016
0.215889
1.95093
0.157021
0.188658
0.68808
0.533783
0.960028
0.986727
1.15798
0.0292653
2.77753
0.35636
0.711813
0.191899
0.638202
0.453784
0.985239
0.741543
0.554749
1.21573
0.158259
1.16764
0.171408
1.7321
0.813101
1.20671
0.67037
0.462987
0.987084
1.35411
0.623947
2.17208
0.17658
0.857272
0.251161
0.957226
2.91796
0.660299
4.20779
0.104792
1.3909
1.04595
1.83038
0.0295035
0.899173
0.0320009
1.38741
2.67466
2.67051
0.561887
0.340755
0.684538
0.453053
0.212253
0.9642
0.0908232
0.470326
1.62269
0.509394
2.11759
0.592726
0.228978
0.211623
0.206297
1.10571
0.462694
0.985268
0.621356
1.53594
0.939886
1.28646
0.0240685
0.249463
1.37415
0.168572
0.0769759
0.601477
0.28816
1.19858
2.08592
0.231515
0.470797
0.28368
4.02245
0.615678
0.322431
0.329445
2.0437
0.509504
2.33382
0.361008
0.0805318
0.0156804
0.775086
3.32081
0.338782
0.843331
0.489718
0.101722
1.0262
1.74077
0.284225
0.159157
1.81738
2.59139
1.13114
0.0970439
0.0821711
0.698088
2.28533
0.387646
0.607309
1.37818
0.210772
1.01518
0.473496
0.918351
0.933289
2.13157
2.70859
0.0582715
4.29704
0.146963
1.48866
0.118394
1.36146
0.463963
1.87753
1.15154
0.825626
0.0741809
0.126249
0.962493
0.659006
0.21534
0.994237
1.19324
0.0778828
2.60416
1.3689
0.694354
0.378209
0.649011
0.526762
0.770501
1.98381
1.21335
0.407792
1.53903
2.11226
2.24472
0.28812
1.07928
0.0402577
1.55433
0.180432
0.408986
0.78581
1.41198
1.72725
1.51593
1.27381
0.566263
0.605411
0.151852
0.102809
1.20786
0.195428
0.116663
3.59017
0.0404017
0.0519541
0.594783
0.928112
1.12138
0.375415
0.19656
4.35948
2.06269
1.00918
0.526219
0.0459778
1.52678
0.670056
3.53133
0.151368
0.823292
1.60042
1.4995
1.1184
2.0452
2.1608
0.234788
0.968017
0.0827451
2.03187
5.87966
0.237419
0.497594
0.118775
0.964054
0.118054
0.8115
0.246464
1.48251
2.9756
0.393951
0.366339
3.82195
1.06634
0.488458
2.12226
1.94759
0.950765
0.631996
0.123579
1.07629
0.278301
1.2603
1.62931
0.605695
0.62747
0.665626
1.2752
0.200231
2.85319
0.421691
1.69967
0.16006
0.667769
0.845156
0.250841
0.0956326
0.595838
0.801637
0.604149
1.5153
1.34222
0.635957
0.240776
0.191845
1.57551
0.281637
0.215486
0.127995
0.0198249
0.00624823
0.159495
1.09796
1.06413
0.118325
0.478195
0.760952
1.51135
3.46273
0.238089
1.19653
0.253355
0.271097
0.0711211
0.177388
2.43844
0.755515
2.17149
1.37189
1.96398
1.95494
0.561353
0.479789
0.749668
3.03103
0.0394233
0.379644
2.81528
0.707173
2.72892
0.563739
0.0648605
0.641252
0.723354
0.62119
0.240756
2.48066
0.76653
0.370942
0.259897
1.67867
0.69598
0.13443
1.33881
0.765546
0.35214
5.23287
0.161317
1.11672
1.02296
0.664638
0.0337737
0.600311
0.771024
0.0955606
1.63242
0.0573587
1.87374
1.54299
0.65518
2.41148
0.532721
2.64017
0.539897
0.0709799
0.0827929
0.228227
0.170154
0.542402
0.0950507
3.83449
1.37731
0.150209
2.82362
0.554318
0.384137
1.19169
0.194473
0.329283
0.597998
0.410494
2.10411
0.978735
0.835314
0.545115
2.20631
0.363023
0.888282
0.952478
0.0292552
0.655105
0.377358
1.83594
0.958537
0.42035
0.237366
0.547532
0.315784
1.5533
1.15025
2.47657
2.78369
0.175415
0.626479
0.159017
2.5208
0.0236188
0.143002
0.973438
4.54758
0.176151
0.166459
0.414213
1.141
0.0221026
0.288998
0.754172
0.0884295
1.83321
1.84339
0.833976
2.99192
0.988571
3.66837
0.987708
2.89293
1.21819
1.13383
0.122013
0.447805
1.65856
0.249566
1.17741
0.817212
0.24678
2.37566
0.764317
0.868821
0.406878
0.500852
0.282859
1.32621
0.992583
1.34554
0.256402
1.53157
0.942027
0.816481
0.451886
1.29202
1.43822
1.21466
3.83875
3.7114
1.43815
0.212523
0.200265
2.98027
0.0765927
2.08819
0.535342
0.463938
0.526658
0.470855
0.0827157
1.58211
0.405816
0.716991
2.09066
0.533796
2.70273
0.0228759
3.3139
1.38957
0.50375
0.623544
0.268599
1.12719
0.385254
0.378363
0.0583103
1.20372
0.645574
0.786147
0.764828
2.17873
1.86455
2.31495
3.3131
0.0885873
0.359
0.652166
0.240604
0.944347
0.0295392
0.88264
0.939852
2.16584
0.451394
0.641564
3.32388
1.33111
0.466719
0.294363
2.24553
1.86025
0.334558
0.813573
3.50648
1.7619
0.519502
0.86877
0.943015
0.245306
0.092995
1.85455
0.643162
1.12124
0.753826
1.20165
0.347481
0.625377
1.6353
1.01719
0.206658
1.90238
0.0600739
0.635986
0.281763
1.40896
0.635409
2.30651
0.109914
0.0540216
1.06197
0.214387
4.09622
2.58476
0.159138
5.24874
1.52039
0.0597478
0.184903
1.24872
1.59476
0.921928
0.0604157
2.1238
0.00230799
1.25828
0.870527
1.34691
4.86006
0.988083
0.464096
2.45054
0.165279
0.134863
0.482902
2.01063
1.22266
0.829619
0.742782
0.349605
0.479583
0.359996
0.414902
0.358461
2.78249
0.160309
0.361742
1.85139
2.00875
0.0259613
0.0861177
1.01022
1.04016
1.86703
0.107971
0.29115
0.166752
0.414127
0.584125
0.0842333
0.447788
0.368407
4.09539
0.321894
1.05267
0.194085
1.78236
0.839419
2.01817
0.710058
0.324927
0.438973
2.1059
4.10784
0.384354
1.89478
6.42382
0.845136
0.700061
0.182081
0.0725275
1.9929
0.368535
0.35106
0.740384
2.47086
0.486749
0.236279
0.129816
1.44061
2.90009
0.639689
0.685228
0.247231
1.10868
0.192677
1.31093
0.723116
0.734615
1.43346
0.302296
2.22192
0.377199
0.0999633
1.98139
0.180423
0.25252
0.357465
0.787909
0.364766
0.53331
0.718535
0.523741
2.79501
0.959632
0.386267
1.53358
1.7469
4.02893
1.67961
0.0482477
0.55601
0.190712
0.902229
2.80955
1.8271
0.475731
1.17462
2.87252
0.141448
0.0995209
0.161676
1.0471
0.581488
1.48486
0.336534
2.59139
0.476114
0.66149
1.02656
0.786367
0.214585
0.983689
3.30682
0.340275
1.37366
1.22373
2.00522
0.0287863
0.615299
0.943376
2.37603
0.309634
1.18851
0.646573
1.32454
1.1003
0.235018
2.05059
1.33709
0.812637
1.78501
2.06314
1.49072
1.17026
2.19467
1.86166
0.244975
0.0954669
0.503289
0.0463009
1.09253
1.75301
3.62381
0.215645
1.4224
0.608424
2.80948
2.45601
1.08726
2.61291
0.167348
1.02113
2.50582
0.0228269
3.1295
0.974702
2.45682
0.525705
1.3368
1.03697
0.429969
3.44698
0.226656
2.1604
0.777774
1.16279
1.65421
0.0377489
1.51623
2.12978
2.14643
1.27663
0.207662
0.226459
3.51667
1.1567
0.672993
1.01497
0.66759
0.411767
0.302891
1.02631
0.0421054
0.463435
0.642625
1.01396
0.0954557
0.120134
0.622194
0.369842
0.00817171
2.08965
0.0370709
0.417414
0.242642
1.6611
0.548053
0.560931
1.24654
0.25266
2.03219
0.416202
2.96478
0.225565
0.254295
0.535709
0.332106
1.44847
1.97618
2.36984
3.45447
0.415718
0.619952
1.78107
0.158306
0.896841
1.81605
0.152876
0.406856
1.00373
0.031783
2.54105
0.92901
0.484384
0.22908
0.583878
0.618367
1.69342
0.471454
0.114092
0.512083
0.606916
0.107258
0.0261925
0.823109
1.24018
0.104967
2.58966
0.657171
0.352124
0.0273334
1.39381
9.44471
0.628061
3.01123
0.274966
0.281735
0.522319
0.180872
0.463891
0.721363
1.07786
0.0541282
0.770581
2.75514
0.977331
1.05707
1.18572
0.0179857
0.345811
2.912
0.398232
0.855416
0.80508
2.0084
3.09202
1.96495
0.364677
0.70527
0.772251
1.70619
3.54635
0.677573
1.98264
1.57557
1.38634
0.133282
2.07551
0.652843
0.407642
0.886548
0.72981
1.12314
0.23699
1.05732
1.93136
0.0736071
1.20225
0.143318
0.581313
3.00221
0.662492
0.820797
0.228664
1.22157
0.635432
1.13791
0.721407
0.421341
1.78835
0.714943
1.97312
2.76841
0.607726
0.889985
0.965619
1.87406
0.548548
0.122231
1.44563
1.29591
1.16199
0.110451
0.159569
0.0882105
1.39099
7.57403
3.92739
0.870061
0.51242
4.79926
0.541457
0.58665
0.0266283
0.751199
0.768329
0.171143
0.560469
2.08549
0.403023
2.87679
0.74781
0.703104
0.912345
0.103087
0.0696887
0.738881
0.358998
1.47054
0.0180917
0.00391738
0.375414
1.31682
0.242016
0.362657
1.11947
0.97429
0.271933
0.10833
1.44813
0.50003
0.306467
2.01368
0.582994
0.842993
0.463136
1.31222
0.0814411
0.857853
1.774
0.930837
0.114024
3.79815
0.299333
0.104084
1.15156
2.36196
3.59007
3.99189
0.00115831
0.278689
2.12631
0.271675
0.260829
6.0768
0.0314052
2.3366
0.350573
0.803681
0.388688
0.0570368
0.656974
1.04439
1.06266
0.629972
0.359641
1.15137
0.12605
0.00439832
2.21026
0.749023
2.77813
0.178181
0.521606
4.54487
0.571417
3.28804
0.283571
0.795788
2.34943
0.399143
0.286179
0.109444
0.0682988
0.269223
0.0511142
0.555215
1.63263
0.111711
0.505931
1.12492
1.17875
1.28479
1.79132
0.831086
2.08706
0.544742
2.04624
0.614471
0.281884
0.252399
1.49626
0.507524
0.407661
0.989967
0.527372
0.634002
0.78324
0.947971
0.538676
0.783974
0.527966
0.438244
0.434481
0.847773
1.02947
0.214779
0.276566
1.28974
0.262802
1.52039
0.515792
2.03091
0.849282
2.09986
0.35673
0.379786
0.356911
0.200507
0.543121
0.795917
0.26111
0.0772345
1.64106
0.807241
0.167712
1.79055
1.00033
0.614341
0.420917
0.152469
3.2148
4.39644
0.956075
0.921363
0.58746
0.92893
0.500489
0.0827949
2.27225
0.838252
1.48426
0.628949
0.106449
0.00590196
0.450626
1.48803
1.71944
2.43529
0.736882
0.0280453
0.158106
2.15836
0.0769684
0.756458
2.64539
1.40294
0.0873892
1.03699
0.904388
0.0364799
1.25749
2.26667
1.41744
0.388895
0.729933
0.306298
0.275877
0.491239
2.45174
1.79181
0.00960872
0.72229
1.13127
0.204645
0.547138
0.299444
0.569482
0.196339
1.66849
0.0936819
0.76383
0.113749
2.51851
0.92994
0.261492
0.0165325
1.09513
1.74233
0.15167
0.856171
0.623322
1.15386
0.15881
0.105005
0.122216
0.91393
1.61025
1.04944
0.721105
3.05819
0.113513
1.39488
0.413888
1.16328
0.303321
0.0897801
1.13629
1.53436
0.0690595
1.79149
0.731091
0.231339
2.72003
0.848626
0.253821
0.972393
0.54331
0.314296
2.21993
0.892488
0.25549
1.20178
1.03238
0.795557
2.06286
0.538914
2.3896
0.299088
0.183507
0.25246
0.312772
2.71469
0.0867309
0.0793364
1.96319
0.232024
0.652416
2.37273
0.322355
1.57624
0.774974
0.471807
1.23678
0.165684
0.154386
1.46981
0.394598
1.66215
0.433874
2.30382
1.21954
0.0634111
0.586566
2.38617
0.4149
0.833214
1.09599
0.630429
0.839462
0.533461
0.236611
0.232161
1.0192
0.604144
0.595528
1.46741
1.5942
0.483298
1.40158
0.29306
1.99085
0.000712501
0.456682
1.19464
1.19938
0.30064
1.06828
0.726001
1.03035
1.8463
0.425772
1.02532
0.476482
2.13979
0.229516
0.636368
0.0759174
0.660951
0.314872
0.337322
2.2795
1.02621
1.55398
1.4433
0.672086
0.155502
0.00276448
0.681604
0.285844
1.10011
0.0931666
1.21727
3.5029
0.61891
1.15544
1.37002
1.22991
0.252581
0.378206
0.55905
0.399544
1.03577
1.86769
0.355349
0.516936
0.0355409
0.0981126
2.56535
0.179083
1.44822
0.669648
1.28195
1.30293
0.336848
2.77879
1.35072
1.30026
0.355084
1.74503
1.52458
0.497762
0.444708
0.599571
1.29005
0.0862695
1.54432
1.54517
1.52092
0.832689
0.0326632
0.914947
0.4087
0.0716148
0.686176
1.76904
0.502032
0.937231
1.6149
0.717415
0.319097
0.186526
0.457124
2.44086
1.56407
0.526428
0.304201
0.362378
4.65531
0.401937
0.172541
1.45929
0.512608
0.325742
0.0770313
0.553134
0.541837
0.218276
1.35958
1.61871
0.0716044
1.34255
2.35485
2.98305
1.41361
0.0858221
1.39098
0.141822
0.700632
0.469712
4.05491
0.106215
0.753309
0.342376
0.52596
0.371589
3.32276
0.14512
0.470111
0.101084
0.297342
0.0854145
0.398138
0.414111
2.46094
0.234988
3.41715
0.155734
0.0863981
1.70688
0.271573
0.755024
0.0214407
1.22368
0.268173
0.109898
0.596332
0.416344
0.223592
1.05405
0.342325
2.7259
0.476879
2.63385
0.791081
1.28877
1.28187
1.04755
0.532245
0.113669
0.152087
0.834609
1.01429
0.0140916
0.401551
5.11091
0.580832
1.22832
1.25054
0.681422
0.903671
0.580865
1.14301
0.543725
1.53415
1.07293
0.782258
0.631863
0.0276132
5.26828
0.0667271
0.615429
0.267098
1.39141
0.742462
0.608402
0.218497
0.00135886
0.331006
1.51298
0.210058
0.76382
0.128648
0.00925569
0.935805
0.844841
0.339024
1.69053
0.920788
0.0631992
0.286984
0.885848
0.950077
0.62355
1.33525
1.18704
0.316345
0.783421
0.570249
0.695313
1.05529
0.0132276
0.964172
1.67227
0.0625805
4.68967
1.13025
0.323436
1.91112
0.300857
0.733073
1.43104
0.443559
0.622065
1.41513
0.344248
0.981537
0.638412
1.33943
0.914392
1.12078
0.630124
0.312668
0.725451
0.919659
0.896218
0.603107
1.00515
1.01559
0.584818
0.852833
0.135658
1.56208
0.0300999
0.598507
0.0568677
1.92488
0.0787703
0.0796136
0.982667
0.222862
0.684253
0.74253
1.80734
0.0723296
0.603957
1.28434
2.26046
0.351853
0.351969
0.886056
0.406052
2.63159
1.39063
0.649348
0.464113
1.11191
1.13929
1.49115
4.83398
0.231245
0.335718
1.06119
0.188678
0.0465987
0.518916
0.431756
0.563839
2.09959
0.395548
0.594364
1.10173
0.454848
1.45897
0.127534
0.0575351
0.871522
0.083848
1.49778
0.686597
0.125888
1.47363
0.212037
0.0845352
0.18402
1.12537
0.940866
0.786291
0.28348
0.0492777
0.58611
0.855652
1.7926
2.25082
0.484158
1.73142
0.0586301
0.685789
1.81919
1.52068
0.0849639
1.1686
1.47641
0.804921
0.453641
0.454874
1.7728
0.804606
0.253894
0.327569
0.129392
0.056149
1.54633
1.46872
0.835555
0.294089
0.624766
1.81534
0.216379
0.348683
0.79766
0.292266
0.319939
3.25093
1.28237
0.473205
0.650787
0.11575
0.636081
0.151665
0.377128
0.164136
0.3716
0.791274
0.364792
0.28805
2.05446
2.78202
1.28818
0.615344
0.372785
0.73888
0.329053
0.570747
0.0836462
0.03063
1.36203
0.35192
0.0867124
0.158993
0.0915076
0.896877
2.31722
0.391869
1.70181
0.464752
1.15094
1.8338
1.07447
0.525763
3.92599
0.425538
1.93092
0.341058
0.227588
0.966275
2.04534
0.166003
0.370658
0.873226
0.156664
0.654208
5.5626
1.79138
0.637734
0.80048
0.367492
0.852785
0.282972
1.39345
0.935497
2.26712
1.40859
0.271982
1.89914
0.605951
0.525884
1.16521
1.80962
0.601215
1.07278
3.79388
0.576711
0.220616
0.997012
0.0463422
1.56889
2.98134
0.492021
0.610282
0.300552
2.24418
0.38747
0.112838
0.077017
1.01431
0.682525
0.0300081
0.40261
1.84124
1.21519
1.35541
0.301606
0.52875
0.388773
0.290932
0.12235
0.173986
0.896026
0.968245
1.42441
1.78408
0.272025
0.695757
0.0378552
3.48268
3.30706
1.11449
1.55527
3.51047
1.14422
0.37515
0.212475
3.82369
1.97912
0.665327
1.30315
0.592973
0.134125
0.512513
0.173521
0.772146
0.907259
1.82472
0.537568
0.338926
0.460171
0.774327
0.433096
2.24107
2.67616
0.0211877
0.089283
1.52456
0.237369
1.11818
0.82433
0.599208
0.0113904
0.0175174
0.865858
1.09383
0.74947
1.39766
0.722564
0.548234
0.142846
2.71032
0.25163
0.486629
0.0173191
1.66733
0.11118
0.209348
0.149956
0.403213
0.372001
0.250395
0.68386
1.73131
1.33571
0.134418
0.231511
0.4312
0.777819
0.431366
0.636092
1.56965
1.23712
0.663868
0.097531
0.971852
2.30426
1.65422
3.64501
0.4921
2.96286
0.25828
0.731889
0.102436
0.772727
0.777964
0.116072
0.299058
0.738571
0.522148
0.341956
2.30271
2.9703
0.536327
1.0137
1.97751
0.47441
2.11809
4.51
0.33891
0.561655
0.263046
0.0294826
0.487136
0.6676
1.25575
1.01736
1.23542
0.247307
0.350917
2.4083
2.16048
0.240656
1.22343
0.829488
1.46536
3.1739
0.178836
0.791734
0.435129
0.11065
2.03675
2.24274
1.13145
0.225124
0.85504
0.151963
2.63932
0.764301
1.32024
0.91448
0.676826
0.836775
0.700924
0.0673725
1.95128
1.1009
0.780503
1.49896
0.0846094
1.64693
0.812086
2.25941
0.228243
0.0461716
0.40219
6.04594
0.420627
0.90052
1.18979
0.108357
0.914796
1.43429
0.00948825
3.3421
1.27149
0.110018
0.680143
0.912014
0.84823
1.10522
0.324093
0.599787
0.716595
1.05305
1.21587
3.78786
0.171665
0.396233
0.348214
0.806849
2.34383
0.70962
0.0550401
0.285336
0.988321
0.735666
0.81639
1.03747
2.62027
1.95562
1.00527
0.119381
0.22941
0.061342
0.532169
0.0961051
2.02114
0.424387
0.247615
0.573004
1.03431
0.373588
0.0390327
1.49333
1.84459
0.0916819
0.262608
0.59002
0.64015
0.594188
0.938412
1.5389
0.50993
0.223651
2.0738
0.492094
0.794158
1.2614
0.908715
0.246696
0.10085
2.18735
0.266968
2.46626
0.524262
0.268545
2.66345
4.16892
0.0104093
3.13682
1.65961
0.309839
0.94138
1.38268
1.97959
1.30308
0.139716
0.293049
0.101507
0.695978
2.92184
0.893642
0.0224243
0.779293
0.562534
3.16047
0.50733
0.585784
0.0348513
1.13368
0.165984
4.37783
0.354801
2.31915
0.0486982
1.61216
0.403356
1.52318
0.692995
0.16165
1.3728
0.209338
1.11414
4.867
0.126984
0.755814
1.39848
2.13405
0.758818
0.238652
0.00096129
0.927679
0.538877
1.02075
1.47878
0.304695
4.26135
2.325
0.0575708
0.111196
0.18998
1.24669
0.131925
0.415535
2.43176
0.723441
0.347891
0.629011
0.449776
0.916515
1.13438
1.19354
0.585956
0.902704
0.669817
1.11776
1.99058
1.59098
0.201117
0.101143
0.236668
2.00802
1.39312
1.3056
0.200917
0.956711
1.66533
0.718757
0.835622
1.40787
0.193765
1.39551
0.200028
0.00277366
0.299786
0.249691
2.8543
4.79875
0.0743915
4.14507
0.0478326
1.28868
2.16517
0.335693
1.18649
0.352343
1.3084
0.157898
1.19611
0.556915
1.89625
1.50488
4.995
0.823776
0.0154131
0.60845
1.54478
0.826983
0.0300695
0.445247
0.624126
0.0850448
2.43594
1.7353
0.346714
0.777485
1.5247
0.605586
0.471276
0.589928
0.516545
0.309852
0.732363
0.960875
0.442434
0.214884
0.19531
0.614029
1.39945
0.523665
0.0410214
0.0109952
2.43866
0.727895
0.181708
0.147336
0.520396
0.0768079
1.78035
0.693467
1.18127
0.497132
2.90495
0.26024
0.302776
0.604749
0.543283
0.477476
3.5408
2.967
0.195495
4.17738
0.123712
0.05301
0.592306
0.0357392
1.68675
0.753636
2.36902
2.89916
0.664818
1.38805
0.78515
1.00314
1.10995
0.116153
0.554491
0.537156
2.39272
1.16786
1.65022
0.598916
0.0896341
0.459618
0.396429
3.37573
0.177914
0.453198
0.871
0.237024
1.20242
1.53907
2.80427
1.62079
0.821341
0.492709
0.695049
0.619276
1.80934
0.843514
2.18715
0.198907
1.18332
1.07721
0.0426179
0.664498
1.25038
3.28005
3.63336
0.153335
1.02594
0.415031
3.12423
0.762852
0.459482
0.69202
3.17087
1.65756
1.17294
0.0142689
0.1269
0.295785
2.85679
0.211159
0.192867
0.239616
0.17422
1.00736
0.431273
0.122859
2.93852
0.265555
0.186718
0.228355
1.83508
0.626867
1.44799
0.349003
0.760678
2.11894
1.43852
0.458935
2.99607
0.130476
0.15553
0.142149
1.03924
0.446357
0.0951721
0.0556469
0.389805
0.00622551
1.10737
0.657287
0.273436
0.488673
0.309216
1.00581
1.63571
3.10647
0.198042
0.745748
0.540593
1.15724
0.350961
2.50087
0.746925
1.41775
1.80701
0.851579
0.88549
0.267735
2.20896
0.328121
1.83046
0.389765
1.48544
0.139023
0.284557
0.577123
1.07526
0.677457
0.363242
1.40035
2.54833
0.145748
0.126202
0.402883
0.0522824
0.717511
0.078255
0.412024
1.30963
1.12965
1.4791
0.0826012
0.160422
0.755923
0.728073
0.799848
0.0334815
1.16987
1.82182
0.737263
0.150056
0.640606
1.36322
0.813152
1.22769
0.241043
0.240179
0.379363
2.95804
1.77237
0.0968225
0.514105
0.155591
0.918794
0.664377
0.41081
0.0730915
0.215183
0.35656
0.116026
1.99158
1.30034
0.00925391
0.55143
0.22193
0.218606
0.444199
0.239782
1.77199
1.4181
1.33565
0.343979
1.1093
1.11683
0.992198
2.48198
0.24656
0.297263
6.32841
0.650424
0.184723
1.61767
2.16851
0.0116001
0.662832
0.849959
3.43246
0.843609
0.606596
1.36384
0.609498
3.34831
1.05167
0.351014
0.760387
0.893874
0.167799
1.9092
0.855361
0.16609
1.23334
0.429226
1.14002
0.635297
1.95386
2.27472
0.56652
0.13718
3.46198
1.42697
0.479714
1.44208
2.57997
3.67364
0.281505
5.26483
0.0465578
0.803674
0.254158
0.578166
0.620044
1.23862
2.3249
0.690773
4.02206
0.382409
1.57563
0.599192
6.51077
0.279627
0.605933
0.299604
1.36326
0.0222103
2.55378
0.0652899
0.330867
0.0713987
1.82816
1.25146
0.00235597
0.46391
0.888398
0.578263
0.867963
0.292758
1.59222
1.68103
1.31113
1.09592
0.241683
1.98187
1.09367
1.74762
2.88387
0.287759
1.21446
0.640911
1.02823
0.153412
0.571497
0.170261
0.548157
0.106895
0.624841
1.12363
2.99414
0.26873
1.94515
0.0722475
0.501561
0.178188
1.47168
0.64301
0.990765
2.44146
0.755696
0.0823226
0.0184475
2.72105
2.00986
1.60188
0.557819
0.538744
1.54026
1.10046
0.277735
0.288744
0.317308
0.204891
0.503736
0.645403
1.30959
1.7765
5.42409
2.21849
4.13443
1.2619
0.382632
1.52248
0.131616
0.276484
2.99285
0.11905
0.191661
1.86937
1.79508
0.0812961
0.448809
0.383539
0.126825
0.0383391
0.905158
0.0543885
0.0756705
0.466211
0.197031
0.288849
0.0538873
0.0885103
2.82819
0.208122
0.935849
0.630416
2.95862
0.869956
0.400705
0.217404
0.524136
0.0618099
2.9006
3.67074
1.12288
0.404646
0.594916
0.756089
1.00687
0.483568
0.961133
0.341408
2.49859
1.95008
6.37103
0.676708
0.048776
0.745845
0.265576
0.943175
3.31808
0.859667
0.356732
0.60273
0.619901
1.09152
0.815811
0.0104361
0.897994
0.932581
0.425781
0.529384
0.72105
2.67879
2.05007
1.59877
1.35161
2.20214
0.0441271
2.47147
0.20123
2.35339
0.579416
3.59841
0.302652
2.14578
0.346912
0.0811677
0.324542
0.518774
3.75168
0.543453
1.63212
0.125308
0.683096
0.282877
0.378393
3.11982
0.591432
1.11416
1.02344
6.00655
0.593965
5.88425
1.21507
0.705854
0.647119
0.826992
2.50715
0.0964942
0.80565
0.683889
0.854117
0.017171
4.17739
2.02824
0.760899
1.97516
0.717983
3.78601
3.92089
0.490347
0.561556
0.196
0.412937
0.293627
0.652005
0.138797
0.615306
1.83969
0.362364
0.994004
3.80118
2.78092
1.70752
0.6246
0.260737
0.44759
0.173136
2.35289
0.0466531
0.0381431
0.294142
0.57743
0.56624
0.0559972
0.794887
2.36475
1.24238
0.241215
0.294088
0.0137787
4.02449
0.542996
1.67823
2.54577
0.291682
1.06148
0.0105723
0.9872
0.941818
0.486934
0.936426
1.34467
0.26196
0.107864
0.377097
0.130564
1.19179
1.36656
0.646458
0.182725
0.26271
0.62847
0.009117
0.0758152
0.518079
0.0941398
1.0167
1.24538
0.314983
1.16815
0.724434
0.168681
0.692023
1.38482
0.574738
1.55028
0.0124039
0.906294
0.204182
1.28409
0.0358193
0.447281
0.950613
1.31351
6.56162
0.284683
2.68955
0.877902
1.78418
1.12895
1.36602
0.176214
0.0282618
2.76222
1.29092
0.117259
0.431389
0.0135212
1.5263
1.39393
1.3212
0.549038
0.0784387
0.31939
0.191974
0.377905
1.0691
0.427328
0.261337
0.276987
1.17068
3.30156
2.11502
0.267568
0.499739
0.786686
0.661896
0.00309801
2.05749
0.0314145
0.768515
1.93069
0.109961
0.383169
1.41328
0.579915
0.172998
2.1388
0.801939
1.14989
0.803569
0.107928
0.137409
1.21215
3.90632
0.174312
2.16327
0.56742
1.56275
1.70942
1.17752
1.90802
2.29955
0.0722765
0.00890472
1.32014
0.890008
1.57568
0.73393
1.90488
0.199849
0.262112
0.223181
0.502549
0.0380393
0.24033
3.78002
0.627111
0.0507474
0.863353
2.84932
0.157866
1.56808
1.95941
0.416689
0.550515
0.105664
1.61733
0.392185
1.75042
6.44173
0.176515
0.0278279
2.87684
1.6169
0.0629165
0.479146
3.42972
2.07966
0.448548
5.67048
0.367635
4.08534
0.383055
0.355843
0.481365
0.440695
0.659823
0.114805
0.714058
0.889666
0.690379
0.455017
2.621
0.0637794
0.193319
0.451138
0.271112
1.53048
2.43497
0.444195
3.19174
0.129319
0.0593638
0.0284612
0.514092
1.42749
2.11609
2.73565
0.150723
0.137597
0.147218
1.16122
0.349341
0.352766
0.403082
0.305025
0.282883
1.04009
0.12377
0.21974
0.030327
0.262744
0.370322
1.92189
0.499405
0.349228
2.75262
0.589192
0.513144
0.88423
1.28898
0.167855
1.19643
0.655547
1.47414
0.956023
0.748743
0.125625
0.751293
0.011876
1.66433
0.381409
2.06217
0.635382
1.24119
0.579197
0.70559
0.946076
3.18161
0.188691
0.146085
1.80218
1.83491
1.7822
0.368789
2.64853
0.200224
1.07145
0.0611609
0.153082
0.382455
0.103845
0.0363703
0.0854822
0.3461
1.02404
2.24383
0.612656
0.0337641
0.998504
1.25325
0.340896
1.35548
0.0965284
0.204572
3.08254
0.21615
0.0127882
0.3943
0.468503
0.045438
0.277412
1.06996
0.252721
3.26683
0.139854
1.19434
2.69154
1.21669
0.988242
0.574257
0.299986
1.4815
1.86033
0.725995
0.493768
1.12891
0.138627
3.61486
0.267306
4.66309
1.35628
0.00117745
0.282376
0.371069
0.0996671
1.1421
0.682648
0.0873009
0.652925
0.406714
1.47955
0.547625
0.0411806
0.403341
0.490001
2.38976
0.830558
1.97936
0.460795
1.26332
0.32963
0.701722
1.19948
2.02258
0.328885
0.316721
1.06306
0.0915631
0.130109
0.0200609
0.793818
1.24695
1.15722
0.629304
0.163288
0.664281
3.66794
0.250327
0.956264
0.849128
0.392034
1.20857
0.203203
0.0567388
2.41631
0.19407
0.773647
0.549725
0.541044
1.085
0.33758
3.41653
1.54503
0.586753
0.224421
1.04365
2.04952
1.09266
0.00418382
0.00842337
0.0890299
2.33709
0.666179
0.889311
0.568621
2.06557
0.838543
0.490302
0.122065
0.380367
1.74639
0.0612192
1.60641
0.798569
0.471548
0.568436
0.115554
1.50847
0.880484
1.07352
0.373479
1.29673
1.09795
2.29716
0.126489
0.0215001
4.37244
0.552853
0.294849
0.503461
0.119385
0.561423
0.481028
0.983818
1.79249
1.99442
0.645875
0.413833
0.498371
0.522443
0.0772849
1.05382
1.79407
1.18917
0.297254
0.0390565
0.0128186
2.01145
0.0127164
2.22611
1.56884
1.62126
0.0237953
1.41588
1.87959
0.586876
3.62177
0.0558767
0.355603
1.5832
0.682504
1.81935
3.50495
0.562872
1.81356
0.658461
2.60938
0.444666
0.568783
0.741792
0.523796
2.28242
1.32818
1.38162
0.179232
0.131646
0.0711563
0.22456
0.574227
0.915694
1.5667
0.526012
0.87974
0.162447
1.04327
1.84126
3.40416
2.02155
2.29384
0.723836
1.814
0.435028
0.529497
1.00599
0.554688
0.0847831
0.30675
0.104894
0.177677
0.153819
0.720878
0.38431
0.451322
0.584856
0.178935
1.43095
0.1842
0.53474
0.137111
0.796583
1.28745
1.40994
0.776769
1.27248
0.718676
0.963554
0.0937247
1.47303
0.559027
1.19731
1.02087
0.307099
0.101697
0.106919
0.0091565
0.797364
0.702456
1.09725
3.07716
0.450362
0.169271
0.155143
1.57595
0.0473003
0.865992
1.1555
0.20355
0.503979
0.573064
0.222678
2.86233
0.55402
0.0110934
0.0926571
2.06003
0.60256
0.423217
1.23815
2.25871
0.461375
0.49667
1.26482
1.15459
0.543774
0.929874
0.809615
4.11933
0.868531
0.686141
0.255698
0.129822
0.249079
0.771406
1.2425
0.423492
0.177656
0.0770493
1.32431
1.07458
3.7632
0.931701
6.53826
0.370734
0.127708
0.102336
0.825924
3.66536
0.90779
0.400632
2.50876
0.545499
1.76873
0.336668
0.0285293
0.0343025
0.436932
0.0564321
0.774956
0.37812
0.393323
1.71246
0.543765
0.382909
0.472075
0.531537
0.126863
0.219836
0.648201
0.240052
0.149374
0.658263
1.00328
0.848794
1.34452
0.861219
1.35537
0.385207
1.38621
0.126706
0.00869493
0.899893
0.872292
0.399208
0.0539955
0.427292
0.203667
0.18557
0.402833
0.406117
1.16007
2.94176
0.939125
1.07072
1.23954
1.60388
1.96401
0.607576
0.0156467
0.135781
2.03787
2.15928
0.567851
0.339295
0.98417
0.0949063
0.649072
0.680875
1.90481
1.20778
0.0536708
1.03061
0.359606
1.16593
0.19823
0.57111
0.0025772
0.199224
0.510202
0.278785
1.47595
0.612915
0.982489
0.813382
0.459767
0.458762
2.02644
1.9432
0.658461
1.08823
1.7088
0.346428
0.742132
0.215648
0.289363
1.96748
1.63369
1.53812
0.368843
1.02482
1.85446
0.465554
1.32969
0.485065
0.125809
0.348816
0.0794449
2.0766
0.0653883
0.414556
1.72253
0.63788
0.159237
0.51236
2.02202
0.513908
1.57827
1.10508
1.57352
0.120771
0.193636
1.38851
0.0602218
1.21058
1.08672
1.16264
0.0117144
0.306464
0.2191
0.799017
0.646393
0.60686
0.104299
0.309904
1.56671
0.862977
1.5207
0.0658583
1.2343
0.960143
0.519571
2.76937
2.08698
1.35382
0.730813
1.70651
0.488856
0.304458
1.29885
0.898142
1.07607
1.48986
0.240485
0.218378
1.07838
0.720092
1.58196
0.0986994
0.191329
1.13877
1.31497
0.43368
1.12633
1.77466
2.16155
0.093427
0.957837
0.245069
0.409824
0.956639
0.250365
0.372829
0.446067
0.324607
1.15426
0.563004
1.18815
1.13185
2.26556
0.621647
0.389126
0.246371
0.481479
1.83816
0.376095
2.76708
0.194545
0.193875
0.627655
0.902136
0.0675112
3.06184
0.100665
0.559938
0.806761
0.377387
0.0164255
0.819612
0.716666
2.05522
3.42859
1.14424
0.783832
0.628517
1.61873
0.704029
0.799185
0.566636
0.035495
1.50941
1.71742
4.02906
3.18032
0.191946
0.513
0.337532
0.980235
1.2435
3.42227
0.520982
0.743435
0.943376
0.321228
1.92169
1.28053
2.21006
0.51197
2.14098
0.323591
2.59692
0.00320866
3.48465
1.62922
0.502159
2.45001
3.59081
0.774241
0.341973
0.719449
0.511342
2.05909
0.199196
3.24838
1.04856
0.533665
2.49443
1.54152
0.21507
0.912242
0.0512332
0.379841
5.24856
2.1601
0.13009
0.972654
0.045708
2.41324
1.25124
0.0427148
0.361743
0.899421
1.40351
4.02367
0.76857
0.108826
1.32003
1.90387
3.01367
1.23709
0.733806
3.78956
0.216145
0.875114
0.731322
1.9644
0.555551
0.350761
1.51701
1.08158
1.89487
1.34047
2.45622
0.694774
0.612316
1.64503
0.695662
1.18054
1.44848
0.085898
0.15086
2.54028
0.0930832
3.64961
5.00368
1.09477
0.513398
1.72037
0.111382
0.838965
2.94391
0.209967
0.0338636
0.527133
0.788075
0.326246
0.258091
1.92996
1.48335
1.31755
1.60986
3.04953
1.64019
0.270369
4.30348
1.63882
0.729105
1.144
2.09631
2.94894
0.249495
0.183465
0.628654
0.481048
0.0283153
0.221483
0.366453
0.473311
1.95904
0.827632
0.0958923
1.77853
0.608802
0.00270862
0.448967
0.110881
2.60162
0.143395
1.07026
1.80105
0.110042
0.378131
0.373057
0.606897
2.26654
0.679154
0.928581
0.651891
0.547137
0.385736
0.018464
0.506665
1.16493
0.133279
0.276012
0.152671
0.370666
0.314487
1.15547
0.16203
1.57295
2.5009
0.393372
0.311323
1.52202
1.3691
0.700143
0.025095
1.00702
0.430845
0.0947112
1.15912
0.39471
0.364961
0.386769
0.243536
0.244008
0.717702
0.429054
1.00857
0.101487
1.41395
1.35492
1.9194
0.396151
0.899464
1.90514
3.30161
0.262007
0.970899
0.396196
0.157196
0.302851
0.193859
0.755645
0.121443
0.271468
0.014376
1.26638
1.22229
0.0949602
1.38071
1.07216
0.573819
0.62287
0.104149
1.04877
0.281582
0.0681996
0.211469
0.317967
0.111183
0.152043
0.811495
1.86695
1.35967
1.22804
1.13579
0.721198
0.735456
0.667324
0.0876858
1.59378
2.29563
0.789193
0.559388
1.21078
0.537174
1.13697
1.84149
0.422752
0.269379
0.412123
5.70447
0.1632
0.0984202
0.463247
2.81686
1.9139
0.776916
1.8899
0.656591
1.53989
0.259492
1.05079
0.985605
0.822073
0.696277
0.0430071
2.05826
1.08868
0.61777
0.0571427
0.941955
0.602825
0.478208
1.0656
0.0502125
0.577452
1.08872
0.466582
0.152593
1.03176
0.367711
1.43601
0.63085
1.32105
0.197491
0.751828
2.35878
2.38856
0.568386
2.77465
0.585918
0.204889
0.899647
2.11606
0.795865
0.760846
0.749133
0.147733
0.105614
1.33619
1.07729
1.07295
1.40638
0.163605
2.07079
0.352094
0.823774
0.545951
2.15889
0.226201
0.177904
1.08316
0.402575
0.0186912
1.32612
0.804768
3.17086
2.62616
0.146161
1.15501
0.303995
0.684552
0.19056
1.79124
1.2735
1.35443
0.513433
0.389978
1.24873
0.0484623
2.39516
0.446929
1.11984
1.67276
2.47858
0.250572
1.16071
0.359939
2.17184
0.0395575
0.189969
0.235989
2.96489
0.127943
0.990149
0.18485
1.18057
0.2861
0.451097
0.0389539
0.403507
0.196171
0.437015
0.304835
0.970651
4.11407
1.17855
0.155075
0.110422
0.566496
0.788564
0.587202
1.51835
2.64337
0.492587
0.634467
0.402259
1.27015
1.10206
0.73555
3.60438
0.186316
1.09909
0.642983
1.62385
0.398011
1.16951
0.03128
0.387899
0.445398
0.954655
1.99835
0.701431
0.738905
0.411552
0.35686
0.336999
0.298915
1.31015
0.167037
0.30659
1.91206
1.48552
1.19437
0.880048
0.892469
1.9801
0.272483
1.7884
2.90721
0.805604
0.184216
1.67927
0.108256
3.53921
0.388528
1.46728
0.125176
0.701747
1.34161
0.0745915
0.987701
0.771778
0.0898504
4.02558
1.4979
1.46518
1.19464
1.60243
1.47406
1.24572
0.0109446
0.750686
0.144501
1.04943
1.08844
0.17299
0.97948
0.443472
0.213216
0.448767
0.282539
0.138747
1.02152
1.82908
0.939756
0.0256278
2.11158
0.120254
1.61429
3.27701
0.719703
2.22824
0.229168
0.841214
0.334865
1.14639
0.657183
0.0870116
0.272887
0.482533
2.29539
1.02186
3.3462
0.59486
4.52089
1.3475
0.209066
0.0225857
0.249803
0.880564
0.307036
0.270799
0.0855664
0.246542
1.52863
1.20702
0.184715
0.541119
3.09389
1.67652
0.168492
0.389814
1.03351
2.15762
1.40191
0.625626
0.297682
0.998158
5.17726
1.98125
0.0343776
0.226368
1.2238
0.0509096
3.10565
1.91032
0.514058
0.36296
0.386834
0.258341
1.06879
0.130284
0.262781
0.2068
0.464746
0.655811
0.997163
0.561343
0.408629
0.155042
0.305503
0.061632
0.555799
1.41148
1.15063
0.898009
0.597058
1.21844
0.537587
1.38798
0.893064
0.551012
0.109847
0.892865
0.00780405
0.45811
0.134261
1.26709
0.325491
0.284817
0.263783
0.4141
2.03699
0.0421728
0.322858
0.140883
0.1157
0.0430348
0.910127
4.11086
0.299554
1.65036
3.94458
1.44778
0.44672
3.09506
1.88421
2.60688
2.10472
0.870945
0.314479
2.24065
0.423961
1.32049
2.73103
0.173668
0.0985189
0.238856
0.190449
0.834674
0.932483
1.02752
1.91699
0.79082
0.569288
1.30772
0.155095
1.31032
0.293812
2.7549
0.142406
0.1935
0.430169
0.323798
1.01517
0.0773833
0.292539
1.68241
1.0074
1.25328
1.8015
0.000423394
7.11416
0.159552
1.53963
1.00039
4.27858
1.5936
0.0954339
1.02798
0.767159
0.424822
0.164346
1.69732
0.247483
2.4333
2.68214
2.3209
2.11071
1.1486
2.27779
0.466777
1.83197
4.19201
0.100079
1.46692
0.429079
2.22695
0.0315248
0.204832
1.04063
2.24531
0.0211478
3.25262
0.116524
0.488491
0.376636
0.496106
0.179672
0.781223
3.86578
0.424572
0.52981
1.8606
1.09079
0.0218927
0.746638
1.3857
1.27874
1.66515
0.162966
1.55607
1.1878
1.72394
0.0542737
0.284985
0.0242343
0.511887
0.474143
0.527381
0.422014
1.19213
0.991622
0.40116
1.01342
1.35794
0.195114
0.0907228
0.52726
0.862027
0.295818
0.426157
0.292105
1.52011
0.964176
0.892846
0.962459
1.0743
2.26222
0.146603
0.117105
1.05687
0.176905
1.45291
0.874137
2.50916
2.07456
1.34069
1.69725
0.179435
0.0371347
1.03872
1.18866
1.03756
1.26082
0.315319
2.09907
1.51342
1.11929
0.50727
0.919815
0.28761
0.387096
1.26495
0.26966
0.298046
0.342125
0.321877
0.636138
0.0876225
1.94083
0.814398
2.51077
0.181452
0.161929
1.7428
1.42028
0.214837
1.12703
0.978208
0.840484
0.452654
2.58316
4.84969
0.874574
3.30729
2.23154
0.560393
0.387233
0.270211
2.14692
0.638954
0.237569
0.629297
0.0489136
0.276402
0.0385882
3.33319
0.509654
1.12603
0.589082
4.03011
0.753679
1.14971
0.59226
0.56158
0.619462
0.00308437
2.81268
0.953341
0.0597787
0.371189
0.218587
0.672684
0.692149
1.45329
1.1153
0.281523
1.073
1.23156
0.250505
0.322581
2.33445
0.0532852
2.09442
0.129252
0.0719589
5.18644
0.177748
2.87091
0.140437
0.0924782
1.8171
0.368979
0.755783
0.331981
1.82935
1.91258
0.262143
0.295273
2.27468
3.16784
0.316163
1.08931
6.18989
0.771255
4.34279
1.49143
4.42001
1.93954
2.42429
0.795843
1.19007
0.0204101
1.3059
0.377403
1.84281
0.0944814
0.274951
1.79051
1.46356
0.00908182
0.0822006
0.314106
1.87333
1.62094
0.866736
0.303858
1.88267
0.44453
0.979042
0.363391
0.295256
4.95423
0.103388
0.970409
0.441831
1.50323
0.979571
2.14953
0.141296
0.108689
0.041728
2.47009
1.6633
0.241037
0.558053
3.67738
0.0234941
1.23468
2.07109
0.841296
0.843349
0.94574
0.335268
2.15675
2.61319
0.0735478
1.73739
1.86352
4.7229
1.48143
1.1655
0.28172
0.856225
0.674963
0.221096
0.197859
0.912364
3.34049
0.277441
0.897777
0.737612
0.652074
0.255547
2.44906
0.83869
0.858922
0.502484
1.04015
1.91263
0.829763
2.83225
0.0246139
0.497543
1.04036
0.118881
0.620609
1.09781
0.279901
2.03348
2.10909
0.123173
0.497835
1.47294
2.42557
1.20855
0.0536506
2.40982
1.46661
4.5901
5.39854
0.197869
0.977986
1.06819
3.83483
2.97804
0.0412268
1.55401
1.89613
1.20554
0.617417
2.17162
0.926252
0.261596
3.63194
0.468665
0.235663
3.09279
1.98565
0.206844
0.22108
0.740977
0.324833
0.436911
1.44013
0.767031
5.7027
0.494473
1.40927
0.728313
0.0106004
2.24714
0.0117214
0.769982
0.720636
0.513285
0.654543
1.28714
0.0695687
2.25751
0.791768
0.728301
2.82685
0.216325
0.857904
0.62967
3.33495
1.70811
0.352784
1.52602
0.281335
0.0689265
0.432738
0.290692
0.905925
0.651719
1.03949
0.820836
2.73609
0.231264
0.983537
3.65983
1.91117
0.0717737
2.92976
1.44876
0.238574
0.357724
0.228387
0.0261471
0.811939
0.896819
0.493645
1.01651
0.148807
0.736619
1.50101
0.506985
0.024257
1.1744
0.597631
0.741403
0.800137
1.55387
0.0274572
0.421597
1.33621
1.08033
0.199279
0.730338
0.776709
1.19156
2.56848
0.0982716
0.0978868
0.122145
0.731592
0.887995
1.18593
2.40348
0.267464
0.579788
0.00793384
0.586469
0.588413
0.0806579
0.0238533
0.243813
0.138683
1.76426
0.28345
1.45212
0.423315
0.328028
0.670392
1.24028
0.497194
1.54087
1.57387
0.964223
0.275631
3.04606
0.508743
1.77953
0.290654
0.215097
0.340251
0.0737578
1.10989
0.309058
0.856006
0.165632
0.124839
0.018241
1.03494
0.43586
3.11231
1.42415
0.146435
2.87595
0.854248
1.00084
0.309148
0.552691
0.403983
0.479438
0.032157
0.821028
3.18836
1.90553
0.0154974
0.19196
4.77495
0.988023
0.026921
1.30235
0.675568
0.231867
0.0350765
0.1764
0.598154
0.206103
1.32169
1.21867
0.743269
1.86982
1.73451
2.78486
2.01639
0.343822
0.677701
0.17556
1.54577
1.23964
0.932756
0.103337
2.45538
0.320267
0.545507
0.598198
1.09357
0.508495
2.58836
0.224548
1.00963
0.642835
1.50673
1.02199
0.78157
0.289113
1.02458
1.16748
0.420082
1.61541
2.89968
0.500003
4.70783
1.72576
0.0871146
1.63261
0.0488411
1.73223
1.38404
0.468991
0.236616
2.51482
2.56098
0.447319
0.19006
0.284975
1.11882
0.548979
0.727944
2.1199
0.791236
3.54248
0.444421
0.122282
0.729234
0.25248
2.32176
1.0736
0.202785
0.0773073
0.0448769
2.2313
0.739409
0.995432
1.27758
1.04316
1.74881
1.2714
0.232131
5.38321
0.996305
0.180091
0.534202
3.10628
0.12457
1.10883
0.154717
5.1706
0.930751
0.713352
1.65113
0.0634442
1.53042
2.34949
0.632608
3.91569
0.0449473
0.0772486
0.0516636
0.630035
2.79627
0.0518117
1.13156
0.19456
3.30122
1.95709
0.626909
0.0277721
0.988573
1.1492
0.707586
3.44561
0.929001
4.54571
1.44351
0.227772
0.419567
1.41865
0.137084
0.00460877
0.441329
0.394237
2.34904
0.6059
2.51661
1.25325
1.31029
0.0050324
0.324395
0.787071
1.08832
0.473206
0.228899
6.39144
0.621681
0.28012
0.925094
0.0297502
0.630932
0.0837829
0.206233
2.27672
2.03674
0.776053
1.7484
1.40764
0.551616
0.78809
2.19064
1.10135
3.27038
1.62438
0.551457
0.191066
0.924105
0.611016
0.295792
2.99216
2.25205
2.49673
0.223496
1.74509
1.02776
0.172038
0.692115
0.57157
1.73873
1.80622
0.333885
0.103826
0.65733
3.29887
2.28131
1.00754
3.85899
0.431975
0.398149
0.183143
1.10581
0.134333
2.91662
0.580158
0.247145
0.0151452
0.229113
1.15253
0.0606854
0.233638
2.15662
2.79395
0.555937
0.115391
0.822896
0.365018
3.39637
0.752806
0.16104
1.05282
2.90861
0.604189
0.0192027
0.798497
1.96345
1.21296
0.0716943
0.00504699
3.94747
0.189677
0.660254
1.89187
0.739027
0.0893266
0.304364
0.597938
0.454651
0.318249
0.0490072
3.51481
0.332386
0.163008
0.879726
0.13818
0.548703
0.0952327
0.397514
0.232918
0.453506
0.674756
0.288508
0.67513
1.47668
0.370358
1.13113
2.78964
1.23794
0.276342
1.43382
0.965242
2.07575
0.334353
1.23518
0.271382
1.24673
0.288678
1.11485
0.490601
1.95393
3.08405
1.66067
0.373067
0.235623
0.363548
2.00943
1.75414
1.30395
0.774805
2.4009
0.675065
1.64075
0.131605
0.0267912
0.341261
0.606742
0.938774
1.1013
0.615226
0.134756
1.17762
0.311494
0.166861
0.923684
2.68193
0.585213
0.288579
3.00157
1.53835
0.719807
2.22474
0.210311
1.4356
2.55616
0.44204
0.412464
0.297774
0.137808
0.408422
0.290175
2.57161
0.133169
0.0328483
1.6842
1.85111
0.805878
2.98602
0.282257
0.185621
1.00378
0.775984
0.661921
1.62745
0.249529
1.67383
1.8037
2.09403
0.457737
1.30413
0.747112
1.62406
2.62228
1.76903
2.07958
0.14388
3.32424
1.94212
2.75047
1.93808
3.54313
0.672244
0.627501
1.2811
2.7761
0.0833621
0.913107
0.128092
2.11753
0.192312
1.77566
0.473327
0.170164
0.603885
1.67548
1.0196
0.412708
1.16036
0.592766
0.0309687
2.26509
1.04717
0.259725
2.83768
0.0423017
0.254164
0.490962
0.678526
1.35826
2.3955
1.73696
0.958845
0.967748
0.895636
0.12109
0.252985
2.91409
3.8603
0.00765317
1.07699
0.741644
1.86604
0.118972
0.649207
0.626462
3.21199
0.263971
0.623754
1.58643
0.013545
1.18746
0.187551
2.51108
0.122392
0.87144
2.27436
0.0325183
1.79969
0.0407451
0.399339
2.16713
1.34628
1.27705
1.85449
0.691186
1.36329
0.11095
2.43912
0.986022
0.187963
0.359511
0.0389875
0.437388
0.784214
0.57686
0.227545
0.169073
3.38568
0.621509
1.85791
0.267996
0.405859
0.0897424
1.38509
1.61247
0.124652
0.515972
2.52943
0.0760711
0.474251
1.63544
0.132781
2.71116
1.00876e-05
0.182753
0.611673
2.61774
0.868914
0.93439
0.589917
0.423994
0.634675
1.38076
1.65705
1.93315
0.262377
0.320556
1.33961
2.44421
0.239371
0.523179
3.12473
0.524001
0.791023
2.86115
1.52265
1.02805
0.0698798
1.15178
0.317079
0.182976
0.518288
0.0953442
0.109792
2.97342
0.885083
0.0107417
0.771454
3.02173
0.503505
0.408813
0.231919
0.122161
0.927637
0.0347387
0.063656
1.4792
0.0717758
0.386099
0.013924
0.288418
4.03171
1.60269
0.115576
0.590014
2.00295
1.09526
1.73625
1.59418
0.115719
1.54629
1.02215
1.94474
1.72618
0.604158
1.78311
0.983624
4.86867
0.637372
0.847456
0.374244
1.11869
0.0359242
0.608673
0.126093
0.0436739
0.691565
0.586911
0.152612
0.500843
0.0784294
0.428195
0.28318
1.778
2.54482
0.646296
1.46419
1.09936
1.15887
0.0364137
1.03426
0.221192
3.38701
0.735404
1.72997
0.0662382
0.299144
1.01523
2.43912
0.18328
1.46504
0.541506
0.779532
0.0140063
0.174417
0.0582799
4.40472
0.0869919
0.214379
1.04435
1.21623
1.78855
1.86957
0.536021
0.351977
0.424844
0.516305
0.0366648
0.979941
0.283061
0.128177
0.401463
0.979755
3.19438
0.231283
0.807167
0.447036
2.41213
0.339676
2.12834
0.148607
2.52104
0.39349
3.97588
0.213748
0.61414
1.37043
1.58549
1.83065
0.252813
1.3778
0.437021
1.19623
0.855444
0.221495
0.798686
2.03671
2.57634
