0.471973
1.12029
0.889137
0.639879
0.852509
0.78125
1.44274
1.77188
0.536427
1.32332
0.904213
0.929566
1.10174
1.53228
1.67934
0.915623
1.01021
0.746391
1.17126
0.660772
1.11011
0.781316
1.15903
1.1688
1.35763
0.868521
0.584876
1.05292
1.51913
1.11251
0.771217
0.684641
0.612882
0.822161
0.76104
1.11077
0.474492
1.11188
1.17208
0.576153
0.630584
1.04602
1.2633
0.784138
1.10932
1.04251
1.40671
0.784338
0.67393
0.83297
1.2372
0.848342
1.57767
0.885321
0.754356
0.78291
1.146
1.25332
1.50715
1.29476
0.834628
0.884369
1.14389
1.01673
0.433021
1.14439
1.30354
0.623807
1.06326
0.806697
0.64835
0.675619
0.424496
0.71008
0.485913
0.92761
0.722948
0.776778
0.84721
1.37842
0.960217
0.89172
1.57374
1.28741
0.681093
0.703886
0.958631
0.694992
1.09403
0.578793
0.968324
0.843415
1.21122
1.12771
0.810779
1.31699
0.800777
1.60043
1.01711
0.742135
1.28905
0.928027
1.49167
1.57038
1.30426
1.21054
0.902164
1.086
0.676983
0.835937
0.707213
0.638784
0.837593
0.782593
1.1788
0.916727
0.80714
1.07221
1.08188
0.771696
0.870264
0.970036
1.10336
1.2655
1.74334
0.73796
0.807225
1.06885
0.584689
1.1311
0.736321
1.26991
0.920479
0.410532
0.650072
1.23848
0.887273
0.695019
0.555057
0.976952
1.26944
1.15578
1.086
0.795462
1.01167
1.18919
0.772609
0.518725
1.25924
1.91099
1.1059
1.24437
1.58569
0.509538
1.12623
0.765808
0.895358
1.21655
0.550237
1.02754
0.770704
1.09644
0.551625
0.717798
0.892181
2.02259
1.30807
0.888743
0.516007
0.635872
1.02367
0.9961
0.962602
1.4347
1.64646
0.889433
1.46711
1.2202
1.33976
1.27111
1.19326
1.10204
0.469586
0.956475
0.32477
0.9983
0.836158
1.09917
0.68015
1.13279
1.31103
0.91337
1.16443
1.48499
1.24563
1.18384
0.855311
0.424467
0.861511
0.87066
0.774847
1.23158
1.10368
0.813739
1.18434
1.08383
1.23817
1.13308
1.14516
0.715621
0.634007
0.843947
0.838029
1.24223
0.795102
0.601058
1.14489
0.877307
1.01441
1.3109
1.9358
1.08796
2.25052
1.43781
0.953778
0.904073
1.131
1.63185
0.956545
0.729684
0.806406
0.760483
0.765828
0.558595
0.694752
1.07842
1.14462
1.35301
1.25166
0.741414
1.21241
0.795856
0.999943
1.53314
0.835645
0.616279
0.473319
0.802146
0.512497
0.602985
1.97934
0.924355
1.96518
0.817395
1.41919
1.16821
0.787273
1.0164
0.998762
1.47046
1.18652
0.713563
1.06648
1.15461
1.23515
1.42158
0.795777
0.578006
0.917136
0.744431
1.29747
0.713044
0.913286
0.953806
0.927325
1.00014
0.899773
0.935749
0.552747
1.40402
0.850689
1.20413
0.951565
0.792096
0.763074
1.19158
0.730485
0.549606
0.741855
0.460222
1.14724
1.02331
0.634083
0.613536
1.03923
0.70337
1.42682
1.54827
0.446787
0.812568
1.13362
0.615168
0.523531
0.907488
1.35919
1.21365
1.08699
1.28511
1.48239
1.34512
1.42056
0.544046
0.776942
0.917686
0.635625
2.31215
0.609852
0.746687
1.04321
1.06327
1.05717
1.41919
0.641717
1.12826
0.786783
1.17688
1.34636
2.11542
0.619827
0.761272
0.588034
1.07072
1.84575
0.782853
0.330553
0.473611
0.923086
1.62706
1.0399
0.837464
0.453468
0.707796
0.629795
0.466678
0.51944
0.526911
0.555641
0.734491
0.800847
0.6269
1.1127
0.714813
1.06512
0.961472
0.808889
0.726304
0.831335
0.778741
0.845794
1.41357
1.39185
1.44294
0.902188
0.827442
0.853021
1.1993
0.890793
0.977281
1.40928
0.794287
1.43996
0.769368
0.823781
1.25977
0.828018
1.25668
0.742546
0.934472
1.25488
0.896106
1.47241
1.08221
0.737914
0.872729
1.11377
1.18738
1.11327
1.71688
1.46881
0.614415
0.848696
0.81349
1.08127
1.47299
0.618973
1.31368
1.31142
1.00338
0.950194
1.11232
0.525731
0.677936
0.967941
1.34151
0.838528
0.914199
2.12332
0.733782
0.67361
0.88141
1.1207
1.14893
1.30099
1.41697
1.29381
0.743536
1.67978
1.29758
1.69473
0.988561
1.12295
0.942551
1.27087
1.58026
1.00614
1.00579
1.22424
1.86223
0.707032
1.03743
1.8768
0.805866
0.835197
0.768958
1.45839
0.450909
0.772721
0.760791
0.852719
0.951548
0.968198
1.14886
0.589522
0.853678
1.66162
1.63066
0.458533
0.513122
1.55824
1.07165
1.19689
0.924745
0.42132
1.3138
0.579723
0.558973
0.705361
0.551411
1.27378
0.791667
0.842577
1.37288
1.02995
0.630475
1.15156
1.42208
1.56639
0.637711
1.08032
0.827223
0.995689
1.26982
1.02598
1.18803
1.07155
1.3134
1.51871
0.798489
1.08294
0.964207
1.94585
0.656662
1.03461
0.893793
0.701322
1.73125
0.942893
0.88937
0.697995
0.796746
0.581135
0.885129
1.66181
0.742736
1.33133
0.852313
0.685096
1.31276
1.39638
0.824042
1.94491
1.64324
0.843177
0.573315
1.35024
1.8794
2.15082
1.65355
0.709288
1.5697
0.643538
1.07093
1.33511
0.307564
1.17792
1.17716
0.843818
0.851334
1.0896
0.747527
1.22803
0.891453
0.614283
1.07547
1.55448
0.816716
0.505621
0.622053
1.0214
0.741381
0.500686
1.19807
1.1
0.734849
1.05586
1.30052
1.39853
1.12277
1.47012
1.13994
1.23381
0.889061
0.661159
0.870651
0.487813
1.18801
0.739134
0.949735
1.09619
0.929515
0.895627
1.72721
1.75235
1.21208
0.890165
0.824715
1.6233
0.950266
1.61133
0.656827
0.772364
0.94527
0.901473
1.4363
1.28304
1.35812
1.50532
0.989941
1.34914
1.05057
1.91645
0.965562
0.795472
0.699085
0.970804
0.792579
1.13348
1.04934
1.28214
1.11205
0.699455
0.909357
0.624582
0.902707
1.15968
0.629557
0.611849
0.68041
1.20885
1.12981
1.22633
0.751726
1.04079
0.848184
0.651566
1.17126
1.01776
0.669669
1.08887
0.882779
0.785395
1.21161
0.859267
0.599629
0.963267
0.998331
1.37979
0.921267
1.37807
1.05086
1.43025
0.990424
0.780272
0.97053
0.889613
1.17154
0.682325
1.04084
1.36013
0.632468
0.699409
0.918163
0.89515
0.699979
0.655809
0.955696
0.720367
1.03377
0.707186
1.1871
1.1387
0.941752
1.05002
0.562086
0.808826
1.31968
0.844861
1.16592
0.742396
0.566083
1.08959
0.627288
1.04729
1.30524
0.676744
1.30468
0.814158
0.734026
0.955941
1.66263
0.643384
0.964094
1.9068
0.898315
0.87858
1.53416
1.56479
0.647767
1.37219
1.35107
1.25461
1.28598
1.26827
1.15518
0.866158
0.812788
1.59468
1.00462
1.15105
1.02828
1.13091
1.13278
1.41336
1.25587
1.00833
0.641141
1.01419
1.38739
0.70781
0.852576
1.42621
1.04769
1.59705
0.478048
1.71295
1.09588
1.49875
0.738176
0.986977
2.45686
1.11274
0.816236
1.48132
0.941058
0.689758
1.15102
0.970754
0.999809
0.415896
1.25821
1.251
1.36874
1.20057
1.53228
0.894122
1.06036
0.911652
1.42832
1.04348
1.33727
1.56368
1.23938
0.685093
1.41894
0.88494
0.601357
0.962834
1.08929
0.916062
0.928001
1.09756
1.16367
0.759337
0.917799
0.860458
0.901312
0.818287
1.6501
1.07409
0.812728
1.03502
0.553256
0.767489
0.688839
1.11876
1.27168
1.20838
0.983144
0.667367
0.634316
0.666538
1.10137
0.784909
0.632772
1.00716
0.648938
1.0127
1.06596
1.60446
1.50341
1.04152
0.584467
1.58938
1.19426
0.982774
0.827627
0.789374
1.82948
0.498934
1.2985
0.939368
0.852279
0.402378
1.5006
1.11537
1.00171
0.531028
0.344298
1.39733
1.05102
1.05821
0.644497
0.902412
0.770068
0.776958
1.02485
1.7019
0.812679
1.45498
0.607947
0.909008
1.32865
0.887879
1.20246
1.30269
1.2847
1.14648
0.866227
1.2224
1.61697
0.920436
0.728955
0.771261
0.566369
1.3505
1.20277
1.0838
1.1566
1.03765
0.776781
0.978026
0.93317
1.22579
1.10076
1.86551
1.14327
0.906045
1.31845
1.09296
0.94485
1.22185
0.659708
0.519824
1.17339
0.765544
0.939977
1.05732
1.65747
0.631188
0.891853
0.86495
0.883243
0.573916
1.07638
0.826565
0.667466
0.803763
0.818141
0.625449
0.496689
1.35404
0.661866
1.00888
0.557808
0.888271
1.17622
1.72308
0.780759
0.822674
0.361969
0.775752
1.00887
0.741824
1.59764
0.518906
0.489191
1.21769
1.10663
0.969679
0.678261
1.28353
1.04364
0.462252
0.652107
1.11767
0.953304
0.763046
1.44405
0.944157
1.19893
1.17804
0.967051
1.36868
0.596539
0.938109
1.15383
1.35618
1.27491
1.31686
0.880068
1.50739
1.47062
1.25402
0.998021
0.741239
0.691997
1.16175
0.796893
0.592048
0.886685
0.49124
0.738379
1.63157
1.42706
0.596887
1.13364
0.939685
0.826936
1.36388
0.928694
0.991549
0.528784
0.926919
0.936174
1.36583
0.77749
0.90394
1.3915
0.996699
1.26222
1.21054
1.30881
1.04078
1.30612
0.999347
0.909915
0.575885
0.718271
0.647823
0.869852
0.76749
0.985214
0.991229
1.31999
0.716066
1.24228
1.00201
1.38784
0.726493
0.754107
1.1163
0.795539
1.17682
1.66911
0.764136
0.672358
0.543069
0.945793
0.874664
0.765525
1.2724
0.85456
1.49192
0.587627
0.651886
0.847407
0.759638
1.57203
1.19066
0.824674
0.981191
0.960971
1.00211
0.950096
1.29314
1.1095
0.885952
0.981885
0.643303
0.69558
0.67216
1.35296
0.857163
0.743695
0.520185
0.819708
0.802809
1.0467
0.977356
1.41168
1.58334
0.631875
0.547951
0.414003
1.46413
0.776709
0.810226
0.576337
0.806569
0.726105
0.92346
0.959461
1.01928
0.844716
0.756443
0.697774
1.36609
0.562364
0.870367
1.3708
0.971576
0.734396
1.09016
0.685844
1.4143
0.627005
1.27923
0.911097
0.942937
0.647344
1.09287
0.62873
0.390132
1.05339
1.2439
0.916624
1.06161
0.567962
0.978844
0.7693
0.636826
1.05419
0.986914
0.521202
1.24366
0.905964
0.98532
0.751567
1.10247
1.14299
1.2806
1.03988
0.968041
0.862131
0.619872
0.579613
0.646684
0.859759
1.16339
1.19076
0.695444
0.873017
0.439573
0.955829
0.749528
1.30246
1.29245
0.414153
0.817721
0.742245
0.739049
0.944599
0.733053
0.754199
0.98115
1.10397
1.06067
0.663475
0.58521
1.45187
0.836637
0.969219
0.780885
1.28816
1.2696
1.04402
0.851251
1.99527
1.00126
1.2499
0.633096
1.24736
1.2046
0.665209
1.37345
1.05032
0.966176
1.31995
0.760572
1.05899
1.24894
0.713912
1.04377
0.580524
1.23575
1.2255
0.802525
0.791497
0.703618
1.08139
1.28687
0.823638
0.825225
1.11383
1.14935
1.28149
0.932596
1.57149
0.879457
1.12027
0.824454
1.23636
1.23879
0.929189
1.33594
0.711189
1.19338
0.537371
0.791123
0.915869
1.22523
0.696932
1.04972
0.687556
1.15084
1.2056
0.688964
0.990208
0.604216
0.784973
0.652107
0.763618
0.754362
0.638589
1.52067
1.28763
0.535737
0.706445
0.709172
1.25915
1.18991
0.990541
0.93971
1.36659
0.617884
0.555252
0.76844
1.22207
0.984668
0.801241
1.17479
1.20417
0.871966
1.10969
0.822274
0.78073
0.860804
1.06532
0.715901
0.813782
1.25061
1.35349
0.898992
0.928308
0.610085
0.747749
1.36132
0.931294
1.21065
0.389377
0.608641
1.48577
0.468319
0.884357
0.841837
1.02493
1.19171
1.04738
0.799992
1.52767
1.2362
0.57071
0.872898
1.29552
0.468998
1.25212
0.949393
0.953718
0.537776
0.527314
1.32219
0.502711
1.00197
1.35649
0.80452
1.07021
0.947627
0.75938
1.25873
0.625708
0.723691
0.894158
0.771568
1.16855
0.920647
1.03425
0.646124
0.463047
0.987798
0.771986
1.11777
0.890419
1.25897
1.09544
1.42362
0.655507
1.14951
0.790226
1.33321
0.704963
1.40358
1.08756
0.845307
1.6111
0.833028
1.20428
1.70715
1.01759
0.804648
1.09373
1.1371
0.746704
0.565574
1.41645
0.683392
0.876382
1.15155
1.47456
0.928494
1.14966
1.5129
0.851073
1.49623
0.972865
1.53222
1.52272
1.19344
1.12541
0.91116
0.953528
0.732942
1.08711
0.777687
0.957507
0.332766
1.15375
1.01243
1.22109
1.31861
1.87931
1.31883
0.722575
1.0547
1.50396
1.33656
1.04834
0.758548
0.650695
0.519089
0.92753
1.87441
0.938745
0.710792
0.874234
0.760813
0.624906
0.604314
0.59154
0.846684
1.3249
1.11468
1.67421
0.691581
0.619891
0.618113
0.705568
0.827064
1.14216
1.08715
1.04974
0.940711
0.851907
0.896108
1.15351
1.05816
0.88154
0.985009
0.716778
0.918339
0.795617
1.31759
1.29958
1.18905
0.553798
1.01472
1.29789
0.518754
0.77509
0.897295
0.988487
0.669923
1.1539
0.771538
1.12323
0.724043
0.645981
0.758419
1.5459
1.16931
1.14756
1.74882
1.17542
0.88695
1.06492
0.759389
1.04062
0.965194
0.525859
1.6269
1.08508
1.60953
1.19134
0.932232
1.59349
1.03224
1.51756
2.0561
0.834137
1.07051
1.28818
1.04064
0.758586
0.897615
0.640194
1.31366
1.05681
1.76613
1.33499
0.84722
1.12637
1.05189
1.16648
1.37654
1.76458
0.521814
0.645702
1.40017
0.988246
0.494827
0.848655
0.943296
1.00712
0.629281
0.764616
1.00299
1.01382
1.26048
1.58242
1.5483
1.14096
0.753518
0.93054
1.45843
0.769563
0.587394
1.11664
1.20868
0.960555
0.712757
1.18373
1.00254
0.563519
1.0838
0.949562
0.770604
1.53591
1.37048
1.21213
0.670208
1.84437
1.09904
0.662153
0.751055
1.21198
1.12993
0.533265
1.05673
1.61764
1.6546
1.16284
1.71129
0.888429
1.24448
1.57457
0.828691
0.626042
1.04046
0.836079
0.481628
0.636498
1.01232
0.877137
0.78284
0.931727
1.34474
0.698666
1.3544
0.702856
0.688422
0.905538
1.30554
0.931854
0.946101
1.79783
0.904589
0.469577
1.23058
0.655323
1.00613
0.945174
0.799933
1.14361
0.810477
0.909986
1.13046
1.46247
1.26616
1.00294
0.911902
1.30399
1.00033
0.982919
0.757204
1.37795
1.5193
1.35184
0.731913
1.0193
0.363169
0.540754
0.751856
0.5561
0.919861
1.20075
0.693956
0.529574
1.00528
1.16716
0.900935
0.878596
1.02506
1.06417
0.632186
1.45264
0.44569
0.739638
0.844909
0.777093
0.784377
0.976395
1.16709
0.880431
1.22971
1.3563
0.976332
0.866191
1.3508
1.32239
0.914542
1.39199
0.714011
0.630045
0.997893
0.958712
0.418895
0.82436
0.88171
0.849046
0.662835
1.66043
0.857642
0.622675
0.957089
0.867481
1.46475
1.20721
0.707137
0.969148
0.768821
1.58955
1.02098
0.820688
0.64596
0.716616
0.997399
0.818525
0.856995
1.05768
0.802141
1.48282
1.61727
0.689651
0.591903
0.449276
1.09128
1.34805
0.64182
0.762986
1.4426
0.643961
1.11975
1.09241
0.697224
0.709514
1.1047
1.41058
0.852987
1.66367
1.00437
1.18729
0.846052
1.03223
1.04436
1.25482
0.872496
1.17112
0.749839
1.40275
1.01921
0.661591
1.07342
1.07903
0.537865
1.98539
1.00576
0.842272
0.885244
1.43557
1.14038
0.982399
0.320196
1.24691
1.47414
0.888186
1.06366
0.687547
0.61394
1.81964
0.619213
1.15896
1.29176
1.18811
0.827911
1.15134
0.989085
0.795386
1.23258
1.02068
0.355568
1.01787
0.726443
1.52194
1.16901
0.803807
0.772273
0.883214
0.904129
1.02392
1.37815
0.852112
1.31472
0.809903
0.560747
0.602198
0.616687
1.25484
2.07311
1.43011
0.487176
0.880038
1.31118
1.06195
1.12576
0.854232
1.10341
1.31342
1.22429
1.06119
1.53716
1.22722
1.55433
0.733364
0.898602
0.629739
1.33397
0.914559
0.953611
0.665104
1.10789
1.17125
1.08594
0.540961
0.8757
0.760616
1.1112
0.981398
1.10851
0.867223
0.640165
1.19225
1.07973
0.799293
0.82486
0.607046
0.657048
1.31371
1.52027
1.20637
2.19587
0.661464
0.749214
1.07441
0.734379
1.21111
1.28543
1.30864
0.776527
1.06631
1.13994
0.651978
1.07514
0.995013
1.3126
0.871402
1.2083
1.05752
1.20017
1.53507
0.908375
0.760917
0.944346
0.800826
1.04515
1.8698
1.1767
0.706523
1.03418
1.24532
0.954656
0.982671
1.4544
1.74033
0.957159
0.880404
1.20815
1.60354
1.02554
0.851324
1.42189
0.919712
1.0727
0.532719
0.993325
0.764758
1.40435
0.734733
1.60783
1.04053
1.36042
0.749362
1.37013
1.06384
1.02674
0.661943
1.94437
1.54805
1.02478
1.08007
0.713951
0.553249
0.818512
1.06928
1.08688
0.715934
1.10494
0.939218
1.52969
0.601918
1.16851
1.13003
0.697155
1.38289
1.51279
0.811517
0.779637
1.48362
1.18526
1.49546
0.757336
0.45373
0.624196
2.36087
0.715134
0.914353
0.875417
1.53937
0.660079
1.15372
1.18715
0.512078
0.724664
0.799692
1.12986
1.41103
1.13313
1.13612
1.01578
1.04662
0.79275
0.894773
0.998871
0.86034
0.755986
0.750353
0.561692
0.619529
1.27908
0.826364
0.553152
0.997964
1.32214
1.08244
0.91375
0.785655
0.957729
1.08751
0.914844
0.933528
0.623755
0.883083
0.956303
1.15182
0.75401
0.870479
1.14893
1.03589
0.487993
1.37092
1.07064
1.03411
0.837993
1.62579
1.26137
1.13432
0.707722
1.30293
1.52503
0.828781
0.694387
0.887386
0.506546
0.575069
1.01453
1.45063
1.05714
0.638349
0.770649
1.71011
0.621268
1.4936
0.476012
0.931848
1.34721
0.960389
1.05294
1.44932
0.919483
0.653315
0.792526
1.67733
0.996874
0.418106
0.705549
1.40847
1.20157
1.53681
0.66804
1.26311
1.42107
1.07796
1.3166
0.654025
1.66213
1.1336
1.52329
1.07423
0.906884
0.622971
0.821053
0.845203
1.31893
0.388683
1.05179
1.17554
1.03679
0.804173
1.91772
1.19932
0.472052
0.695369
0.741382
1.11181
0.904293
0.930667
0.635119
0.948975
0.943529
1.15189
1.10442
1.11587
1.3353
1.62931
0.973071
0.407402
1.30802
0.75286
1.02615
0.785531
0.674586
0.401076
0.469402
0.877952
0.55444
0.45693
0.315361
1.15454
1.3512
1.94506
0.988229
1.03064
1.07249
0.661604
1.23288
1.19156
0.731646
0.760734
0.712452
1.22921
0.565029
0.656688
1.17926
1.0267
1.00791
0.985579
1.77679
0.594319
0.737473
0.607011
1.08026
0.904026
1.38126
0.993279
1.04669
0.820309
0.510166
0.98974
0.932153
0.59675
1.42749
1.36599
0.574306
0.987982
1.17241
0.836682
1.24424
0.778956
0.894915
0.793629
0.404488
1.52369
1.74652
0.656747
0.879203
0.902223
0.823628
1.02497
0.771287
1.4719
1.02382
1.31046
0.594445
0.844346
0.603125
1.03881
1.09536
1.03431
1.09568
0.789011
0.91362
0.84083
1.10576
1.3549
0.98274
0.449655
1.05258
0.665331
0.813126
0.921091
1.26867
0.939354
1.14406
0.858849
1.05551
0.831442
0.784918
1.15405
0.655356
0.663255
0.89832
0.558444
1.52489
0.727953
1.34701
0.753727
0.809762
1.25145
0.618078
1.08875
1.09255
0.771147
1.37213
0.397311
0.840485
1.33839
1.62047
1.29148
1.23131
0.537425
1.71523
0.73377
0.74063
1.00012
0.828352
0.868381
1.06971
0.898454
1.43186
1.15169
0.668765
0.828289
1.05851
0.857126
0.804122
0.777242
1.1075
0.824425
0.642987
0.978258
1.19424
0.708398
0.975736
0.945321
0.915401
0.529485
1.19798
0.621549
1.17206
1.30263
1.57858
1.34596
1.23789
0.848304
1.0203
0.889195
0.725972
1.18295
0.751463
1.00161
0.905636
1.16518
0.894641
0.631541
1.11411
1.22068
1.13427
0.688275
0.709754
1.54342
0.694907
0.629798
0.948241
1.13915
0.620366
1.34345
0.629027
0.887716
1.20457
0.778059
0.885411
0.577791
0.853846
0.91199
1.24535
0.742924
0.866353
0.799259
0.880377
1.26185
1.31257
1.40162
1.59345
1.40439
1.12905
0.944313
0.885949
0.801508
0.540115
0.955302
1.1694
0.956865
1.11861
0.757586
1.18016
1.63418
1.16178
0.769252
0.611959
0.812996
0.650557
1.63949
0.781886
1.13353
1.42099
1.15663
0.964862
1.18782
0.745085
1.10242
1.5388
0.930979
0.412566
1.0498
0.850024
1.03353
0.809734
0.866474
1.07934
1.07553
0.402232
0.881443
0.904507
0.947101
1.33821
0.825715
1.09801
0.788759
1.13444
1.67582
1.61046
0.659493
0.8156
0.618828
0.61274
0.909335
0.977815
0.694386
1.30238
0.798956
0.740878
1.17506
0.917847
1.25453
0.853177
0.978573
0.75755
0.72502
0.696202
0.990241
0.736787
1.24158
0.993962
1.01953
0.883478
0.793988
1.34955
1.07958
0.823118
1.20758
0.851214
0.899194
0.576006
0.632623
0.650796
0.703584
0.837826
1.29972
0.551391
0.773631
1.08649
1.40416
1.023
0.711244
2.1396
0.938777
1.09465
1.36948
1.0287
1.03314
1.03459
1.08416
1.09512
1.26971
1.44405
0.734498
0.753917
0.695208
0.938662
1.02414
0.444527
1.4914
0.975475
0.964649
0.740135
1.3447
1.27945
0.924807
0.785428
1.35053
0.971476
1.90254
0.665004
1.13552
1.51336
0.897973
1.45243
1.27633
0.395553
0.904428
0.401852
0.868921
0.928903
1.71277
0.785921
0.73323
0.921882
1.47101
1.52825
0.916684
0.812285
0.906762
0.932302
0.88569
1.43321
0.850048
1.25536
0.79958
0.680214
0.784246
1.61178
0.60632
0.706089
0.640406
0.874085
0.962858
1.56558
0.560474
1.45212
1.21054
0.689424
0.975511
0.842089
1.04634
1.11804
0.916685
0.843965
1.29543
0.821431
0.956429
0.607241
0.600505
0.476069
0.803469
1.75582
0.816864
1.17736
0.65786
0.931102
0.919336
0.634701
1.08588
0.410809
0.499038
1.22046
0.874533
1.04505
0.625069
0.853717
0.73509
0.926052
0.901976
0.50026
1.11373
1.18613
0.460955
0.798159
0.977058
0.806021
0.684432
0.736094
1.46538
0.76544
1.33183
0.991236
0.757206
0.955406
0.489792
0.938541
1.05857
1.02771
0.879771
1.26295
0.603978
0.770744
0.787708
1.25304
0.943974
1.55065
1.22234
1.57231
0.89555
0.594425
0.826201
1.15686
0.849481
0.798426
0.883899
1.19013
1.67306
1.1432
1.44741
0.955882
0.776638
0.648586
0.808189
1.24414
0.644726
0.937269
1.03729
0.937036
1.15511
0.889478
0.984701
0.777801
1.34817
1.2736
0.60784
1.61938
0.695839
1.40793
1.248
1.51353
2.01108
0.730751
1.18042
0.979669
0.669067
0.958538
0.770761
1.04853
0.827086
0.996954
0.599566
1.37027
0.754354
1.03642
0.788485
0.602585
1.15115
1.28525
1.6155
0.558268
0.425707
0.711605
0.970956
1.27683
1.07166
1.13057
1.1631
0.963587
1.25974
0.732114
0.459168
1.24978
1.12421
1.32966
0.844627
0.501787
1.02598
1.13839
0.785116
1.65123
1.0681
1.02102
1.20502
0.834263
1.47494
0.798817
0.480693
0.914989
1.05782
0.788168
1.37864
1.51768
1.36653
0.844549
0.745882
1.55419
0.931796
0.94129
0.905391
0.649835
1.04224
1.00554
0.831546
1.57243
0.979168
0.772238
1.01252
1.38745
0.934593
1.57278
0.875898
1.43273
0.682048
1.01773
0.817204
0.803726
0.807768
0.976815
0.601151
0.819123
0.511903
0.614413
0.910111
0.69997
0.979749
0.49961
1.50531
0.955169
1.07911
1.33225
1.25501
1.50375
0.785599
1.20573
1.00498
1.02797
0.942876
0.622106
1.43393
1.21666
0.888329
1.12935
0.945072
0.980852
0.792403
1.46207
1.2837
0.909602
0.549716
0.905788
0.836573
0.80305
0.828954
0.798452
0.77237
1.16611
1.09254
1.34256
0.740116
0.914757
1.16294
2.21754
0.641078
1.05775
0.995393
1.18558
1.41306
0.586411
1.02455
1.21576
1.19089
0.981024
0.677377
0.659121
0.499694
0.84167
0.60999
1.07899
0.865515
1.61521
1.00523
1.02117
0.629581
0.81858
1.31154
0.955211
1.46199
1.71453
1.21142
0.941309
0.85771
1.2261
0.781996
0.496423
0.802654
1.12958
0.862505
1.14108
1.24404
0.850997
1.06497
1.18841
1.42804
1.19685
0.555451
0.904901
1.04085
0.762068
0.771009
1.09266
2.27104
0.589582
0.897335
1.35647
0.810417
0.59988
1.40499
1.27336
1.16232
1.0136
1.31648
1.51515
1.31812
1.11267
0.564697
1.38157
1.44828
0.88561
1.00985
0.9684
0.953075
0.720968
1.07715
1.14809
1.07718
0.796467
0.911998
1.07264
0.936604
0.688585
1.18748
0.972706
0.586853
0.959164
1.5446
1.22893
1.07164
0.803136
0.731386
0.384784
1.12004
0.953966
0.75109
1.03896
0.997931
1.3481
0.89117
0.467035
1.01554
1.34572
0.891756
0.740255
1.20453
0.782486
0.69216
1.03412
0.698767
1.43173
0.88431
1.19204
0.906185
1.21433
0.523
0.440557
0.783691
0.838917
1.22706
1.03252
1.10913
0.784248
0.80577
1.46813
1.67716
0.885862
0.654104
0.999314
0.618797
0.969766
0.959578
1.10014
0.601738
0.713635
1.74156
1.06149
1.90506
1.10503
0.907019
1.24919
0.695354
1.36992
0.566213
1.01729
1.49422
1.46637
1.59294
0.871644
0.81489
1.54117
1.22895
1.08926
0.864099
0.826716
0.756662
0.947452
1.75776
1.55184
0.454478
2.20654
0.460024
0.741674
0.752181
1.92345
0.898338
0.759034
1.0948
0.621837
1.3187
1.08344
1.17556
0.725138
0.911031
0.300566
0.377667
0.797044
1.00724
0.904602
0.985772
1.61196
0.742128
0.665004
0.581016
0.97312
1.05343
0.715461
1.5969
0.9845
0.993179
1.35733
1.45698
1.13149
0.908659
0.578138
1.05855
0.936567
1.07129
0.640936
0.772798
1.11808
1.06433
1.53441
0.846983
0.991932
0.815027
1.56245
1.47278
0.761902
0.816906
1.00534
0.630561
0.942859
0.925174
0.913624
0.468943
0.782416
1.95532
1.00284
0.657631
1.34419
1.00855
0.664443
1.23377
1.0666
1.06917
0.563035
1.84573
0.763084
1.58331
0.958549
1.34293
0.867055
1.27487
0.654409
1.33538
1.44775
1.05934
0.485137
1.26364
1.41951
0.640562
0.548047
1.41124
1.55015
0.649184
1.22597
1.04182
1.12226
1.08588
1.192
0.92178
1.51372
1.62102
1.4164
0.621088
1.00861
1.08374
1.11023
0.749487
0.921969
0.583538
0.683789
0.934796
0.699177
1.42061
0.694308
0.706855
1.82203
1.16022
1.01885
1.22018
0.86402
1.06252
0.88
1.22017
1.18177
0.751257
0.73837
0.891151
0.765656
0.962106
0.966493
0.837171
0.49833
1.16336
0.81444
1.10341
0.938791
0.719835
1.65643
1.10679
0.81561
1.05272
1.43749
0.849519
1.04518
0.919185
0.843419
1.50817
1.56569
1.94499
0.81943
1.41166
0.942021
0.837085
0.665391
0.961126
0.92753
0.760885
1.02975
0.736718
1.52876
1.14538
0.864586
1.13704
1.9885
0.932976
1.60518
1.02286
1.24936
0.641514
1.37144
1.22484
0.735064
1.38737
0.958767
0.794532
1.12653
0.600142
0.593616
1.83045
1.20298
0.962581
1.37021
1.52327
0.690531
1.20111
0.827964
1.30029
0.50775
0.867293
0.465705
0.901124
1.03608
0.735272
1.00502
1.1329
1.53219
1.01388
0.630398
1.05938
0.994593
0.454983
0.96759
0.603289
1.56777
1.17576
1.18332
1.73144
0.591942
2.05508
0.851131
1.37073
1.0591
1.17878
0.722243
0.734823
1.06614
0.440731
1.40977
0.82987
0.867793
1.35286
0.873736
0.990432
0.947365
1.23681
0.575591
0.982106
1.13455
1.28855
1.24476
1.3933
0.670329
0.473413
1.00377
0.922519
0.865275
0.783801
1.00624
1.36917
0.595734
1.1354
0.709513
0.84201
0.907941
0.647288
1.1961
1.3149
1.29263
1.51699
1.61665
0.84378
0.947762
1.34079
0.58525
1.25085
0.620336
0.729184
0.910083
1.34441
1.21845
1.82347
1.26963
0.717666
1.60511
1.64835
0.832315
0.990943
0.858291
1.61834
1.21119
0.676123
1.32185
1.30475
2.14274
1.42877
1.35487
0.830085
0.683678
1.36981
0.662445
0.876176
1.45448
1.24887
0.645505
0.901388
0.768021
1.0064
1.16952
1.2497
0.551398
0.966297
1.16401
0.779294
0.893281
0.730655
1.0686
0.929681
1.64744
0.702402
0.814739
0.716163
1.02787
1.0122
0.940859
1.32063
0.748212
1.91967
0.870123
0.809814
1.47517
0.68232
1.38287
0.82761
0.515471
1.4457
1.39251
0.930645
0.84918
0.741149
1.26992
1.76896
1.50228
0.985223
0.522439
1.64012
0.494034
1.38163
0.697413
1.11858
0.908832
0.624397
0.869865
0.67954
1.18819
1.27354
1.25804
0.69726
1.58502
1.51402
0.915424
0.963462
0.750457
1.12287
1.12204
0.976912
0.771672
1.38133
1.27354
1.25409
0.593195
0.550948
0.936997
0.93636
0.760744
1.5964
1.58447
0.9257
1.02733
0.727649
1.24526
0.854911
1.33115
0.557834
0.492298
1.69593
0.564821
1.05275
0.906694
0.634221
0.664619
0.65551
1.04305
1.44808
1.61694
1.31599
0.766693
0.776229
1.29427
0.911315
1.32431
0.55668
0.617734
0.997521
1.33352
1.10662
1.14769
0.769745
1.0072
0.769079
1.32772
0.883458
0.983272
0.581875
1.00268
0.724423
0.896425
0.795377
0.998303
0.593863
1.36352
1.30884
1.4073
0.647431
1.1098
1.34926
0.896969
0.638758
0.667081
0.961246
1.21031
1.29189
0.676917
1.1302
1.20507
1.39312
1.4404
0.996033
0.792052
1.05886
0.846974
0.56505
0.83999
0.899378
0.930433
0.751559
0.667036
0.859292
0.629786
1.28985
1.26111
1.17696
1.01629
0.550494
0.645503
1.02478
1.87862
1.31224
1.29944
1.31235
1.39678
0.832098
0.790592
1.62583
0.978566
1.35109
1.03192
1.21204
1.13434
0.94604
0.788884
0.867332
0.840545
0.970117
1.07929
0.946015
0.813905
0.888644
1.023
1.16101
1.13754
1.27247
1.42521
0.845084
0.799396
1.31048
0.675511
1.07526
0.90466
1.18359
1.20988
1.3337
0.94449
1.15373
0.946567
1.51326
0.540634
0.558034
0.954436
0.625841
1.02867
0.633502
1.30461
0.743677
1.23819
0.918592
1.71353
0.501813
1.43474
1.02987
0.736752
0.896136
0.693938
0.812517
1.88983
0.937937
0.941716
0.936831
0.600084
0.69852
1.10131
1.3647
0.970352
0.633448
0.598157
1.02052
1.15859
1.12988
1.74829
0.691718
0.862693
0.797975
0.727298
0.587156
0.873941
0.664512
1.6914
0.99271
1.35702
1.08065
0.568408
1.60437
0.890083
1.37047
0.432476
0.912995
0.457003
0.780977
1.22468
1.14483
1.50136
0.711779
1.11095
0.744213
0.875394
1.59938
1.21892
0.808216
1.61531
0.831615
1.15183
1.16279
1.11383
1.19943
1.08258
1.06468
1.1172
1.28363
1.1365
0.594112
0.716595
1.01048
0.896452
1.14844
1.13333
1.37863
0.981026
1.29127
0.663399
1.14427
0.784412
0.651684
0.289712
1.17192
0.985955
1.09934
1.18849
1.28244
0.652303
1.40254
0.438255
0.726973
0.620808
1.10568
1.14231
1.22725
0.595069
1.10544
0.61679
1.15406
1.26175
0.918726
0.884612
0.306728
0.862095
0.893973
0.903731
0.833337
1.21714
1.5184
1.25882
1.53083
0.977481
0.911406
0.840373
0.448931
0.847603
0.747198
0.905619
1.15209
0.735032
1.02868
0.376125
1.31353
0.595227
1.13448
1.16145
0.785317
1.1388
1.2234
1.33462
0.475871
1.06067
0.88124
1.35896
1.08633
0.838663
0.843551
0.817265
0.703832
1.21276
0.954047
0.770088
0.735929
0.962838
1.07526
1.33944
0.674645
0.854118
1.41939
0.600429
0.900462
0.523057
0.593411
0.520732
1.09286
1.24146
0.899506
0.969493
1.66601
0.82598
0.820113
1.16705
2.01312
1.60451
0.746728
1.26697
0.553129
0.76755
0.624172
1.15079
1.32675
0.86193
0.751238
0.968813
0.654702
1.18454
1.23602
1.06406
0.867154
1.32244
0.711429
0.610209
0.842204
1.19061
0.968372
1.05096
0.880313
0.891172
0.318729
0.737388
0.671079
0.900863
0.739057
0.858089
0.596155
0.917575
1.14157
0.8886
0.818378
1.50703
0.758939
1.35588
0.579191
1.22412
1.18031
1.23866
1.36717
0.716071
0.722978
0.647911
0.838912
1.31294
0.748106
0.739871
1.51871
1.1527
0.951398
0.608786
0.938478
0.887049
1.18221
0.516087
2.38853
1.06731
0.548552
1.00075
1.13797
0.888182
0.548462
0.631783
1.25908
1.28732
0.752197
0.938936
0.663748
0.758012
0.751739
1.26879
0.913466
0.435283
0.676758
1.46701
1.31336
1.11958
0.492127
1.06671
0.514896
1.50932
0.92011
1.38604
1.02284
0.930148
1.10818
1.17359
0.9294
1.07531
0.986882
0.958304
1.10868
1.21107
0.651381
0.972548
1.24027
0.736929
0.976572
1.67916
0.867098
1.26644
0.678225
0.862762
1.1947
1.09842
0.932541
1.29993
0.778559
0.995249
1.20051
0.852146
0.916543
1.17634
1.1712
1.19581
0.833434
0.805062
1.1134
0.986428
0.508775
1.27808
1.33024
1.70267
0.907507
0.777505
0.612041
1.37941
0.753914
1.11047
0.76821
1.07478
0.802178
0.705841
0.673538
0.745627
1.86383
1.37025
0.895161
0.545693
0.794709
1.45902
1.37634
1.37877
0.740824
0.992608
0.704135
1.03398
0.667543
1.03084
0.908818
1.32808
0.733797
0.652379
0.695524
1.39985
0.741209
0.883396
1.3061
1.57891
1.35959
1.27584
1.41071
0.765184
1.42056
0.716894
1.27588
1.55841
1.07146
0.93015
1.41739
0.731013
0.639951
1.01523
1.46966
1.19766
1.63241
1.42575
0.905769
1.15091
1.10909
1.14815
1.88272
1.17542
1.01335
0.98154
1.07708
1.03774
1.24299
0.567081
0.738818
1.43032
1.13303
1.17609
1.10002
0.716651
0.615699
1.47042
1.9037
1.01194
0.717356
1.52773
0.850773
1.03036
1.05484
0.615887
1.68405
1.37129
0.800232
0.667465
0.665124
1.08273
0.565854
1.14242
0.932183
1.04295
1.31172
1.30117
0.509661
1.14742
1.24767
0.952174
1.20657
1.83966
1.05353
0.801225
0.797041
1.15361
1.19144
1.17382
0.829029
0.385156
0.8309
1.74254
1.10334
0.546217
1.16407
0.770754
0.697386
0.853313
0.537741
1.25145
0.673583
0.447933
0.872471
1.04089
0.668089
0.352296
0.656788
0.894825
1.23223
1.34119
0.564185
1.16629
0.895523
0.991603
1.33526
0.752407
1.19099
0.716684
1.24658
0.89929
0.81579
0.800164
0.627585
0.670368
1.04641
0.904975
1.24043
1.22082
1.06488
0.992911
1.03966
1.05188
0.76465
1.37855
0.92762
1.11271
0.971409
0.812042
0.719277
0.668926
0.94017
1.1257
0.43493
1.66472
1.26665
0.681173
1.4172
0.989873
2.40759
0.672559
1.19891
0.919047
0.694842
0.938937
0.59001
0.970469
0.778267
0.913192
0.864386
1.25907
0.905527
1.53756
0.913809
1.3959
0.854924
1.12549
1.26971
1.35787
0.867187
1.22579
0.636278
0.711537
0.896186
0.80663
0.916006
0.628641
1.65315
1.12767
0.934
0.398913
1.16635
1.30968
1.16273
1.31776
1.78614
0.575234
0.495731
0.783787
0.971686
0.780558
0.983545
0.83718
0.833316
1.00213
1.03311
1.0303
0.882417
0.964991
0.630066
0.632764
1.46457
1.42521
1.04644
0.806946
0.602361
0.641739
0.838289
0.510205
1.06662
0.766252
0.848803
1.33861
0.632485
0.86768
1.20576
1.0967
1.1698
0.945253
1.19763
0.762316
0.544864
1.15372
0.634104
0.615985
0.996908
1.31632
1.53675
1.33914
1.04381
1.13393
0.9343
1.05544
0.502993
1.03115
0.698798
0.711659
1.54698
1.251
1.45844
0.876389
0.830124
0.594236
0.396636
0.866001
0.570427
1.00681
1.17737
1.46697
1.43519
1.19325
1.28957
0.900831
1.12859
0.99475
1.21246
1.74618
1.2138
1.06799
0.697442
1.2559
0.698864
1.08479
1.21714
0.80974
0.810698
1.06084
1.03279
0.911577
1.02454
1.31174
0.956739
0.919202
0.577441
1.05029
1.42897
0.413224
0.63322
0.71142
0.377411
0.895668
0.592823
0.874491
1.02915
1.08697
0.946415
1.14667
1.18063
1.20256
0.772459
0.775532
1.26633
1.35483
1.09962
1.46281
1.08183
1.19484
1.23752
0.577807
0.883563
1.39426
0.805357
1.38229
0.891203
1.10984
0.957473
1.68687
1.15475
0.863329
1.19657
0.800067
0.623467
1.10106
0.803831
0.872528
0.866365
0.761042
1.27994
0.741234
1.24728
1.02013
0.692121
1.6413
0.632335
1.02755
0.88405
1.13251
0.661213
0.586993
0.943004
0.720341
0.824853
0.924447
1.18715
0.900259
0.485378
0.819925
0.84455
0.606272
0.912805
1.8609
0.645622
1.33163
0.99374
1.13027
1.20201
1.36669
1.29401
0.799326
1.09196
0.735245
0.573701
1.41496
1.04381
1.48762
0.820271
0.885179
0.987812
1.33106
0.975392
1.34982
1.00649
1.62518
1.22985
0.956423
0.632196
0.566719
0.74197
0.933545
0.732608
0.704196
0.727502
1.48001
1.0066
1.07375
0.928529
0.944807
0.922653
0.654045
0.913484
0.79821
1.4005
1.01321
0.923785
0.767225
1.25698
0.793592
0.828113
0.941782
1.17154
0.5563
0.980924
0.954859
0.63601
0.734351
0.826762
0.943439
1.31841
1.45569
0.797131
0.821272
0.940396
0.922858
0.885531
1.34621
1.06141
1.20262
0.647475
0.657407
1.05869
0.841759
1.13218
1.05021
0.762472
1.47199
1.33479
1.25368
1.24885
0.793882
1.5401
0.828818
1.57155
0.873922
1.21775
1.22802
1.19043
0.70979
0.964613
0.720305
1.58739
0.915038
1.10006
0.624111
0.911142
0.956734
0.932656
1.06079
1.0254
0.779626
0.643343
0.756797
1.48652
0.972027
0.745094
0.955295
0.73935
0.688141
1.08975
1.045
1.07691
0.599149
0.59677
0.796076
1.74698
0.681431
0.840385
1.13958
0.844611
0.966946
1.47102
0.98102
0.532264
1.64511
1.12067
1.12318
0.64607
1.31102
0.988246
0.631471
0.768032
0.786177
1.30884
0.75418
0.974194
0.539419
1.0112
1.22962
0.685053
0.671643
0.593777
0.84642
0.613806
0.827807
0.973782
1.17696
1.36317
0.853474
0.835264
1.00334
0.943204
0.832657
1.10918
0.887805
1.40905
1.43203
1.11835
1.1284
0.785363
1.18357
1.32312
0.556178
0.691893
0.804899
0.515397
0.396751
1.12383
1.06153
1.28599
1.32332
0.926518
1.44384
1.44792
0.694826
0.686338
0.653674
0.739373
0.863236
0.835395
1.50331
0.809922
1.20422
0.761858
1.43796
0.970349
1.81498
0.865238
1.26575
1.06479
1.07823
1.06735
0.395979
0.40104
1.28586
1.09043
0.893752
1.20766
1.14661
0.771609
1.08294
0.671743
0.748905
0.893498
0.883396
1.06736
0.587547
1.32455
0.901197
0.561464
1.30277
0.831306
1.50834
0.897772
1.34733
0.969322
0.859045
0.563927
0.780145
0.593614
1.12706
0.887449
0.750391
1.15519
1.06639
1.55313
0.887718
1.09957
0.744134
0.771877
0.720416
1.83404
1.86551
1.22126
0.745558
0.806242
1.61097
0.99561
1.08272
0.852875
1.24724
0.923571
0.760565
0.698757
1.89452
0.819515
1.13897
1.89332
0.948613
0.809264
0.355974
1.48838
0.422569
1.01136
0.452121
1.51753
1.02828
1.04696
0.646751
1.22523
0.970663
0.567923
0.988075
0.656855
0.705645
0.951258
1.02419
1.37669
1.1054
1.4831
0.936413
1.17403
0.771216
0.797701
0.854999
0.74962
0.73806
1.26567
0.760933
1.3975
0.95747
1.07936
0.989787
1.26459
1.15688
0.780697
1.33556
1.39655
0.797799
0.944418
1.18403
1.20641
0.836288
1.23177
0.899594
0.744576
1.34577
0.82364
1.21986
1.12557
1.109
1.10315
1.06446
1.34465
0.771168
1.36583
0.349606
0.925423
1.19032
1.08089
0.932681
1.35737
1.18803
1.11025
1.10846
0.947635
0.7724
1.29229
0.846057
0.802914
1.10305
1.21049
1.14408
0.853576
0.76024
0.409526
0.901624
0.923199
1.04132
0.419095
1.02376
1.20195
1.55564
1.03453
0.790179
1.05678
1.07448
1.05955
1.05272
1.34193
1.24607
0.680625
0.857632
0.927484
0.781539
0.721566
1.27924
1.23291
0.520244
0.956981
0.561184
0.649404
0.656922
0.629291
0.810615
0.751946
2.2131
1.41484
0.667017
0.797496
0.748404
1.27655
0.460213
0.628908
0.915993
0.753128
0.772408
0.506915
0.774704
1.40892
1.00983
1.57181
1.3397
1.28855
0.627473
1.10535
1.01697
1.61912
0.95775
1.607
1.10664
1.07003
1.46772
0.610419
1.00966
0.753068
0.756577
0.605468
0.548279
0.657649
0.811173
0.813683
0.879644
0.836791
0.755884
0.888051
0.574853
1.01521
0.696937
0.853469
0.783734
1.40695
0.849235
1.18083
0.273898
1.05623
0.885742
1.39828
0.642088
0.946538
1.03713
1.06288
0.720994
1.45554
0.794186
0.549858
1.41421
0.548022
0.854116
1.19996
1.10546
1.02393
1.3568
1.64101
0.839619
1.15848
0.969172
1.03413
1.42033
1.41839
0.968049
0.674264
0.732411
1.1203
1.17989
0.791699
0.845224
1.45308
0.628638
0.982623
0.881888
1.05307
1.11639
0.710095
1.05871
0.702869
1.11617
1.07185
0.799124
0.742558
2.09704
1.42997
0.514611
1.25568
1.04768
0.579993
0.750805
1.36235
1.03744
1.27193
0.881282
0.734997
0.884033
1.22504
1.11013
0.798803
0.765718
1.58148
1.28506
0.884139
1.30698
1.07992
1.07319
0.582093
1.34225
0.643822
1.19554
1.0488
0.828862
0.969708
1.2817
0.890961
0.861853
0.712781
0.619092
0.694046
0.521302
0.782945
0.787194
0.862141
0.681058
1.11447
1.15549
0.84824
0.646554
1.07048
1.23965
0.692615
0.658482
1.26675
1.38718
0.820117
1.10524
0.722593
0.452512
0.584751
0.715112
0.679824
0.878756
1.37302
0.469569
0.706313
0.763416
0.770529
1.52104
1.02666
0.589915
1.46971
1.36848
1.15363
0.72587
0.965801
1.0273
0.561841
1.06932
0.720154
0.595581
0.748118
0.870393
0.834328
0.757108
0.923307
1.12695
1.04625
1.09083
0.900219
1.31386
0.794943
1.15142
1.58508
1.38835
0.949606
0.677219
0.93952
1.39646
1.17998
0.792257
1.00631
1.13633
0.718684
0.640836
0.76966
0.7715
1.11571
1.46881
1.08245
0.607426
0.85473
1.40471
1.24565
1.13953
1.46485
0.812847
1.45791
0.623117
1.00454
1.26395
0.828721
1.1914
0.856047
1.57252
1.35783
1.38363
0.985014
1.19372
0.551031
0.702675
0.744979
0.674707
1.16529
1.00067
1.06374
1.1533
1.01689
1.02462
0.746656
0.829646
1.41277
1.14083
0.981255
0.984514
1.41207
0.694992
1.03814
1.60118
0.962262
0.978202
0.821463
1.33129
1.64102
1.3193
1.17162
0.929529
0.79116
0.768628
1.39498
0.836472
1.31472
0.946374
1.37757
2.44607
1.06805
0.996735
1.10194
1.2756
1.13777
2.13567
0.979086
1.0393
1.65831
0.619804
0.695284
1.16369
1.75995
0.517719
0.94606
0.732864
0.769874
0.627623
1.04405
1.11432
0.957979
1.65407
0.810295
0.813113
0.793088
0.369265
1.15636
1.23912
0.612507
1.24214
1.18392
1.2877
1.17668
1.08432
0.564468
0.525945
1.29106
0.722859
1.07712
0.880601
0.973462
1.05737
0.575766
1.32462
0.965174
1.23075
0.751366
1.0733
1.11499
0.953212
1.08492
0.794782
0.997634
0.779929
1.01159
1.03807
1.29844
1.61045
0.950788
1.09918
1.4068
0.570379
0.803084
1.38058
0.785525
0.963625
1.14455
0.773744
0.914188
0.698326
0.771342
1.43847
1.30234
0.940886
0.751822
1.33886
0.905332
0.6991
1.18119
0.851067
0.813427
1.7173
0.956985
1.22109
1.08801
0.522436
1.22803
1.44505
1.33826
1.34753
1.43694
1.00929
0.829288
0.813889
0.829668
0.891247
1.58275
0.766311
0.888964
1.0474
0.72759
1.48268
0.988734
1.67518
0.64858
1.01948
1.64611
0.594335
0.91527
0.58717
1.06005
1.01702
0.842462
0.91353
1.27555
1.35004
0.850259
0.951026
0.925742
1.43415
0.799265
1.07931
0.658138
1.60402
1.15988
0.801646
1.03201
0.933436
0.882199
0.742089
0.92458
1.06528
0.82844
0.754523
1.55951
0.773632
0.980875
1.02499
1.303
1.01811
1.19588
0.826633
0.626954
0.951795
1.06475
0.691494
1.3209
0.948069
0.778226
0.752849
0.663095
0.526179
1.61181
0.693319
0.834671
1.14033
0.624864
1.01835
0.961385
0.82188
1.21054
1.50777
1.15484
0.947112
1.41189
1.31335
0.564725
0.485983
0.952209
0.901997
1.01563
0.846399
1.03485
1.29541
0.507366
0.660368
0.661055
1.00221
0.846381
0.806464
1.13968
0.852684
1.31904
0.896514
1.00707
0.955232
1.00116
0.91193
0.641359
0.96615
1.75391
0.883908
0.955104
0.75949
0.984675
1.46373
0.991885
1.2892
0.984451
1.61138
0.54139
1.22894
0.702937
1.09993
1.25704
1.21575
1.69341
1.31342
1.08313
0.758067
1.18763
0.816582
0.721364
0.89572
1.03747
1.30165
0.678767
1.15505
0.51895
1.26936
1.62456
1.63666
1.01259
1.32141
0.751873
0.794277
0.972192
0.985495
0.640251
0.816408
0.793099
1.22901
1.01157
0.795316
1.09157
0.754349
0.894843
1.0371
0.902435
1.29884
0.830687
0.904608
0.658138
0.781581
1.12993
1.26385
1.05145
1.95106
0.911879
1.60959
1.13295
1.07984
0.731309
1.11323
1.03881
1.36853
0.84612
0.989632
1.0344
0.590972
0.896119
0.971177
0.646485
0.928808
0.737388
0.923014
1.31487
0.667944
0.895221
1.13267
0.72877
1.08246
1.44616
0.79948
1.30569
0.896706
0.754966
1.30088
1.47179
0.852011
0.916336
1.0722
0.854319
0.910117
0.885195
1.66341
1.30046
0.703654
0.850916
1.00223
1.69935
0.873836
0.917887
1.01242
0.947152
1.14874
0.931491
2.10129
0.734763
0.658457
1.13739
0.758676
0.795871
0.591483
0.982145
1.12242
1.10427
1.65999
0.969989
1.21646
1.18884
0.550166
1.02478
0.875655
0.972784
1.37681
0.726641
1.37844
1.03547
1.00468
0.921285
0.941758
0.974877
0.612759
1.19821
0.881897
0.567594
1.28267
0.964306
1.05598
1.3377
0.700407
1.1039
0.921847
0.909784
1.30898
1.06297
0.663458
1.42481
1.3636
0.898126
1.14529
0.623348
0.609588
1.0774
1.49204
0.758824
0.879998
1.20011
1.01292
0.750034
0.776299
1.63522
0.318337
0.861175
1.33701
0.804865
0.848423
0.642994
0.640215
0.707526
0.646314
1.38445
1.78836
1.47508
0.90092
0.798415
1.02491
0.95233
0.538493
0.625258
1.18893
0.952248
1.29215
0.86477
0.587174
1.26362
0.996308
0.787794
1.46818
0.727269
1.08494
1.04332
0.61352
0.967953
1.15393
0.829754
1.47232
1.12992
0.89179
0.533465
1.69285
1.3892
0.503192
0.725866
1.56976
1.19587
1.24613
1.06761
1.04422
0.430832
0.619702
0.859912
1.33643
0.780669
0.678827
0.614295
1.07808
1.20819
1.28205
0.689813
0.542589
1.29814
1.28952
1.04898
0.692765
0.805624
0.695721
0.348447
0.749102
1.00757
0.971862
1.44829
1.2276
1.21921
1.04933
0.719355
0.790026
0.640274
1.15042
1.16551
1.15744
1.38725
0.855337
0.779988
0.800874
0.750126
1.23816
1.05131
2.08431
1.2127
1.07453
1.09568
0.706356
0.749906
0.814991
0.832457
0.685519
1.15805
0.800303
1.3173
0.91757
0.901081
1.32983
1.09969
0.709627
0.753315
1.04628
0.923979
0.858461
1.42824
0.612196
1.39934
1.24478
0.92012
0.870153
0.85628
1.7539
0.61451
0.85824
0.782739
1.05992
1.00206
0.659041
0.894953
1.00657
1.13877
0.791803
0.424172
1.34481
0.793448
0.831868
1.23765
1.11722
1.17627
0.791885
0.642206
1.03835
1.07487
0.775427
1.25787
0.779558
1.26154
0.724811
0.549929
1.09875
0.962824
1.00899
1.08201
0.917054
0.856676
0.76598
1.02191
0.751344
1.80089
0.675722
0.592333
0.601759
1.88264
1.01854
0.945673
1.29778
1.22131
1.08498
0.833167
0.669726
1.05413
1.05837
1.01746
1.36586
0.951771
0.601256
0.568628
1.07932
0.914853
0.711286
1.03989
1.42768
0.75978
1.16644
0.561548
0.816266
0.827221
1.39172
0.733664
0.776565
0.922572
1.13205
0.968679
0.390199
0.901377
0.816842
0.8129
1.26201
1.25619
0.841691
0.999817
2.22593
1.28931
0.912969
0.763492
0.736808
0.81699
0.648958
0.946567
0.705999
1.436
0.637925
0.886938
0.698222
0.777581
0.867308
0.691202
0.892279
0.982669
1.45896
1.62697
1.0928
1.25478
1.34945
0.649623
1.03235
0.915263
1.19755
1.23877
0.761626
0.741344
1.39747
0.782253
1.44862
0.595921
1.52112
0.671324
0.923818
0.995055
1.17539
0.68724
0.804922
1.19071
1.34582
1.24477
0.666682
0.944566
1.43302
0.844973
1.24032
1.438
0.593421
0.564574
0.589126
0.738498
0.820599
0.81908
0.690393
0.814973
0.658653
0.855812
1.18543
0.604378
1.29559
1.04275
0.599895
0.57239
1.01777
0.58057
1.31933
0.635474
0.445908
1.07436
1.0443
1.46211
1.09753
1.25841
1.49017
1.39895
0.824347
0.702803
0.569716
0.891322
1.07875
1.57224
0.723652
1.0076
0.915855
0.681441
0.810361
0.571838
1.44141
1.14103
0.880757
1.01767
0.58838
1.03212
0.8004
0.72692
0.620878
0.743154
0.814692
0.938767
1.41183
1.16693
0.554922
0.90323
1.4248
0.715803
0.728992
0.861789
1.30911
1.30407
0.946575
0.994149
0.958012
0.942083
1.08936
0.807103
1.5664
1.23302
1.36754
1.08947
1.4563
0.81666
0.677068
1.28144
1.81785
1.14515
0.792848
1.09029
0.792981
1.03814
0.655536
0.475243
0.707828
0.677548
0.780071
0.874903
0.991787
0.502174
1.67153
0.795162
0.504099
0.696166
1.34923
0.938626
0.766069
1.1836
2.08481
0.392291
0.610257
1.1201
1.1542
1.02252
1.27676
1.29375
0.845088
0.903891
0.738684
0.847438
1.41661
0.805512
1.07355
1.8341
0.796085
0.89528
1.01944
1.19645
0.663517
0.618765
0.798269
0.978133
1.5059
1.3449
0.912244
1.26766
0.551677
0.719221
0.580112
0.670368
0.80352
0.942042
1.27618
1.02383
0.756453
1.33325
0.854874
0.792901
0.959245
0.839825
1.18504
1.52149
0.968384
0.798229
0.380699
0.957941
1.37413
1.07961
0.910527
0.472096
1.2614
1.02861
1.45479
0.868681
0.652147
0.640411
0.897606
0.969983
0.844664
1.69135
1.20546
0.436712
1.22394
1.18854
1.10321
1.64528
1.37119
1.18378
1.23337
2.03549
0.935397
0.51928
0.667611
0.529466
0.92527
0.711616
0.852927
0.629431
0.698343
1.37555
0.830149
1.57415
1.11231
1.12621
0.713107
0.919165
0.868316
0.977445
0.807074
1.01283
0.552789
1.00954
0.92971
1.06189
0.60128
0.990522
0.892903
0.842917
0.620034
0.760553
0.847758
0.806598
0.706704
1.51278
1.02805
1.16844
0.899861
1.15415
1.3292
1.57422
0.65731
1.39479
1.07342
1.48133
0.685193
1.15385
0.512406
0.886613
1.29634
0.945989
0.98954
1.14498
1.00591
1.10089
0.60861
0.807845
0.963776
0.783687
0.96165
1.33503
0.972775
0.866628
1.14308
0.92344
1.27068
1.05721
0.811075
0.658509
1.16011
1.07449
0.58771
0.927092
1.02337
0.689058
0.899124
1.32755
0.793248
0.555835
0.577625
0.740793
1.23168
1.16115
0.958656
1.03929
0.427686
1.08367
1.63111
0.483474
1.30651
0.704214
1.3623
0.74194
0.512152
1.0734
0.94811
0.969973
0.620522
1.27795
1.15489
0.953405
0.600846
0.703287
0.94988
1.18727
0.845099
0.757703
0.587106
1.38434
1.06314
1.12108
1.32388
1.52572
0.681662
1.54871
0.701436
1.21404
1.75719
0.685928
0.769291
1.33316
1.24289
1.04932
0.845769
1.10479
1.30828
1.01321
1.09846
0.998234
1.27271
1.41055
1.07408
1.66836
1.095
1.23875
1.04998
0.461563
0.634975
0.926583
1.35534
0.625509
1.11193
0.555307
1.06337
1.08696
0.647186
1.3997
1.10425
1.75389
0.74232
1.6815
0.47036
1.39364
0.883016
0.745691
1.02947
0.951142
0.765305
1.27305
1.04225
1.82979
0.795665
0.923483
0.735243
1.01513
0.71799
0.949231
1.27425
1.06292
2.02335
0.480695
0.961656
0.956348
0.879581
0.957893
0.640405
0.894933
1.16147
2.0157
0.854769
1.04745
1.18221
1.27042
1.53379
0.961026
1.18266
0.907643
1.14224
0.849044
1.11886
0.820547
1.20637
0.957467
0.906728
1.02092
0.755519
1.08571
1.17688
0.93168
0.951255
1.0226
0.966498
0.800644
1.22188
1.15205
1.18425
1.13299
1.51852
1.19599
1.18878
1.05776
1.07036
1.01134
1.32208
0.910275
1.17362
0.701944
0.607991
0.84576
0.887096
1.29469
0.959093
0.700556
1.07229
1.31265
0.784191
0.50497
0.473458
1.07792
1.22053
0.681743
1.18624
0.698064
0.680075
1.17132
1.31416
0.732017
0.638067
0.871045
0.633023
1.28906
1.43984
0.965394
1.01001
1.453
0.873623
0.676402
1.1534
0.701354
0.76901
0.806962
1.01955
1.30222
0.9988
1.20276
1.08373
0.747646
1.501
0.758432
0.948912
1.15458
0.942906
0.907432
0.883024
0.659924
1.05547
0.614325
0.797648
1.04148
1.60225
1.33449
0.994467
0.839849
1.09689
0.562828
0.962362
1.00345
1.20917
1.31362
0.943
1.4788
1.38811
0.744883
1.38913
0.961937
0.989641
1.01692
1.16519
0.579084
0.498994
0.886927
0.798726
1.62365
1.01032
0.966763
1.45958
1.02286
1.62623
1.2472
0.666423
1.24113
0.52952
0.790461
1.00824
0.866129
1.08387
0.800796
0.512199
1.28365
1.02603
0.996949
1.34942
1.26439
1.8025
1.16522
0.495606
0.598076
0.876821
0.765029
1.80906
1.11573
1.12292
0.722523
1.25058
1.35622
1.19152
0.759189
0.409227
0.886232
1.57325
1.6919
0.870009
1.66879
0.962459
1.34776
0.724641
1.34473
0.692845
0.784395
0.777311
0.964855
0.630624
0.613831
0.737797
1.18704
1.36457
1.28096
1.11618
0.866965
0.925878
0.947424
0.799315
1.19822
0.742975
1.19896
1.26198
1.31907
1.15054
1.55456
1.23781
1.56484
0.580907
0.82599
1.33659
0.830407
0.439703
1.3234
0.777668
1.01691
1.4467
0.777389
0.530321
1.25381
1.25303
1.52033
1.23322
0.505299
0.878247
1.09642
0.384683
1.51267
0.909381
0.67425
1.28612
1.37309
0.722806
0.625456
0.809917
0.879304
1.2753
1.09121
1.04666
1.04891
0.638273
0.746736
0.957687
0.711764
1.25263
1.13529
0.777481
1.25863
0.591072
1.23383
0.975826
2.26958
1.02932
0.895206
1.31374
1.28839
0.831188
1.21953
1.26235
0.647571
0.748178
1.21137
1.09194
1.39616
0.956373
1.49847
0.778897
0.937343
1.32823
0.849653
0.270172
0.942723
0.910882
0.674469
0.972109
0.796946
0.995022
1.54406
0.905338
0.837016
1.14442
1.05025
1.25174
0.862963
0.88297
0.435166
1.15764
1.31606
1.75791
0.697565
1.50395
0.660929
1.0613
0.811891
0.579624
0.471461
1.40875
0.461268
1.01269
0.907503
0.754552
1.10569
0.88748
0.76788
0.865831
1.17565
1.33088
0.939592
1.25805
0.842353
1.03564
0.632083
0.541378
0.946784
0.998341
1.35551
0.92736
0.894607
1.40622
0.91568
1.10863
0.895346
1.02612
0.50846
0.80283
0.913684
0.719161
1.00679
0.562783
1.39414
1.07547
0.8779
1.07332
0.49947
0.833693
1.16367
0.861887
0.821436
1.12845
0.938805
0.584567
0.678354
0.848562
0.669916
0.685563
0.994664
1.03936
0.534488
1.04152
1.13483
0.790646
1.18513
0.959736
0.917362
1.59731
1.08382
0.905098
0.882303
1.23011
1.06329
1.22455
0.46968
1.30037
0.92748
0.524741
1.09658
0.644859
0.538103
1.13578
1.0277
1.14064
1.23871
0.54786
0.645625
1.1807
1.22539
0.579953
1.04963
1.26476
0.751188
1.23441
0.923963
0.913525
0.948712
0.965284
1.00665
0.77192
0.999338
0.821983
1.384
0.746357
0.7918
0.849383
0.873511
0.698739
1.03758
1.27032
1.48412
0.838033
0.858833
0.765115
1.12459
0.938697
0.91633
1.04537
0.88287
0.496171
0.825604
0.852941
1.24698
1.21266
1.04392
0.427357
1.25227
0.975646
0.661714
1.01906
1.04511
1.53824
0.829133
1.13098
0.479673
0.696659
1.13768
1.0726
0.825323
0.912505
1.69061
1.43972
1.13866
1.10952
0.672251
1.33922
1.13781
0.993866
1.35754
0.440041
1.55073
1.51698
0.81015
0.829837
0.628696
0.931577
0.560048
0.63203
1.00886
0.977277
0.756661
0.796978
1.80502
0.787151
1.43461
0.631501
1.42756
0.806748
0.805717
1.39157
1.07642
0.798907
1.54043
0.64832
1.35714
0.857683
1.4477
1.03335
1.00606
0.975308
0.842706
0.965905
0.725337
0.83838
1.03515
1.04747
0.96311
0.611218
0.721382
1.35587
1.3849
0.760244
1.1115
0.855319
1.13643
1.04588
0.91828
1.0267
1.19202
0.998613
0.890596
1.33047
0.765047
1.48654
0.77399
1.05146
0.806922
1.14784
0.993858
0.909759
1.07034
0.882612
0.945662
1.06901
0.769296
0.928331
0.78244
0.924665
0.500326
1.41729
0.752858
0.902545
1.25437
1.21634
0.571962
1.77063
0.574201
0.934184
1.45821
0.632929
0.358015
0.423728
0.84297
1.61526
1.12202
1.3199
0.951314
0.758087
1.86907
0.46321
0.76138
0.948937
0.50891
1.18422
0.957274
0.900682
1.39128
0.995587
1.24913
1.0841
0.598946
1.26421
0.666572
0.651493
1.41123
0.693686
0.468427
0.971569
1.29518
1.43028
0.885583
0.804262
0.503779
1.16183
1.36296
1.2809
0.935615
0.431713
1.58923
0.860592
0.703574
1.34417
1.12283
1.21141
0.779755
0.667873
0.733283
0.693553
1.11584
1.63546
0.370728
0.712596
1.16376
0.493205
0.594556
0.820418
1.16495
1.18661
0.623861
1.58855
1.28699
1.0385
0.68349
0.998361
1.11728
0.63667
0.529278
1.70494
0.414711
0.486323
1.34088
1.2669
1.07214
1.16637
1.13271
0.872315
0.784163
1.36842
1.05252
1.45033
0.876001
1.96719
0.410664
0.834013
1.10805
0.717595
0.720012
0.875116
1.2486
1.61024
1.26757
1.05407
0.713742
1.19671
1.42336
1.83226
0.948504
0.931109
0.804754
1.10075
0.844365
1.47728
1.46282
0.619612
0.807768
0.813456
1.28714
1.18393
0.751785
1.04122
0.968723
0.930889
1.25175
0.774262
0.908281
0.686846
1.6573
0.748402
0.554598
1.27572
1.29071
1.06498
0.650646
0.766288
0.49856
0.67712
0.859577
1.54559
1.26301
1.33174
1.24801
2.06814
1.45268
1.10384
0.570015
0.74976
1.3051
1.25838
0.871508
0.782349
1.54234
1.422
0.93218
0.720602
0.601829
0.92593
1.19778
0.625409
1.02312
1.08172
1.4788
0.970746
1.31952
1.2714
0.496209
1.1465
1.15127
1.6443
1.05134
1.411
1.59201
0.994748
0.679249
1.30619
0.910507
0.982649
0.947702
1.56993
0.594082
0.495073
1.6776
0.734153
1.08839
1.04361
1.49171
1.26919
0.68131
1.07038
1.22255
1.85009
0.838489
1.37904
1.71805
1.15076
1.02882
0.678628
1.2834
1.01807
1.26354
0.833211
0.794462
1.2763
0.902946
0.918886
1.06475
1.11566
0.985951
0.889088
1.00965
1.29381
0.885511
0.740231
0.933202
1.59298
0.759157
0.841627
1.57127
1.12421
1.493
0.712701
0.832745
0.994678
1.49655
0.677331
1.01128
1.38752
0.755054
1.45758
1.17142
0.965272
1.142
1.23151
0.460523
0.875385
0.813547
1.08099
1.5222
1.16316
0.519959
0.665815
1.53095
1.53893
0.694223
0.926186
1.37
1.41183
1.18918
1.40566
0.904707
1.36073
1.11672
0.687069
0.926653
1.04457
1.3733
0.97817
0.988997
1.46249
0.761505
1.01526
0.903005
1.60723
0.32774
0.745311
1.15075
0.624202
1.07459
0.526531
0.672662
1.32824
0.773686
1.12917
1.34411
1.31828
1.22434
1.2649
0.441746
0.925102
1.27807
1.37861
1.25564
0.937946
0.690726
1.30561
0.854064
1.12892
1.11148
1.85249
0.955152
0.942258
0.91821
0.874167
1.0754
0.811454
1.03112
0.727334
1.15145
0.565633
1.28319
1.03858
0.805627
1.11362
1.28395
1.1065
0.910651
1.46427
1.42322
0.93552
0.986098
0.684396
1.73279
1.47706
1.00245
1.07886
1.34333
1.19205
1.44252
1.20303
0.917237
1.28258
0.828518
0.667976
0.714923
1.63403
0.979188
0.897066
1.1741
1.19626
1.21145
1.189
0.854726
2.0675
0.894029
1.70975
0.54785
1.87294
0.796326
0.943976
0.948362
1.11832
1.00955
0.588657
0.72709
1.10344
1.4454
0.904466
0.774799
0.587141
0.690763
1.28577
1.53539
0.7734
0.995168
0.577044
0.689367
1.17362
0.814268
0.895285
1.03434
1.05106
1.20553
1.30395
0.561681
0.792144
0.970078
0.78585
1.23636
1.01713
1.47394
0.83436
0.510478
0.331513
1.51164
1.00776
0.740807
1.26903
0.678022
0.732425
1.05287
0.759297
0.947762
1.32542
1.2257
1.17219
1.54051
0.694927
1.48615
0.665082
0.754763
1.17301
0.905816
0.638767
1.48392
0.739582
1.36367
0.728803
1.38593
0.837558
0.555892
0.846642
0.690167
0.856982
1.10248
1.57567
0.807097
1.18088
0.477237
1.36186
0.987514
0.615493
0.985253
1.13309
1.35241
0.636411
0.583904
0.928444
1.1159
1.25987
1.67685
1.00158
1.09584
1.5096
0.890421
0.454997
0.610387
0.90135
1.139
0.622976
0.41232
1.05996
1.08906
0.949579
0.75597
1.71745
0.721729
1.20825
0.979179
1.20103
1.18727
0.861287
1.16439
0.710739
0.661112
0.800178
0.977684
0.931006
0.867144
0.929275
1.65485
1.15295
1.23305
1.13495
0.847968
0.639565
1.05437
1.32405
1.03205
0.815158
0.86038
0.789461
0.602432
1.12256
1.23168
1.56207
1.03444
0.638341
0.876039
0.512171
1.2432
1.67617
0.857787
1.15387
0.806792
1.22158
0.909324
1.04783
1.15337
0.928132
1.05112
1.46043
0.95613
0.932189
1.29865
0.791239
0.770015
0.654454
0.938518
1.28739
1.46471
1.05169
1.29697
1.15412
1.26797
0.810061
0.707344
0.849534
2.54091
1.00175
1.36658
0.773695
0.849731
0.686961
1.0317
0.982913
0.873301
1.18984
0.872665
1.00113
2.50995
0.856929
0.920031
0.923624
1.33292
0.956364
1.09179
0.850229
1.12123
1.14592
1.21958
1.02529
1.02518
1.2357
1.64236
1.24799
1.64059
0.976314
0.900057
1.02599
1.28414
1.1045
0.92578
0.620734
0.676655
1.11188
0.790699
1.0457
0.656056
0.683283
0.74347
0.530203
1.23675
0.921626
1.27175
0.897162
0.947206
0.978778
1.0171
1.52633
1.17856
1.42603
0.682905
1.06478
1.15914
0.931665
1.32205
0.97184
0.775462
0.912426
0.791156
0.376169
1.29384
1.7491
0.82175
1.2899
0.732969
1.01234
1.29365
1.83273
0.604399
1.04706
1.12076
0.771313
1.46098
0.806783
0.876022
1.32259
0.735073
0.663175
0.86741
1.86076
1.38898
1.09219
1.22246
0.841645
0.514276
1.12522
0.742622
0.546234
1.14383
1.32336
0.75777
1.34185
1.5783
1.18958
0.96176
0.761666
1.20967
1.19529
0.966527
1.16157
1.41557
1.04266
0.380074
0.943693
0.962627
1.04184
0.981882
1.0508
1.27701
1.5473
1.83256
0.845216
0.812266
0.950775
0.89148
0.589721
0.760844
0.541487
1.40965
0.739799
0.691059
0.461014
1.04461
0.77452
0.677067
2.004
1.46214
0.697966
1.23675
0.784367
0.693665
1.06701
0.552908
0.780177
0.768323
0.875878
1.22413
0.496853
0.951112
1.0409
0.843787
1.19356
1.48778
0.742352
1.12454
0.93702
0.874295
0.807388
0.67208
0.805856
0.998814
1.24831
0.444376
0.757873
1.24822
1.62987
0.805274
0.671138
1.63112
0.93759
0.422093
0.531784
0.908095
0.658841
1.05282
0.729546
0.882065
1.34501
0.762458
0.673901
1.04085
0.728212
0.595945
1.18139
0.537479
0.813584
0.749431
0.874641
0.743315
0.446117
0.988043
0.93582
1.11853
0.598698
1.09969
1.1052
1.00647
0.685066
0.862548
0.832396
0.58174
1.63208
1.25577
0.933072
1.16749
0.680546
0.860753
0.719042
0.821777
0.673145
1.30885
0.664225
1.43153
1.83792
1.11895
0.906898
1.03322
0.935852
1.10491
1.44404
0.655222
0.708807
1.23806
0.768147
0.943965
0.361262
0.778203
1.268
0.872074
1.49162
1.11636
1.07662
0.912038
0.98066
1.34073
1.07782
1.37226
0.903311
1.18436
1.05756
0.622523
0.724108
0.772026
0.799505
0.778872
0.913518
0.871684
0.931069
0.581031
0.662895
1.07926
1.01897
0.856515
1.48275
1.14084
0.940071
1.2936
0.721566
0.902344
0.349684
0.75916
0.746262
0.827303
1.12073
1.6713
0.809031
1.58036
1.01763
0.94362
0.921523
0.655466
0.8549
1.21751
1.21425
0.716489
1.35693
0.765489
0.906346
1.52304
0.89687
0.639978
0.764959
1.08795
1.61195
0.767517
0.789789
1.00669
1.06032
0.678668
0.950581
0.767272
1.62768
0.952427
0.524118
1.08658
1.23096
0.840154
1.36951
0.969252
0.916314
0.920878
0.898443
1.03053
0.949941
0.951689
1.03712
0.621428
1.1253
1.0014
1.38466
1.26653
0.785526
0.616573
0.873653
1.07706
1.06978
1.33802
1.00504
0.704813
0.337622
0.902848
1.22661
1.49886
1.162
0.904539
1.13892
1.33848
0.94783
1.49672
1.06616
1.45638
1.21122
0.941159
1.02171
0.88232
0.587088
0.848558
1.21539
0.696511
0.675099
0.85157
0.881912
1.01572
1.11074
1.50251
0.744749
1.06747
0.625679
0.897936
1.02498
1.56658
0.81124
0.632113
0.838826
0.627277
0.695086
1.6368
1.25166
1.19807
1.40218
0.767405
1.06476
1.21672
0.846032
0.586224
1.23825
1.24076
0.873062
0.734883
0.800242
1.61776
1.60567
1.10526
1.38976
0.854993
0.829003
0.940526
0.777766
0.872189
1.02191
1.21225
0.665903
1.28569
1.93441
0.437659
1.32677
0.501928
0.45918
1.26904
1.14666
0.565116
0.529346
0.577749
0.75389
1.75718
0.551557
1.09849
1.21329
1.38596
1.37736
0.953949
0.573126
0.977418
1.56037
0.956021
1.1018
0.390162
1.42035
1.53659
1.00222
0.656411
0.768979
1.06828
0.997738
1.1979
1.26361
0.758024
1.23873
1.46871
1.02626
1.13356
0.582387
0.700917
0.756023
0.914788
1.57062
0.627438
0.870228
1.12696
0.911833
0.586856
0.782518
0.850095
0.916477
0.575665
0.626582
1.67087
0.687054
0.944448
1.03241
0.985197
1.87716
1.07095
1.11394
0.808167
0.840913
1.02811
0.62684
1.20417
0.871456
0.610446
0.808442
1.24368
0.61455
0.751533
1.06831
0.760345
1.08566
0.769207
0.470747
0.718838
1.44538
0.751608
1.32302
1.00668
0.854608
1.50626
0.709316
0.79264
0.67896
0.677112
1.53465
1.0698
0.731379
1.35311
1.07673
0.774554
0.494355
0.974814
0.744449
0.839324
1.29754
1.24652
0.901398
1.02258
0.79706
0.93013
0.925444
1.02464
0.781608
1.07374
0.785777
0.783542
0.839389
1.18514
0.739947
1.31749
0.955976
0.898534
0.830729
1.48291
0.827307
0.979936
0.571539
1.03091
1.04312
1.01456
0.822519
1.13111
0.666072
1.53412
1.18566
1.2016
1.52095
0.721129
0.74961
1.02901
1.79676
0.892911
1.21501
1.03535
1.29274
1.07412
0.728568
1.07542
0.472179
0.567071
0.538862
1.17674
0.873259
1.04498
0.995167
1.08151
1.04376
0.732896
0.666258
0.762341
1.27242
0.927063
1.52278
1.15716
0.738488
0.888144
0.67114
0.82976
0.940567
0.697761
0.493644
0.850711
0.989114
1.00424
0.626382
1.00308
1.71014
0.620884
0.74814
1.36668
0.928793
0.938771
0.710597
1.33698
0.958332
0.669996
1.36067
1.09307
0.639473
1.2761
0.971487
0.653008
0.677494
1.82988
1.04024
0.973917
0.927252
0.751516
1.00695
0.96076
1.11228
0.837108
1.09121
0.922165
1.00108
1.53042
1.11592
1.15472
0.592415
0.810433
1.14365
1.44192
1.72546
0.995972
0.687076
0.808554
0.985381
1.4221
0.627881
1.32278
0.897668
2.19222
0.834999
0.595064
0.874639
0.834812
1.20146
1.18372
1.19206
1.21331
0.875285
0.658512
1.49928
1.06158
0.836718
0.997238
1.30785
0.656375
1.29
1.09443
0.745343
1.04696
1.07836
0.984439
0.780222
1.15239
0.834684
0.853714
0.468173
0.832634
0.793325
0.771007
0.757857
0.890809
1.19547
0.945404
1.13217
0.571001
1.04302
1.29331
0.992831
0.323913
1.10175
1.09276
1.15058
1.20886
1.4806
0.901887
1.76077
1.15089
0.759145
1.10411
0.838598
0.564843
0.525834
0.671412
0.839502
1.40793
1.27109
0.694173
1.36851
0.918844
1.01298
0.910202
0.546865
1.54275
0.500861
0.732515
1.23724
0.741339
0.853437
0.736336
1.213
0.584408
1.1031
0.550583
1.04672
0.523768
0.498116
0.721219
1.34419
1.23528
0.881892
1.00831
0.810279
0.63655
0.773869
0.674828
0.950066
0.870347
1.16144
1.00972
0.758976
0.733063
0.703034
0.787097
0.783225
0.877218
0.9992
1.43656
0.85851
1.71169
2.00903
0.736103
0.671039
0.60374
0.922096
1.47728
0.974267
1.29631
0.964125
0.85147
0.629696
0.986848
0.525834
0.916632
0.505882
1.37291
0.802129
1.13464
0.885917
1.22188
0.808632
0.975943
1.2523
0.900607
1.09446
0.9471
0.50897
0.793511
0.677525
0.649323
0.666928
0.883789
1.14863
0.619118
1.56739
1.3269
0.582624
0.480725
1.13905
1.15008
1.01193
1.23417
0.731466
1.2054
0.565014
0.70185
1.39896
1.67635
1.41119
0.538435
1.26083
1.709
1.1674
1.34975
0.560858
1.06797
1.30469
0.568476
1.52928
0.608337
1.13864
0.817676
0.741301
0.734508
0.854415
0.640249
1.3529
1.15501
1.14215
0.729022
0.865586
1.02169
0.956406
1.72049
1.30945
0.830475
0.631808
1.09076
0.985162
1.4121
0.861259
0.957345
0.61324
1.61677
1.14106
1.30146
0.678839
0.846831
1.08977
1.28217
0.918758
1.68947
1.36685
1.26316
1.15499
1.06424
1.3483
1.40603
0.669335
1.13316
1.58555
1.72835
0.807317
1.3146
0.856412
1.02952
0.860341
1.02817
2.06901
0.907461
0.980374
0.61136
1.41486
1.1574
0.695265
1.53848
1.17952
0.474569
0.60132
1.024
1.14106
1.21793
1.26392
0.686814
2.17819
0.650368
0.348714
0.912203
0.833456
0.971465
0.638251
1.10993
1.16558
1.03969
1.05847
0.728699
0.745762
1.02956
1.35414
1.23442
1.63336
0.789461
1.15134
0.622151
0.631847
1.46378
1.14529
1.42203
0.969806
0.674343
1.65481
1.31882
1.14164
1.08499
0.926435
1.27251
1.67343
0.740155
1.07752
1.22905
0.830228
0.818145
1.16368
0.789435
0.613236
1.14119
1.03368
0.926817
1.36303
0.90232
0.878236
1.77595
0.809702
1.29825
1.84818
1.43145
0.940078
1.20404
0.767353
1.608
1.43379
0.669526
0.787545
0.926869
0.996279
1.19853
0.918117
0.866549
0.933335
1.05563
1.11724
0.811305
0.94714
0.74342
0.574038
0.895704
0.694249
0.673146
0.942833
1.36039
0.61597
1.35591
1.07126
1.27322
1.02503
0.590914
0.893879
1.23637
1.0789
1.49954
1.63833
0.813931
1.14249
1.06556
0.816263
0.592784
0.793036
0.886327
0.950804
0.627434
1.47371
1.29032
1.00696
0.83197
0.49181
1.03168
0.806332
1.08834
0.9315
1.18554
1.4286
0.990852
1.17329
0.723405
1.41824
1.2489
0.686828
1.02696
1.01201
0.703057
1.43631
0.482698
1.3175
1.33739
1.17413
1.23535
0.996464
0.585529
1.19523
0.685437
0.654814
0.794834
1.10435
1.51738
0.541893
0.917407
1.05784
0.971957
1.04098
0.722845
0.812015
0.477311
1.48929
1.45788
0.978642
1.33122
1.27092
0.945227
1.10952
0.825028
1.02587
0.712108
0.569682
0.817856
0.896067
0.687921
0.754564
0.850601
1.29639
0.593742
1.58708
0.991126
1.16704
0.799224
0.703445
0.818129
0.904763
0.686232
1.69468
1.53397
0.596089
0.712166
0.676035
0.983824
1.28411
1.28017
2.02713
0.789106
0.655224
1.37644
1.61282
1.06767
1.22247
1.17856
0.852535
0.892518
0.585689
0.763506
0.68067
0.314638
1.35535
1.05403
1.06846
1.2161
1.11956
1.06824
0.931844
2.29711
1.15935
0.540029
1.35134
0.623552
1.16729
1.29124
0.825032
1.63794
1.06898
1.21579
1.18415
0.652277
0.655166
1.13032
0.857918
0.413502
0.932443
1.52343
1.11769
0.585828
0.668059
1.20561
0.986361
1.26066
1.39692
0.675655
0.842623
0.908549
0.66911
1.13564
1.22446
0.693181
1.13765
1.22837
1.09745
0.885852
0.898669
0.954339
0.920556
1.34976
1.28123
1.59654
0.950523
0.790937
0.780239
1.20905
1.54605
0.934002
0.662146
0.54826
0.823355
0.839413
0.809581
0.464972
0.664947
1.03299
1.0606
0.670565
0.474842
1.15192
1.04697
1.12546
1.05428
1.98464
0.671194
1.14249
0.544381
0.46486
0.894254
0.76045
1.18997
0.706837
0.614158
0.885879
1.34028
0.738012
0.788416
1.01281
1.23547
0.996176
1.00387
0.726052
0.851902
0.852284
0.916107
1.72533
0.852482
0.683317
0.434123
0.741681
1.10872
1.13197
0.972614
0.82173
0.932559
0.750419
1.30108
0.604646
0.712061
0.861386
0.713745
0.91942
0.859825
0.665603
1.00461
0.878395
1.45879
1.17461
1.08363
1.38041
0.889812
1.53096
0.873621
0.861113
1.43651
1.5013
1.14318
0.654084
1.27027
0.6267
0.912254
1.38305
0.768319
0.587546
1.07277
1.15832
0.819756
0.847963
1.47065
0.883425
0.954393
0.810541
0.917045
1.10879
0.908388
1.47474
0.659581
1.53836
1.06232
1.17561
0.832427
0.718434
0.869027
1.10374
1.24331
0.841565
0.802152
0.805571
0.947934
0.599932
1.21266
0.94712
1.0398
1.01157
0.641992
1.11282
0.704519
0.940309
1.05999
0.894197
1.11234
0.812422
1.40023
1.04062
0.574975
1.25791
0.851999
1.10403
0.792628
1.27746
0.684258
0.765397
0.810711
1.28475
0.923101
0.973119
0.968622
1.66535
0.812046
0.643286
0.973662
0.382234
0.831492
0.40122
0.862691
0.819899
0.847099
1.86335
1.15769
1.19304
1.02674
0.730167
0.76065
1.18821
1.31035
0.844934
1.06779
0.917357
0.940628
1.30656
1.52977
1.20061
1.21119
1.23116
0.676458
0.550511
1.01822
0.927196
1.16089
1.00609
1.39621
1.15708
0.863924
1.06685
0.97042
0.724248
0.768452
0.845519
0.699838
0.780105
1.98897
0.738525
1.36997
0.673627
1.28968
1.03529
0.915009
1.1325
1.13658
0.663688
0.997709
1.31356
0.751523
0.657947
0.852216
0.821756
0.683522
0.825962
1.06941
0.708948
1.09297
1.10696
1.44735
0.554512
1.4402
0.93471
0.861994
0.897835
0.625054
0.698277
0.902003
1.0996
1.16329
0.757848
1.23492
0.765471
0.830622
0.823223
1.78405
0.817361
0.849217
1.06618
0.619247
0.790726
1.48076
1.12631
1.27488
1.34799
1.08159
0.761667
0.935185
0.950222
0.979633
1.28239
0.708247
0.748989
0.8887
1.47734
0.546689
1.06118
1.29495
0.909747
0.644867
1.04257
0.78355
1.44029
0.767599
0.952577
1.17883
1.04101
0.817332
1.34287
0.781188
0.886198
1.18233
0.826528
0.971574
1.00627
1.1054
0.946966
0.606294
0.478102
1.27683
0.545451
0.98374
1.19548
1.15974
0.75609
1.08187
0.861029
1.33788
1.12537
0.671244
0.8962
0.71516
1.65424
0.994367
1.05151
1.63395
0.868294
0.931887
1.96345
1.18815
0.789503
0.950496
0.555782
0.793673
1.11805
1.08913
0.680498
1.25809
0.891972
1.19889
0.960748
0.855773
0.940892
0.569627
1.21002
0.889573
1.24745
1.01467
0.531334
0.839544
1.18133
1.19899
1.03927
1.9322
0.975532
0.676511
0.807617
1.15854
1.01531
0.932361
0.97631
0.559616
0.883479
0.644822
0.664745
1.21195
0.76711
1.12806
1.00031
0.895769
0.967049
1.82821
0.743679
1.85025
0.829077
1.02958
1.12091
1.01009
0.844905
0.578751
2.11386
0.710024
1.67001
1.41003
1.16182
0.617431
1.08353
0.912544
1.21617
1.20416
0.603664
0.922488
1.19517
1.1838
1.60736
0.886062
0.972028
0.529032
1.05313
0.983492
0.96913
1.26478
0.969625
0.567318
0.722779
1.91067
0.728082
0.730746
0.9552
1.0042
0.795606
0.904994
1.18922
0.951864
0.660662
1.07259
0.97147
0.798472
1.69179
0.859083
0.793423
0.773188
1.24131
1.4452
0.894944
1.83456
1.34901
0.778638
0.817623
1.1018
1.34859
0.737137
0.793821
1.04761
0.882481
1.19617
1.01733
1.17414
0.768774
1.03724
1.14772
1.08285
1.00469
0.880155
0.721425
1.2723
0.688333
1.55793
1.57447
0.665639
1.18139
1.04533
0.668612
1.22156
1.09317
1.28111
1.32182
0.916663
1.31044
1.10666
1.1866
0.557493
1.43609
1.08422
0.845499
0.940272
0.681016
0.845955
0.62514
0.641291
1.86827
0.749246
0.586293
0.867733
0.646356
0.431596
0.80099
1.3616
0.561469
1.14939
0.947754
0.999548
0.709628
0.992852
0.900734
0.75553
0.956154
0.568133
0.679998
1.81311
0.639345
0.955155
0.874301
1.25628
0.795777
1.04306
0.523794
1.4982
0.737767
1.00388
0.780033
1.21366
1.21461
1.02609
0.793644
0.604129
1.37116
1.2786
0.779422
1.1719
1.41115
0.791137
1.02773
0.902146
0.664476
1.01658
0.996511
1.89731
0.855707
1.08299
1.3934
0.741022
0.616182
0.732159
0.918029
0.886652
0.630531
1.12077
0.906165
1.32992
1.076
1.14178
1.16574
1.73357
0.773662
1.1054
0.920107
0.971854
0.916397
1.14078
0.997365
1.02301
1.1278
0.760902
1.02078
0.942645
1.31158
0.619609
0.602175
0.730805
0.772578
0.849725
0.923559
0.497802
1.3934
0.526337
0.617016
1.27131
1.00787
0.941325
0.652711
0.757766
1.2572
1.11116
0.759137
1.32715
1.18705
0.804787
0.950053
1.20569
0.818578
0.505632
0.697076
0.799043
0.684153
0.631055
0.570125
0.521843
1.51361
0.96011
1.42477
1.02552
0.919503
0.945473
0.726103
0.596164
0.93985
0.679214
1.52349
0.786383
0.939842
0.808051
1.04129
0.950648
0.583434
0.415067
0.694899
0.867744
1.39301
0.749607
1.3396
0.423024
0.868006
1.41062
0.701619
1.18084
1.10126
0.51629
1.45697
0.923602
1.53468
0.579843
0.795461
0.961588
1.39292
0.992949
1.24652
0.744965
1.48557
1.06349
1.23993
0.733995
1.12067
1.05081
1.646
1.49335
0.711944
1.07741
1.12086
0.849411
1.02505
0.644912
0.64806
1.28624
0.759563
1.38967
0.901018
1.23404
0.427315
1.08878
1.77931
1.12732
1.01055
1.06695
0.724171
1.02994
1.15317
1.09453
1.08042
1.01912
0.731243
1.33037
0.551637
1.33492
0.787673
1.9028
1.20518
0.990448
0.711196
1.75748
0.809646
0.839958
0.528583
0.9061
1.05736
0.983089
0.791789
1.15359
0.773246
0.904192
1.32174
0.801021
0.918612
1.79851
1.67291
0.604714
0.792322
0.824937
0.906826
0.845954
0.630197
0.889198
0.658928
1.51307
0.878223
1.18302
0.761605
0.819608
0.613118
1.27825
1.44505
0.917403
0.901069
0.939892
1.39812
1.24148
1.60243
1.4143
0.786878
0.812467
0.535587
0.985551
1.43449
1.21564
1.23465
0.986626
1.49276
1.18797
0.951
0.813621
1.29256
0.914274
1.1713
1.20132
0.905909
1.25688
0.695281
0.623274
0.515768
0.428981
0.840786
0.604782
1.10496
0.85984
1.16278
1.37858
1.37211
1.53933
0.90092
0.796641
1.54781
0.417528
1.37375
0.745767
0.533108
1.31993
0.568438
0.651396
1.29833
1.34395
1.55844
1.12543
1.08211
0.905688
1.9034
0.895841
0.674729
0.84238
0.960392
1.30681
0.905791
0.695115
0.765834
1.18137
1.05965
1.04423
2.02532
1.56356
1.24501
1.65672
1.44482
0.659339
1.31974
0.81236
1.04289
0.911688
1.09497
0.686475
1.13517
1.53345
0.853605
0.687934
0.664619
0.896945
0.776895
0.638023
0.636141
0.874534
0.688559
0.802624
0.897659
0.552873
1.02294
0.546098
0.965077
0.799583
1.14921
0.997571
1.552
1.24284
0.92563
0.651743
0.944363
1.16316
0.992277
1.57689
0.985569
0.891076
0.96121
1.1978
0.868193
0.837809
1.15
0.478079
1.20076
1.19258
0.66205
0.780208
0.697229
0.838755
0.469921
1.28558
1.32984
1.78382
1.22254
0.877206
1.13229
0.861211
1.54536
0.724692
0.639219
0.694809
1.42411
1.13081
1.22485
0.997324
1.61002
1.44419
0.569514
0.554947
0.682495
1.26244
0.716112
0.9174
0.595251
1.44202
0.790227
0.959526
0.709838
0.740358
0.743839
1.83266
0.996486
0.84937
1.07911
0.523543
0.637647
1.06565
1.54496
0.935456
1.30697
1.16389
1.3809
0.582457
0.989813
1.5551
0.961233
1.20872
0.901326
0.630925
0.762527
1.47884
1.14504
0.719458
1.10757
1.3835
0.826594
1.84065
1.00034
0.909419
1.18092
0.539075
0.797749
0.593235
1.12633
1.1246
1.70536
1.05973
1.06443
0.38897
0.70507
1.4922
1.21844
1.00407
0.923681
1.09866
1.40818
0.909608
0.990147
1.52489
1.27522
0.852899
1.35561
1.2254
0.962143
0.671506
0.6755
1.15487
0.786307
1.65337
1.04988
0.786582
0.577336
0.902837
1.23607
1.14364
0.861909
1.1304
1.4149
1.15931
0.838867
0.553343
1.00197
0.950662
0.878527
1.03553
0.701921
1.16907
1.43174
1.05927
1.06918
0.786425
1.00519
1.18354
1.34179
1.22162
0.712768
1.49404
1.91732
0.964202
0.785815
0.787684
0.698721
0.670478
0.679204
0.662519
1.71716
1.14955
0.923714
0.662327
1.06504
1.25937
0.965181
0.50654
0.892635
0.553175
0.517573
0.675723
0.667966
0.962864
0.911988
0.78329
0.621651
0.587698
0.951868
1.08747
0.901528
0.928699
1.22181
0.66213
1.00648
1.00285
0.952233
1.12135
1.81326
0.728654
1.12324
1.144
0.523727
0.71806
1.45134
1.09167
1.11652
0.477018
1.11287
2.13274
1.15369
0.726972
0.92081
1.51063
1.40075
0.714396
1.15175
1.20012
0.905564
1.15253
0.835098
1.04946
1.77687
1.66215
0.600525
0.835567
1.0175
1.71793
0.595032
0.916762
0.861251
1.17118
1.02609
1.05278
0.591112
1.64659
1.05377
0.728577
1.083
0.722648
0.782322
0.686163
0.673826
0.89554
1.42266
0.923539
0.889272
1.29089
0.979966
0.946545
0.719237
1.13325
1.42476
1.106
0.897602
0.70794
0.94352
1.397
1.03818
0.888877
0.64958
1.83881
0.960623
0.931234
0.653154
1.19243
1.22063
0.503066
1.23555
0.747996
1.08031
1.65123
0.689476
0.795619
1.20665
1.011
0.819903
0.808078
0.622839
1.43544
0.947018
0.486189
0.679918
1.23566
0.696322
0.709151
0.698627
0.934773
0.665389
1.16514
0.65945
0.940261
1.11567
1.28347
0.635627
0.947541
0.882134
0.680429
0.540181
0.791595
1.21594
0.794606
1.29932
1.78017
0.39573
1.12614
0.913496
0.870056
0.971588
1.02599
0.737183
1.07623
0.730483
0.822368
1.24854
0.719962
1.17037
0.932522
0.792316
1.06427
1.01346
1.08165
0.962155
0.72
0.93189
0.338345
1.18473
0.823336
0.959793
0.56235
1.5198
0.838352
0.813278
0.658915
0.66925
1.095
0.956575
1.55664
0.827807
1.13359
0.843236
0.92119
1.10595
0.91608
0.947514
0.775299
0.805925
1.56603
1.38
1.18968
1.21846
1.173
1.52651
1.49901
0.909193
1.17738
1.0245
0.733736
1.65355
0.580834
1.35091
0.739326
1.29544
0.857555
1.05736
0.811745
1.0793
1.67333
0.754749
1.11553
0.712126
1.48203
1.0934
1.1444
1.45974
0.700686
1.4075
0.901153
0.724905
0.62558
0.719561
0.898861
1.34598
1.28123
1.24114
1.36633
1.45614
0.751407
1.22787
0.826167
0.823432
0.889217
0.521399
1.61377
1.22851
1.36329
1.19568
0.616038
0.993508
0.978022
1.61873
1.33053
1.03649
1.22413
1.31383
1.09743
0.975351
1.01534
0.593403
0.655736
0.980541
1.39049
0.691012
1.21665
1.14141
0.57822
1.13963
0.965922
1.43601
1.61946
0.754318
0.617592
0.510861
0.876312
1.71397
0.839115
0.933189
1.1075
0.808706
1.01752
0.856933
0.980332
0.365278
1.17455
0.524072
0.612564
1.61919
0.939986
1.06598
0.972805
0.63958
0.703943
0.955024
0.699545
1.23062
0.828568
1.37031
1.03384
0.797517
1.3066
0.679974
0.822393
1.6321
1.70071
0.770802
0.927524
1.23545
0.907354
1.41164
0.860471
0.641514
0.612281
1.0357
1.13541
1.35046
0.521303
1.1845
0.933157
0.808284
0.778907
1.30173
1.26503
1.21435
0.956588
0.898886
0.982263
0.9516
1.02826
1.63376
0.630173
1.00557
1.15157
0.990588
0.635893
1.65406
0.761314
0.886028
0.663519
1.25265
0.843072
0.493763
1.14111
0.640619
1.47254
0.652571
1.49655
0.779902
1.90153
0.757303
0.63114
0.871845
0.980922
1.27992
0.710005
0.31932
1.47928
0.655013
1.10778
0.828654
1.15508
1.1325
0.691155
1.1458
0.728393
0.31142
0.889948
1.02992
0.929995
1.69838
0.865384
0.855501
1.33386
1.64172
0.886896
0.87899
0.399385
0.678603
1.75375
0.554321
0.901768
0.913896
0.928754
0.980511
0.871293
1.40018
0.467959
0.911618
0.926055
0.544835
1.28067
0.976592
0.86825
0.791367
1.00709
1.29521
0.704112
0.944548
1.5795
0.653703
0.746556
0.989256
0.97786
1.34617
1.50829
1.68291
0.760963
0.78706
1.13592
1.17586
0.684312
0.834583
0.918968
0.668763
0.800888
1.46529
0.900887
1.14999
0.93716
1.10762
0.520721
0.552115
0.720014
0.844607
1.04914
0.863098
0.833985
1.55401
0.540085
1.10266
1.22226
1.61585
1.34925
1.24179
0.993784
0.932588
1.35103
0.998929
1.11833
1.31082
0.587694
1.19599
1.49347
0.853206
0.964449
1.06333
1.79386
0.749722
1.00451
0.491933
0.926491
1.06618
1.41869
0.919586
0.913197
1.40868
0.697403
0.948159
1.17859
0.9243
0.904029
0.856493
0.914439
0.925701
0.790944
1.2473
0.919749
1.30269
0.656919
0.637924
0.633691
0.962226
0.948704
0.686909
0.698909
1.03711
1.02362
0.437231
1.8354
0.793277
1.56085
0.671752
1.6248
0.468354
0.709435
0.797275
1.41016
1.11445
0.821163
1.1363
0.962033
0.515979
0.958253
0.820722
1.52322
1.56281
1.05186
0.68803
0.952305
0.921383
0.841814
1.17817
0.735432
1.2798
0.936568
2.09231
1.26498
0.894735
0.639438
1.52086
0.499323
1.65706
0.776051
1.45598
1.21741
0.745757
0.509541
1.03128
1.21776
0.864153
1.31334
1.50448
0.816318
1.06051
0.774719
0.70088
1.00891
1.12664
0.648161
0.999394
0.586303
0.729889
0.879027
1.16597
1.0216
1.1289
0.768536
1.04605
1.61528
1.94301
1.30471
1.26505
0.820891
1.78914
1.35064
0.630443
1.05783
0.853865
1.56922
0.813788
0.730428
1.4128
0.873307
1.40915
0.699251
1.0313
0.696189
1.1222
1.12193
1.03009
0.96978
1.33461
1.06879
0.953516
0.692389
0.746808
0.959994
1.46597
0.908864
0.91937
0.417228
1.28164
0.647833
0.987108
0.99031
0.492787
0.803996
1.38234
1.25924
1.82228
1.25377
1.61121
1.27188
0.933173
0.747738
0.895118
0.882236
0.791513
0.780302
1.13079
1.14279
1.00864
0.967027
1.10462
1.39414
0.828174
1.07092
1.11207
1.36044
1.13732
0.753742
0.454841
0.446053
1.04903
0.861954
0.844441
1.60306
1.08397
0.854177
0.873215
0.590395
0.644433
0.759345
0.906077
0.821257
1.15492
0.809553
1.8981
0.500074
1.11584
1.14159
0.77966
0.944975
1.18808
0.692333
0.99687
0.832127
1.22411
1.36725
0.760073
1.05982
0.814656
1.09557
0.80873
1.19169
1.21387
1.3635
0.734783
1.33429
1.17533
0.895863
1.41383
1.227
0.637994
0.521327
1.12018
0.809069
1.44675
0.596258
1.40032
0.733358
0.752057
1.07425
1.25665
1.53981
0.901815
0.816542
2.00543
0.952651
1.02291
0.975591
0.81887
0.951648
0.623583
0.984241
1.01664
0.876023
0.86797
0.737018
1.663
1.10584
0.673647
1.08677
0.655203
1.71059
1.1116
0.545882
0.983035
1.36026
0.816545
0.6833
0.475397
0.68535
0.526786
0.849722
1.05148
1.37989
0.450191
1.1879
0.830925
0.739552
0.595594
1.14628
0.716357
0.917443
0.752639
1.05668
1.48018
1.05361
1.14546
0.881815
1.01951
1.19591
1.11998
1.46011
1.04437
0.972513
1.09887
0.71588
1.10209
1.18127
1.06618
1.06215
1.23543
1.06884
1.31063
0.890415
0.855795
0.569121
1.39524
1.27389
0.66336
1.17082
0.987669
0.66403
1.08216
0.910318
0.801487
0.693307
0.898657
0.571371
1.19421
0.794319
0.523634
1.06755
1.2627
1.1302
1.17363
0.959939
0.756469
0.801102
0.685656
0.646356
0.68827
1.13588
1.20919
1.12975
0.720056
0.673145
1.60269
0.876569
0.744838
1.04637
1.37111
0.858889
1.05626
1.37005
0.596757
0.861793
1.10385
0.599888
0.747556
0.787243
1.36292
0.69841
0.735737
0.952618
1.4623
1.69046
1.62772
0.861891
1.25885
0.686768
0.571269
1.17574
1.11891
0.679898
0.937424
1.22725
1.05392
0.906336
1.05675
0.958606
1.14803
0.692787
0.622595
1.1372
1.25497
0.616604
1.05268
1.23713
0.758749
1.05571
0.975004
1.1341
0.828028
1.5096
1.05328
0.916832
1.26226
0.857738
0.57399
0.595285
0.615739
0.901265
0.919045
0.743997
1.17434
1.10269
0.708686
1.3476
1.1826
1.21351
0.782893
0.73419
1.04205
1.15332
0.902016
1.18899
1.03231
1.01847
1.02145
1.02229
0.950934
0.605326
0.907895
0.884844
0.748114
0.923548
0.562751
0.535517
0.396115
0.807596
0.842246
0.708832
1.09071
1.2876
1.16895
1.07927
1.1958
1.48083
0.450894
1.31353
0.697841
1.1527
1.11416
0.548758
0.947104
1.02555
0.852726
1.10435
1.1092
0.756457
0.653861
0.553141
1.21557
0.918196
0.656404
0.641715
0.600275
0.469364
0.538061
1.68421
0.756046
1.25971
1.46098
0.709727
0.850618
0.86794
1.02895
0.921745
1.31146
0.868484
1.61923
1.0744
0.809947
0.895231
0.56533
0.59344
0.957851
1.24654
0.510874
0.786715
1.31705
1.30813
1.18243
1.00475
1.74655
1.09666
0.958712
0.577076
0.969343
1.30383
0.622247
1.07217
1.42364
1.12558
0.938304
0.802776
1.19837
0.894925
0.824574
1.1309
0.913394
1.38197
1.54229
1.00427
0.620016
0.934794
0.703939
0.824073
1.13511
0.773879
1.16108
1.2429
1.33584
0.567065
0.939776
1.07669
1.11487
1.44133
1.04456
0.575145
0.752583
1.00251
1.46436
1.48389
1.12164
0.841642
1.01526
0.799999
0.585169
1.1251
0.565216
0.740315
1.32061
0.876607
0.964763
0.832635
0.677482
0.691489
1.43893
1.27715
0.859413
1.63024
0.98709
1.6091
1.54155
0.473444
0.652538
1.02181
1.38244
0.596144
0.543217
0.390168
0.558403
1.73913
0.935467
0.771215
1.67696
1.11557
0.610649
1.0054
0.989911
0.640687
0.770557
0.945643
0.691309
0.35404
0.990716
0.914811
0.866031
0.724337
1.33024
0.575071
1.15096
1.13748
1.20595
0.870766
0.552533
0.86985
0.540335
0.956322
0.825998
0.946908
1.58159
1.04149
0.964364
0.839782
1.03822
1.54292
0.939799
0.963933
1.08129
0.913047
0.547528
0.492065
0.563571
1.46747
1.12601
0.823115
1.49186
0.955912
0.644781
1.17454
1.00633
0.850796
1.26949
0.786042
0.979851
0.738096
1.17552
1.20171
0.755997
1.2223
1.79946
0.724572
1.01558
0.825801
0.896382
1.23003
0.756063
1.03915
1.47468
1.50759
0.914547
0.402526
1.00396
1.10018
0.564377
0.986101
0.790111
0.806794
1.53033
1.11241
1.10204
0.714728
0.645571
0.847623
1.0297
1.10211
1.13151
0.885798
1.35289
1.05047
1.12652
0.977772
0.974859
0.615149
0.535676
0.792618
0.848542
0.738289
0.613983
1.71604
0.816443
0.855278
1.10311
0.995776
1.27803
1.20034
0.855757
0.741738
1.35797
1.6641
1.20151
0.464797
1.04988
2.23575
1.20443
0.798919
0.631367
0.619863
0.488896
0.804634
0.909901
0.580875
1.24763
1.10027
1.40862
0.977308
0.796348
0.619563
1.15356
0.836037
0.401654
1.08946
0.870524
1.15796
1.1753
0.848849
0.948077
0.916232
1.53798
0.921634
0.704396
1.53325
0.990189
0.890681
1.40454
1.60566
1.09026
1.09973
0.592092
1.51003
0.686934
0.594204
1.38655
1.0398
0.805011
0.480807
1.01194
1.16136
0.722337
1.21555
0.930114
0.802025
0.917134
0.914155
1.08341
0.751694
0.574495
0.828173
0.948818
1.07406
1.09857
1.19847
1.22055
0.705725
1.097
1.50306
1.04644
0.671596
0.900168
1.1845
1.59499
0.667432
0.830946
0.892183
0.868578
0.561275
0.74396
1.7267
1.16781
0.644563
0.904198
1.36587
1.06929
1.40665
0.909205
0.632763
0.831951
0.751693
0.705196
0.833219
1.00022
1.06951
1.26325
0.672988
1.14743
0.670733
0.218828
1.08504
1.03244
0.695045
0.624797
1.29268
0.777619
0.912031
0.551887
0.843856
0.355808
0.633656
0.917408
1.42312
1.13932
0.976082
1.30848
2.03404
1.28473
0.760225
0.967002
1.10664
0.86691
0.708844
0.945559
0.932664
1.09167
1.03326
0.848702
0.947944
1.64313
1.10687
0.968804
1.21585
0.935476
0.371312
1.37124
1.67959
0.695337
0.743129
1.2768
1.06961
1.07212
0.595566
1.12648
0.594715
0.851797
0.858109
0.458837
0.877441
1.19348
0.862742
0.628792
0.644074
0.8102
1.22069
0.89819
0.946557
0.741621
0.445395
1.09371
0.630864
1.0478
0.477545
0.776339
1.20721
0.960215
0.912985
0.943293
1.1202
0.498996
1.4164
0.893625
1.33695
0.853783
0.998456
0.415169
1.57593
1.31179
1.25897
1.69321
0.455873
1.08319
0.428721
0.772231
0.975369
1.22728
0.608912
1.2265
0.990645
0.87141
0.681243
1.46736
0.970764
0.909816
1.0337
1.01028
1.54903
1.0016
1.09052
1.43194
0.835033
0.772147
1.08845
1.05161
0.905578
1.01087
1.12726
1.01413
1.25459
0.839718
0.74749
0.668486
0.766347
0.625676
0.959559
0.895789
0.593637
1.08795
0.786725
0.870777
0.825508
1.15391
1.18123
1.2022
0.770137
0.918606
1.51003
1.43865
0.949886
1.08579
0.585617
1.25204
1.42248
1.04665
0.946283
0.985605
1.07573
1.18777
1.75491
1.02917
0.733658
0.736139
0.957032
1.25607
1.12478
1.22624
0.78862
0.80432
1.26638
1.16831
1.45344
1.59148
1.12204
0.654272
0.941667
0.938327
0.573436
0.790459
1.0902
1.39753
0.670892
1.17051
0.903801
1.95162
0.8067
1.03742
1.20105
0.842449
0.757927
1.10899
1.80564
1.63737
0.711595
1.16252
0.485436
0.503234
0.896321
0.53108
1.2888
1.63248
1.20164
0.840545
0.716507
1.45928
0.718468
0.563832
0.9383
1.10119
0.725836
0.922469
0.609977
1.57728
1.35115
0.729821
1.19036
1.28941
1.08712
0.713293
0.502558
0.824627
1.02658
0.929882
0.812624
0.458486
0.890992
1.15462
1.12679
1.0218
1.09728
0.723612
1.00372
1.08379
1.48194
0.692802
0.591109
0.770642
0.43173
1.237
0.55233
0.766571
0.400651
0.816661
0.814683
1.14635
0.629392
0.81798
0.752131
0.45706
0.898094
1.41992
0.680833
0.880714
1.28459
0.851587
0.63671
0.773665
0.811007
1.62587
0.560496
0.780295
0.892778
1.65813
0.980403
1.18122
0.538961
1.04588
0.57652
1.72493
0.322846
0.787548
1.01391
0.928048
1.52413
0.924597
1.07147
2.06455
0.623203
0.698994
1.36997
1.45271
1.38281
0.735474
0.95317
1.27899
0.78371
0.982335
0.854791
0.894235
0.840491
0.817484
0.48707
1.23986
1.41815
1.25144
0.699916
0.881873
1.45471
1.28867
0.794069
1.24561
0.929994
0.759331
0.717911
0.761422
1.26901
0.761766
1.99901
1.20199
1.08739
0.912384
0.975913
1.67595
0.961479
1.16735
0.607542
0.347261
1.13899
1.81736
1.63831
1.0202
0.963428
0.746197
1.02638
0.761118
1.03424
1.94015
0.68293
1.22005
1.09406
0.904589
0.589738
0.587705
0.933892
1.01773
1.29946
0.824604
0.515541
1.08345
1.07182
0.963525
0.642203
1.35381
1.09066
0.563719
0.691081
0.709182
0.595116
1.43353
1.4696
1.87915
0.489054
0.769346
0.536848
1.10569
0.869317
1.06284
0.927053
1.21245
1.573
1.96869
1.03441
0.936008
1.63028
0.461876
1.26039
0.700911
1.64301
0.853024
0.769159
1.34137
0.687817
1.15157
0.752994
1.03558
1.0151
0.907107
0.848861
0.733398
1.44725
0.439377
0.720846
0.957439
0.945049
0.87898
0.806992
1.01372
0.748975
0.811413
1.0772
2.32679
1.54541
0.768667
1.09028
0.734493
1.20322
1.05005
0.594252
0.670352
0.813868
1.26847
1.3288
1.14468
1.07876
0.665338
1.18925
1.6016
0.832611
0.784103
0.986757
1.77653
0.958373
1.0666
0.87006
1.24475
0.694368
0.895478
0.871335
0.69724
0.887362
0.84116
1.23055
0.913434
0.517445
0.691104
0.98695
1.08642
1.29824
1.53651
1.31453
1.23736
1.02456
0.718766
0.612589
0.610463
0.60373
0.511545
1.09361
0.801083
1.11957
0.90724
1.09628
1.20388
0.655553
1.0796
0.449053
0.829822
1.34675
0.94113
1.19845
1.36247
0.928629
1.5197
1.19381
0.565633
1.05065
1.29284
0.998841
1.4144
1.20654
1.07719
0.867534
1.31559
1.04583
1.71837
0.754087
0.633537
0.735105
1.21158
1.02398
0.841567
1.09533
1.28794
0.875153
0.48755
1.27448
1.00764
0.488375
1.39437
0.942599
1.44202
1.00731
1.54996
0.93414
1.25831
0.920538
0.754324
0.935344
0.635427
0.672329
0.762308
1.2353
1.06295
1.31776
1.04454
1.19809
0.952906
1.43981
1.43266
1.30148
1.23501
0.988484
0.829001
0.993892
0.926966
0.892104
0.610345
0.734859
1.35505
1.2333
0.648231
0.699385
1.09961
0.767834
1.24941
1.63597
0.839157
1.02932
0.765061
0.828269
1.37105
1.15566
0.944333
0.926582
1.59176
0.665852
0.811031
1.07619
1.23294
0.927375
0.705741
0.882328
0.68698
1.10843
1.25767
0.818037
0.643465
0.504932
0.93481
0.688702
0.899425
0.9294
1.25882
1.59561
1.29004
0.68268
1.17961
0.418101
0.841967
1.20075
1.18553
0.859435
1.34234
0.803014
0.700641
0.777471
0.873137
1.00661
0.389569
1.01087
0.846099
1.80596
0.956758
0.959623
1.51336
0.761137
0.775342
1.13224
1.27939
0.954298
1.17557
1.02988
0.976327
0.511683
0.856281
1.02662
0.899076
1.6632
0.719538
1.0206
0.534587
0.980948
0.606092
0.835266
0.736497
1.28479
1.25678
1.23442
1.71927
1.00822
0.770423
0.700673
1.24905
1.63205
1.78096
1.03636
1.20595
1.15834
0.915987
1.05188
1.16607
0.740797
0.990597
0.70989
0.895387
1.16928
0.911335
1.14769
1.00576
0.653499
0.943189
0.368314
1.23787
0.799173
1.34639
0.51283
0.506535
1.37988
1.41509
0.536293
1.29626
1.14735
0.956764
1.02253
0.903086
1.2121
0.667537
1.18371
0.976467
1.11256
0.767232
1.43917
0.843852
0.609785
0.809303
1.08625
0.644681
1.08215
1.41654
0.485796
1.03324
1.50016
1.24468
0.856219
0.763003
1.42989
0.860461
0.687513
0.707942
1.285
0.900921
1.02999
0.853257
0.849924
0.909233
0.818519
1.33394
0.872469
0.985071
1.56824
1.12829
1.27436
0.797568
0.694782
1.39976
1.57289
0.86676
1.23444
0.671359
0.832672
0.712681
0.916331
1.36694
1.40114
0.969306
0.958157
0.821903
0.680394
0.68523
1.45363
1.09515
1.09942
0.925184
0.860245
0.808672
1.63998
0.629799
1.34294
1.2287
0.724756
1.10946
1.03306
0.601294
1.20326
1.18749
0.640488
0.606498
0.560538
1.0204
0.652905
1.20971
1.01062
1.80072
0.412785
0.886114
1.1832
0.668275
0.550886
0.756696
1.36903
1.11564
1.21266
1.0725
1.22599
0.990258
0.801853
1.58049
1.31642
1.21258
1.42695
1.31042
1.37755
1.30211
1.05665
0.960666
0.694308
1.14294
0.873803
1.28085
0.794418
0.83987
0.448857
0.693304
1.78745
0.661948
0.780012
1.11047
0.950898
0.93396
0.873125
1.39013
1.23288
1.24608
0.781458
0.888721
1.17121
1.32293
1.33237
1.24053
1.15294
0.901491
0.889517
0.496056
1.71987
0.679977
0.746289
0.661271
1.07351
0.653165
1.09662
0.969649
0.985341
1.08159
0.936609
0.380036
0.791055
0.72681
1.17934
0.684902
1.48371
0.626997
