1.04391
0.98044
1.05498
1.11367
1.01121
1.01854
0.909535
0.970384
0.870748
1.0685
0.977054
0.92137
1.01585
0.971149
1.09398
0.833627
1.0098
0.95179
1.1823
0.895084
1.02357
0.742754
0.99271
1.2009
0.885241
1.04731
0.841871
0.937568
1.03406
1.02135
0.957569
1.01247
1.03392
0.920166
1.08066
1.0396
1.01266
1.05978
1.04324
1.09889
1.06763
0.943904
0.925623
1.15354
0.976975
1.11618
1.22682
1.06536
0.923039
0.961298
0.905402
1.04233
1.04223
1.22373
0.899431
1.04854
0.925515
0.978753
0.974737
1.27719
1.01499
0.94139
1.00918
1.14074
0.997074
1.04079
0.83929
0.92682
0.997837
1.03589
0.906782
0.963705
1.10524
1.00304
0.912106
0.810029
0.907649
1.11917
0.944999
1.0548
0.956746
0.968026
1.11056
1.10004
0.838795
1.06732
1.00056
1.03982
1.1366
0.863177
1.01206
0.809413
1.01708
1.01419
0.894722
0.975562
0.941203
0.972198
1.05564
0.780127
0.999169
1.08738
1.01624
1.15985
0.953591
1.0603
0.96557
0.952075
0.836225
1.20791
1.20986
0.983063
1.06741
0.8818
0.960841
0.965458
0.982107
0.913814
1.04522
0.900982
0.984399
0.955971
1.32362
1.05397
1.16525
1.05349
0.969271
1.11295
0.901647
1.08452
0.970554
1.00142
1.18775
1.01973
0.885767
0.848944
1.01664
0.927503
1.10685
0.839809
1.14459
1.00511
1.07003
0.877315
1.10149
0.900974
1.13487
0.999644
1.08859
0.971253
1.06184
1.1041
1.00977
0.851014
0.965185
1.12461
0.970753
0.891097
1.04762
0.917119
1.03683
1.11056
0.901908
0.949186
0.97345
1.0085
1.08764
1.10989
1.08158
1.10298
1.03151
1.11844
1.10762
1.01302
1.08666
0.873343
1.09211
1.1111
1.16305
1.00079
0.902131
1.23524
1.04908
1.03249
0.918035
1.07183
0.959248
0.932275
1.01444
1.01793
0.975048
0.843402
0.783608
1.0778
0.865109
1.02177
1.03362
0.870117
1.02989
0.937422
0.962195
1.1518
0.810677
0.992355
1.00802
1.1816
1.00082
0.923721
0.958598
0.926266
0.692762
1.06231
1.10407
0.97893
0.979929
1.04203
1.06887
0.987132
1.0046
1.07916
0.869798
0.940029
0.967062
0.991635
1.05031
1.00165
1.07551
0.971066
1.11956
1.01247
0.932774
1.00148
1.00605
0.926354
1.0496
1.11562
1.00856
0.932435
1.04115
0.970435
0.789967
0.877835
1.04394
1.04166
1.02401
0.965702
1.16192
0.99767
0.895102
0.922647
1.0461
0.855021
1.12741
1.04853
0.824078
1.18835
0.955057
1.02079
1.14732
0.778474
1.02436
0.878524
1.03677
1.1397
1.08529
0.904494
1.14771
0.96698
1.01374
1.03416
0.932726
0.942218
0.978831
1.04151
0.988697
0.984708
0.977819
1.14949
0.828036
0.893861
1.04267
1.08892
0.91036
0.963239
1.04791
0.983014
0.988263
0.79566
0.899384
1.00351
1.11339
1.22158
1.16968
0.839223
1.0121
0.849695
1.07373
0.927099
0.980128
0.878551
0.896858
0.947422
0.875584
1.02095
0.876723
1.04316
1.11024
0.93125
0.985269
0.744357
0.963612
0.955085
0.796508
0.956278
1.08462
1.04194
0.986367
0.991009
1.18744
0.915918
1.05425
1.088
1.04843
1.17022
1.00385
1.04716
1.02092
0.924516
0.919056
1.12115
0.913494
0.980164
0.907296
1.07462
1.0035
1.10047
0.947891
0.879713
1.02999
1.03751
0.804504
0.916953
1.00271
0.94285
1.09118
1.13556
1.06382
1.10954
1.15116
1.02935
0.971249
1.03389
0.959051
0.936323
0.962935
0.867929
0.998618
1.01033
1.04883
1.0929
1.0427
1.02003
0.837499
0.876827
0.820565
0.843499
0.873223
0.878155
1.17481
1.08631
0.973326
0.925957
1.15124
0.907267
1.29065
1.10606
1.00592
1.02686
1.0129
1.02393
1.13245
1.00172
1.02178
0.958462
0.951294
0.881813
0.998295
0.985141
1.08449
1.04975
0.826432
1.02673
1.13208
1.00071
1.1122
0.966585
0.829817
1.04276
0.996944
1.02006
1.02307
0.967463
0.775265
0.778297
0.978629
1.04753
1.01379
0.969129
1.02708
0.906742
1.13243
0.943743
1.15957
1.11786
1.15568
1.02456
0.994454
1.07592
1.01593
1.0088
0.975713
1.01921
0.831366
0.98498
1.10261
1.24528
0.980033
0.960822
0.998336
0.881494
1.09713
1.038
0.783462
0.879585
1.19639
0.960855
0.956195
1.0588
1.12621
1.11204
0.969316
0.923531
0.92448
0.863159
0.902463
0.903186
1.06021
1.01813
0.875712
1.13009
1.05105
0.932918
0.82051
0.932609
1.0988
1.07823
0.917809
0.883381
0.980493
1.02948
0.964222
1.00289
0.998884
1.1676
1.04283
1.09255
1.06064
0.917357
1.01627
0.912548
1.04281
0.897886
1.10165
0.998712
1.02458
0.895592
1.08385
0.841422
1.05061
0.979843
0.888677
0.901012
1.04772
0.881246
1.05477
1.02029
1.05529
0.931099
1.00833
1.03333
0.871814
1.0798
1.07503
1.00229
1.00995
1.08497
1.15855
1.15108
1.00756
0.889042
0.981018
0.939461
0.873848
0.867586
1.05184
0.825505
0.974642
0.996095
1.00067
0.885736
1.13755
0.744472
1.0315
1.11652
1.05021
0.882474
0.997938
0.863449
0.999147
0.989913
1.06274
0.956611
1.00919
1.17342
1.05474
1.00033
1.0898
1.06506
0.965454
1.12114
0.937631
1.02408
1.17752
1.00779
0.928396
1.05596
1.00599
1.05662
0.949763
1.07133
1.03072
0.9444
1.153
0.887523
0.796055
0.88959
0.977057
1.12062
0.907298
1.1825
0.950172
0.978172
1.04927
0.969312
1.11567
1.01221
1.00118
1.0408
0.850169
1.00352
0.991907
1.07639
1.10424
1.08882
0.931124
0.997628
0.900277
0.917913
0.960874
1.117
1.04263
1.00308
0.942224
1.05049
1.04031
0.978775
0.935457
0.934324
1.04928
1.2157
1.26483
1.0914
1.09246
0.956679
1.01858
0.840151
1.07656
0.956788
1.0611
0.78917
1.01037
0.942739
0.91613
0.935079
1.07864
0.995496
1.04974
0.998256
1.05156
1.00149
1.14267
0.945984
1.04562
0.935494
1.01198
1.1087
0.95327
0.979001
1.19255
1.1082
1.21802
1.13774
0.892775
1.01976
1.1286
1.08047
1.02264
0.91885
1.0645
0.859095
1.07896
1.0716
0.790245
0.967852
1.07725
0.965035
1.04361
0.880594
0.986944
0.873769
0.982207
0.947261
1.05762
0.972439
0.885957
1.04485
1.04084
1.13747
0.995894
1.05363
1.06685
0.966019
1.02008
0.973497
0.940748
0.805877
0.895251
0.976576
1.02528
0.953131
0.890669
1.01147
0.894868
1.00452
0.94612
1.05657
1.00748
0.843461
1.17807
1.09851
1.08925
0.970098
1.32688
1.01744
0.854583
0.904864
1.02502
0.968454
1.25261
1.09103
0.928648
1.00881
1.02997
0.818331
1.03891
0.988327
1.11245
0.847918
1.13
0.995267
1.03614
0.948785
0.762112
1.20185
1.11167
1.0864
1.00977
0.823067
1.25277
0.82345
0.99542
0.991385
1.16956
1.10951
0.910385
1.0758
0.987836
1.10482
1.00754
1.01116
1.12176
1.17484
1.06481
0.9457
0.946151
0.896463
1.13554
1.03374
0.943681
0.873427
1.08846
1.06998
1.01292
0.963198
0.989717
0.999388
0.906174
1.07429
0.918504
1.22351
1.02899
1.05057
1.28957
1.00472
1.18087
1.07029
1.02947
1.01512
1.20837
1.05944
0.886568
1.06399
0.972146
0.719523
0.96791
0.978852
1.01811
1.15617
1.01008
1.10225
0.965503
1.04086
0.915689
1.02929
1.16145
1.04092
1.06673
0.93216
1.03682
0.952601
0.922502
1.01256
0.977945
1.20552
0.957315
0.940137
0.988828
1.03528
0.970092
0.979811
0.892846
1.02428
1.08102
1.01657
0.878089
1.16481
1.02089
1.0032
1.17305
0.954285
0.972816
0.90405
1.01711
1.13436
1.04052
0.993895
1.0792
1.15162
1.02207
1.03116
1.04151
1.13571
1.00074
0.984296
1.23572
1.06367
1.0603
1.0979
1.06689
1.32497
1.07428
1.0576
0.822216
0.916486
0.938163
0.893062
0.816851
0.980732
0.984786
0.934608
1.07315
0.86002
1.07111
0.973993
1.06354
1.18811
1.03296
1.12655
0.958523
1.04017
1.03558
1.1102
0.963758
1.10685
1.04512
1.05861
0.975495
0.998013
1.14397
0.919476
0.932764
0.971375
1.06496
0.909727
1.08601
1.13492
0.837806
1.03343
0.906784
1.23583
0.942292
0.950618
0.897612
1.01589
0.865972
0.948367
0.997728
0.824247
1.09422
0.995587
0.990807
1.00375
1.0797
1.34454
0.976919
1.00901
1.05481
1.0902
0.890913
1.01804
0.966902
0.989784
1.06544
0.972665
1.10999
0.977043
0.975757
0.921211
0.913872
1.09487
0.965057
0.991181
0.972273
0.892715
1.03821
0.894414
0.969484
1.0186
1.08896
0.991654
1.05681
0.843949
1.02532
1.02697
1.06063
1.17407
1.20586
1.01555
0.986253
0.920959
1.10722
0.948584
0.977315
0.888245
0.958603
0.801607
1.07938
0.942769
0.940951
0.88112
0.886129
1.0071
1.20803
0.886433
1.01394
0.818361
1.05981
1.07672
0.794294
1.08239
1.11604
0.899855
0.869853
1.1534
1.06326
1.0746
0.992933
1.05506
1.04727
0.909104
0.969103
1.09302
0.79568
0.905393
1.09228
1.08314
0.964516
0.955376
0.938834
0.924371
1.0738
1.02004
1.08745
1.11788
0.939511
1.15026
0.870186
0.985327
1.04103
1.00385
1.0086
0.967447
1.10159
0.898461
1.04661
0.883516
1.02824
1.14073
1.03632
1.05538
0.855912
1.00788
0.888824
0.968298
1.01327
1.03136
1.04024
0.859782
0.820356
0.982224
0.993069
1.17666
0.942962
0.999894
1.09603
0.914861
1.14727
0.951314
0.917845
1.10196
0.930052
1.0306
1.08395
1.01865
1.09053
0.992128
1.04991
1.09459
1.0045
0.960232
1.05031
0.925941
1.07931
0.906867
1.15236
0.903891
0.812732
1.03319
0.76277
0.940871
0.958089
0.972975
0.961703
1.18025
0.957795
1.12904
0.926929
1.10777
0.99881
1.10112
0.914799
0.969085
1.09136
0.991808
0.990881
1.1442
0.85145
1.15007
0.948783
0.943104
1.04879
1.22266
1.18737
0.878893
1.08855
0.954228
0.922162
1.08535
1.16396
0.881023
1.03962
0.890071
1.0927
0.931251
0.849046
0.89526
0.986165
1.10222
0.976616
1.0535
0.841907
1.05191
1.04627
1.26554
0.987913
1.01423
1.14402
1.08422
0.873036
1.02974
0.918062
1.05114
0.952792
0.989134
0.896051
1.07236
0.951226
1.11892
1.09777
0.965142
1.01376
0.957803
1.00999
1.01308
0.924139
1.01285
1.0298
1.04237
0.93223
0.906473
1.13449
0.997514
0.98834
1.13874
1.01752
1.08503
0.993461
1.01014
0.908633
0.956312
1.01033
1.04932
0.993058
1.07235
0.913625
1.01777
1.11483
0.93888
1.15478
1.10291
1.05646
1.03519
0.826938
0.97348
0.869623
1.2277
1.06304
0.980356
1.08532
1.04516
1.07512
0.914956
0.868689
1.10073
1.14179
1.22697
1.01503
1.09385
1.07309
1.07026
1.20172
1.05258
1.15973
1.06298
1.0081
0.92707
0.903923
0.974685
0.941986
0.988112
1.02491
0.922649
0.9478
0.997541
1.01399
0.975139
1.02584
0.932379
0.973597
1.06794
1.13702
1.00859
1.1355
0.999279
1.19196
0.733643
0.977082
0.86852
1.13005
0.935107
1.07831
0.920728
0.968308
1.09025
1.1471
1.01402
0.970408
1.08195
0.924243
1.05902
0.914971
1.08931
0.98104
0.995224
1.0631
1.1148
1.10611
1.26322
1.00375
0.932803
1.12834
0.942842
0.91062
1.06241
0.939671
1.11337
1.04787
0.892123
1.11769
1.09297
1.04539
0.999613
1.02548
1.11521
1.0449
1.02213
0.918365
1.09002
1.04663
1.02649
0.986001
1.12505
1.02456
1.08037
1.08289
1.05257
1.10196
0.913409
1.00682
1.06232
0.921344
1.08482
1.02406
0.881374
0.82225
0.879761
1.00951
1.03151
0.915619
1.17746
1.03469
1.1216
0.951814
0.970481
0.945745
1.04416
1.0602
1.03189
0.932818
1.03252
1.02815
1.09908
0.765373
1.06936
0.858423
0.913314
0.951286
1.04764
1.01171
0.990834
1.10221
0.920593
0.955311
0.810133
1.10934
0.979365
0.912287
0.900901
1.02677
1.18975
0.894865
1.10296
0.992065
1.02438
1.0475
0.890462
0.847234
1.02676
0.934078
0.980406
0.98207
1.03333
0.991476
0.880216
1.11263
1.00828
0.923737
1.03352
0.982017
1.19179
1.04661
0.986874
0.907233
1.01918
1.02824
0.929666
1.20783
1.16632
0.90441
1.05482
1.07131
1.07359
0.931522
0.933322
1.00045
0.831608
0.917518
0.907845
1.04218
1.1421
1.09394
0.8972
1.05306
0.921902
0.915578
1.05296
0.891242
1.06581
0.961032
1.00044
1.14826
1.00018
1.26707
1.0286
0.97624
0.982282
0.870176
1.12392
0.940832
1.05646
0.872665
0.790988
1.10283
0.799877
0.957985
0.977168
1.11131
1.12016
0.914921
1.11538
0.964162
0.856047
1.18517
1.03002
0.90312
1.05222
0.968434
0.980238
0.86387
0.922728
1.18023
1.04035
1.02316
1.04882
1.13222
1.02285
0.852032
0.95717
1.12793
1.1058
1.24383
0.893857
0.932936
1.06839
0.95885
1.13416
0.961386
1.03942
1.05954
1.02674
1.22353
0.863582
0.993933
1.18516
0.922404
0.886829
1.10176
1.13343
0.818668
0.774643
1.30801
1.05112
1.09994
1.00438
1.06083
0.935015
1.06975
0.901136
1.00865
0.862879
0.823233
0.962493
0.961099
0.950968
1.05533
0.896144
0.878151
1.13502
0.952378
1.07362
0.937586
1.08894
0.930859
0.955755
1.03846
0.950548
0.889185
0.820639
1.02332
1.05293
1.11581
0.911726
1.00123
0.953196
1.15254
0.947591
1.02172
1.02103
0.872264
0.991092
1.0771
1.01291
0.873027
1.04787
0.994172
0.896068
1.02493
1.05463
0.939762
0.932034
0.934578
0.832717
0.771822
1.04114
1.02595
0.859655
1.01799
0.959283
0.952105
1.11328
0.837118
0.913681
0.756329
1.0055
0.837988
1.20077
0.973293
0.977602
1.04996
0.903802
1.03877
0.958318
1.0722
1.08205
0.925674
0.88188
1.00926
0.958195
0.961537
1.03091
0.885696
0.976707
1.00001
1.01063
0.944841
0.955301
1.00435
0.987203
1.00371
0.898304
0.799445
0.984386
1.21826
0.927693
0.939407
0.982879
0.993349
0.879864
1.06814
0.913777
0.923906
0.972101
1.13307
0.738929
0.918415
0.86308
0.842426
1.11396
1.07174
1.12206
0.855708
0.949056
1.00448
1.06164
1.00811
1.0233
0.90931
1.08886
0.963186
1.06225
0.907264
0.938142
1.13979
0.941482
0.986934
1.08607
0.855982
0.975423
0.957818
1.0275
0.935342
1.14421
0.990312
1.09709
1.01032
1.11981
1.02947
1.13647
0.849888
1.09443
1.037
1.05271
1.0364
1.00787
1.1175
1.00259
0.902363
1.03153
1.13834
0.961302
1.10271
1.00313
1.00483
0.965223
0.988918
0.848658
0.84247
0.920812
1.16017
1.03416
1.0234
0.860063
1.08972
0.818626
0.831954
0.887533
1.05265
0.968222
0.982621
1.08586
0.96723
0.923996
0.94415
1.16879
0.886437
1.13347
0.992112
1.00756
1.09374
1.1148
1.1352
1.04689
0.907697
0.94063
0.832348
0.87309
0.924291
1.12671
0.948294
1.03284
0.885063
0.965716
0.929218
1.16197
0.908449
0.850316
1.08571
0.843138
1.05739
1.04163
1.06135
0.92525
0.928964
1.13578
1.14608
0.953535
0.917551
1.08383
0.79219
1.06997
1.01596
1.01863
1.01164
0.964681
0.878821
0.965422
1.12605
1.117
0.950986
0.9272
0.972519
0.948008
0.871103
0.910924
1.00742
0.994108
0.982083
1.0164
1.04453
0.960745
0.998232
1.0311
0.858424
0.986637
1.02009
0.961694
0.894924
0.949117
0.847741
0.986187
0.961919
0.898125
0.976055
1.06159
0.816517
1.05681
0.988452
0.843033
1.0109
0.852817
1.16653
1.03871
1.11119
1.04645
0.995143
1.04158
1.13513
1.10577
0.809206
1.02416
1.10196
1.01156
1.26987
0.883218
0.952466
1.04379
0.941091
1.05073
1.08165
0.98404
0.922932
0.844085
0.961185
0.97421
0.994516
1.13208
0.99142
0.992854
1.06358
1.13855
0.949103
0.921629
0.975182
1.24969
0.890381
1.23946
0.939088
1.04533
1.05336
1.0518
0.966294
1.06702
0.960347
1.05912
1.04863
0.854335
1.00159
1.08275
0.946701
0.805674
1.0799
1.19328
1.07407
0.888919
1.01669
1.00165
1.06073
1.02972
1.01277
0.937962
1.12679
0.901306
1.0132
1.02266
0.894017
1.04364
0.955908
0.934091
0.946329
0.94798
1.08668
0.999524
1.04254
0.972074
0.986636
0.916994
0.974409
0.926552
1.17996
0.972961
1.01507
0.999959
1.07166
0.879456
1.03781
1.10222
0.841697
0.979244
1.06769
1.05218
1.00532
0.90474
1.13378
0.832256
1.17727
0.992483
1.12287
0.951676
1.04887
0.997245
1.09251
1.1164
0.96451
1.153
1.14596
0.949692
1.07989
0.879233
1.23814
1.07445
0.957665
1.01069
1.04879
1.04699
1.06067
0.965324
0.728145
1.00563
0.950241
1.24511
0.916582
0.892764
1.05193
0.989227
0.986662
1.0238
1.09458
1.00443
1.0515
1.18542
1.07688
1.04935
1.06154
0.917967
1.00282
1.1578
1.06917
0.888178
1.08154
0.990307
1.17079
0.899399
1.13523
0.863409
0.9634
1.05151
1.0615
1.05221
0.920183
1.0843
1.02255
1.04886
1.08755
1.16217
0.962759
1.07855
1.03288
1.09096
0.989204
0.889003
1.17916
0.988773
0.922822
0.762681
0.914027
1.17884
0.973846
0.988456
0.933073
1.14255
0.979822
0.951767
0.904574
0.87481
1.06379
0.81445
1.04166
1.05593
1.04877
0.936533
1.0575
1.05401
0.961981
0.985113
0.986484
0.989261
1.07647
0.876745
0.977784
0.94161
1.00115
1.05156
0.942002
0.876908
1.16969
1.05516
1.04589
0.98185
1.06768
1.16834
0.960525
1.02717
0.947716
0.902606
1.0903
0.918738
0.912626
0.905167
0.92078
0.873667
1.01204
1.15025
1.09625
1.06404
0.875788
0.96146
1.02435
0.930508
1.13187
0.869391
0.993952
1.01901
0.953455
0.858882
1.00773
0.974829
1.06952
1.1861
1.15656
1.00062
0.982311
0.845027
1.0326
0.918794
0.948946
1.22913
0.901682
1.082
0.94508
0.982768
0.946274
0.9946
0.933621
0.971219
0.76971
1.00025
0.842946
1.00629
1.03948
0.875116
0.982868
1.00296
0.850329
1.01919
0.95303
0.780565
1.01196
1.08763
0.935403
0.931622
1.00496
0.986173
1.03505
0.963473
0.95565
1.05301
1.07862
0.882965
0.826212
0.997867
1.07919
0.813469
0.978046
1.0262
1.10347
1.1083
1.04031
1.00537
0.910292
0.92085
0.987307
0.918633
1.01089
0.824002
0.982619
1.13526
0.902814
0.983356
1.03758
1.00623
0.836019
1.05567
0.885964
0.996092
1.05534
0.886002
1.02648
0.953016
0.870043
0.974524
1.07737
1.16924
0.999429
0.894762
0.93949
0.980573
1.02319
1.12857
1.01124
1.12552
1.02502
0.959584
0.981656
1.00775
0.9377
1.16371
0.886589
1.10747
1.13122
1.02094
1.05709
1.08467
0.818634
0.96176
1.09359
0.854259
1.0858
1.00425
1.11702
0.875617
0.980946
0.981757
0.997454
0.955397
0.957641
0.918939
0.951895
1.05644
0.86044
0.863956
0.925862
0.867694
0.861551
0.950517
1.0608
1.0803
1.01933
0.952198
0.994004
0.974034
1.11285
0.94847
1.03721
1.00637
0.897498
1.12893
1.09118
1.0305
0.976762
1.08891
0.958458
0.97277
1.00039
0.935594
0.977403
1.18421
1.07452
1.06533
0.979879
0.771275
1.0119
0.99066
1.04648
1.03799
0.945597
1.22248
1.03678
0.85313
0.945088
0.797096
0.798113
1.15575
0.975182
0.943376
0.919538
0.979638
1.048
0.869885
0.983237
1.12083
1.00028
0.998485
0.90321
0.835476
1.09552
1.10006
0.916583
1.2654
1.11828
1.11901
0.896004
0.977182
0.894963
0.979191
1.13492
1.13586
0.947082
0.874542
1.01953
0.925503
1.09748
0.970417
0.964013
1.05481
0.95936
1.10921
0.916542
1.04436
0.947791
1.0225
0.941682
0.977856
1.05907
1.08871
1.07249
1.07928
1.15085
1.07034
1.17283
0.869222
1.15215
1.00257
1.02056
1.12911
1.02228
1.1186
0.939564
1.1032
1.02531
0.941339
0.951343
0.962888
0.91549
1.02109
0.85464
0.870726
0.946514
0.971265
1.09636
1.02519
0.815531
1.00367
0.991787
1.17733
0.827267
0.933435
1.09306
0.883634
1.14588
1.01048
0.963123
1.0261
0.969951
1.18064
0.986175
0.939954
0.958648
0.978185
1.00409
0.967864
1.1922
1.11149
1.09405
1.00798
0.907695
1.19401
1.18067
0.984356
0.881365
1.05933
0.937483
0.912772
0.988716
0.866052
1.02139
0.954299
0.945561
1.0708
0.799086
0.875001
0.952655
0.962937
1.15616
1.09344
0.952946
1.0074
0.796777
1.27977
0.956442
1.06525
0.959001
0.947849
1.07834
1.00682
0.884947
1.07033
0.9052
1.11424
1.08068
1.08032
1.03166
0.908887
0.838567
1.08838
0.982564
0.806731
0.923885
0.994766
1.20467
1.08787
1.07396
1.19971
1.14929
1.01768
0.962389
0.829189
0.870964
1.00999
0.94989
1.04302
0.937799
1.01614
1.02921
0.788357
1.17275
0.992049
1.00187
1.03074
1.01699
0.921749
1.06979
0.804888
1.01966
1.04857
1.0623
1.0452
0.804053
1.11925
1.07243
1.19828
0.896109
0.894634
0.932684
1.01735
1.30655
1.04125
1.11211
1.05396
0.804759
0.970956
1.0527
1.0858
1.15606
1.01801
0.882168
0.944205
0.866269
1.07989
0.947709
0.97377
1.10943
1.01387
1.03842
1.02626
0.926876
1.18463
1.11149
0.950376
1.0181
1.0657
0.981242
1.03111
1.00169
1.11985
0.927626
0.939526
1.059
0.984649
0.886748
0.982932
1.11129
0.830433
1.06545
1.03535
0.937014
1.12327
1.06208
0.988151
0.996172
1.12213
1.19271
0.999187
0.980409
0.956186
1.03852
0.883926
1.02692
1.05001
1.0255
1.13127
1.19355
0.923938
1.12822
1.05768
1.10322
0.807185
1.09486
1.05309
1.04633
1.2274
0.957891
1.07971
0.808325
1.05857
0.945665
1.08932
1.15614
1.04538
1.02404
1.00389
1.02267
0.920379
1.11425
0.899877
0.961883
0.971717
0.902591
1.02182
1.02713
0.926779
1.10224
1.06737
1.05444
0.851284
1.12891
0.912268
1.0967
1.05271
1.10882
0.956119
0.96741
0.882203
1.22756
0.982112
1.07335
1.23834
0.993693
1.13215
0.85188
0.82602
0.954135
0.950553
1.06414
1.25014
1.03573
1.01706
0.927074
0.935799
1.04056
0.947072
0.782333
1.01812
1.08131
1.04327
0.847076
0.967068
0.984641
0.900297
1.07847
1.02754
0.920108
1.04649
0.923662
0.909484
0.814525
1.14885
1.00359
1.09989
1.14928
0.907218
0.981004
1.21642
1.00362
0.909244
1.17199
0.998651
1.06873
1.00219
0.980423
0.947089
1.19267
0.886096
0.902355
0.946768
1.24573
1.00395
1.02746
1.04919
0.99859
1.07319
1.11427
1.16334
0.900726
0.851158
1.0475
0.895883
1.01138
0.817325
0.99354
0.915779
0.976875
0.994593
1.18762
1.00069
0.921015
0.810346
0.975577
1.10643
0.963871
1.00905
0.990391
0.996357
1.07297
1.01172
1.1026
0.863754
1.04968
0.964721
0.804989
0.997267
0.976157
0.928822
1.00301
0.91535
1.05231
1.0164
0.986183
0.965522
1.08421
0.980984
0.767027
0.980095
0.932161
0.835215
0.996569
1.22329
1.02768
1.01234
1.15743
0.935926
0.890495
0.980462
0.86043
1.07077
0.926306
1.18714
1.06905
1.05126
1.09865
0.986184
1.18813
0.989972
1.01873
1.14255
1.08318
1.03725
1.16213
1.03447
0.893829
0.916986
1.17155
0.768997
1.05888
1.05546
0.935774
0.887515
0.934005
1.26327
0.932655
1.05521
0.995581
1.19335
1.12406
1.06118
1.15549
0.89123
0.808234
0.947121
0.917551
0.908801
0.970164
0.903215
0.994258
1.17626
1.11843
1.11264
0.995755
1.12728
0.851274
0.938638
1.01818
0.945
0.866758
1.00343
1.13181
0.928031
1.11027
1.00205
0.963739
0.862833
0.882414
1.0329
0.898427
1.06231
0.893809
0.880031
0.955554
0.828543
0.931145
0.896852
1.01629
1.1084
1.15885
0.996678
0.984622
1.10963
1.04245
1.03383
0.976882
1.11945
0.941959
1.16174
0.927819
0.971316
0.962615
1.02432
1.00201
0.969533
0.974182
0.995497
0.840127
0.958689
0.95973
1.16983
1.00827
1.12182
0.982037
0.825025
0.995196
0.870317
0.878045
1.01554
1.0467
1.06704
0.986267
0.93547
0.930347
0.874598
1.30672
1.08127
1.11251
1.02824
1.00318
0.896953
1.03222
1.13564
1.03192
0.871203
0.776102
1.04245
1.00921
1.15472
0.999805
1.19022
0.971104
0.884109
0.947969
1.02462
0.999274
0.920483
1.06612
1.03752
0.900335
0.813694
0.970069
1.11669
0.996762
0.891696
1.17235
0.976863
0.944464
1.04054
0.781433
1.10158
0.951284
1.10682
0.993837
1.07356
0.906593
0.914082
0.96487
0.814737
0.94971
1.27541
0.893496
1.00767
0.949455
1.04133
1.0781
0.981926
0.752344
1.05059
0.965433
0.98918
1.02496
0.936116
0.908316
1.12388
1.00467
0.83941
0.944195
0.884098
0.891805
0.997967
0.880166
0.994933
1.0428
0.930739
0.967877
0.945764
0.794871
1.05513
1.08373
1.15369
0.975842
0.973311
0.92615
0.982415
1.06147
0.924762
0.925344
0.917637
0.781817
0.99749
0.844857
1.0578
0.941961
0.822035
1.05359
1.07878
0.923811
0.944235
1.00156
0.946505
0.936181
1.04621
0.941199
1.09347
1.04617
1.04791
0.845656
0.922987
0.867332
1.09933
0.983412
1.08555
1.02048
0.923015
1.16115
0.917641
0.953553
1.09634
1.05005
1.16779
1.07714
0.788289
0.98304
1.09002
1.04887
1.00789
1.14307
0.981329
0.978549
0.970989
0.844125
0.996152
1.01121
0.960992
1.07891
1.02876
0.942592
1.09655
1.07851
0.974319
0.963646
1.23272
1.04942
0.909646
0.87584
1.06439
0.934063
1.07599
0.926798
1.09907
0.934381
0.951096
1.10929
0.939701
1.02874
1.03576
1.01625
1.18798
1.04884
0.928156
0.947621
1.09995
0.989694
0.947334
1.17733
1.09623
1.16577
0.923574
1.12341
1.03247
1.05865
1.02925
0.986234
1.04815
0.968284
0.97278
1.13649
0.9545
1.04927
1.02733
0.928194
1.00572
1.16336
1.04728
1.05592
0.961982
0.968399
0.938879
0.874108
0.99425
0.870903
0.94516
1.11502
0.982844
0.968907
1.0479
0.982987
1.08633
1.01453
0.926791
0.927749
0.915619
0.816782
1.09861
0.935881
1.05449
0.960097
0.816787
0.980417
0.841257
1.1697
0.907518
1.13143
1.07331
0.942789
1.04081
1.01111
0.956068
1.02687
1.0452
0.910568
0.919096
0.93687
0.825473
1.03474
0.948608
1.027
1.08812
1.06261
0.985678
1.05776
1.0531
1.19561
1.09405
1.00847
0.949157
1.06683
1.11996
0.964499
1.09517
1.1096
1.10687
0.922276
0.905685
0.969899
1.22174
1.19312
0.937382
0.977477
0.929867
1.0495
0.997277
0.985862
1.00185
1.16252
0.934909
1.1438
1.12941
0.80748
1.07009
1.34201
0.979871
1.09819
1.11729
0.754609
1.21581
1.26575
0.981599
1.00434
0.927799
1.04197
0.953484
1.10489
1.07832
1.07172
0.933159
1.02808
1.01782
1.03205
0.99739
1.02276
0.923366
0.867435
1.13587
0.977953
1.03424
0.863619
1.00582
1.04216
1.06194
0.896466
0.94763
0.94115
1.03899
0.769716
0.846599
0.931694
1.00996
1.1169
1.02851
0.924766
1.06457
1.00668
1.01704
0.921009
0.961296
0.906318
1.00837
1.01095
1.07546
0.832516
1.04982
0.894109
0.914824
1.0449
1.04894
0.991472
1.07768
1.02058
0.955578
1.05835
0.954219
1.06212
0.953251
1.05641
1.21184
1.0299
0.950934
1.02807
0.796097
1.00005
1.07846
0.936446
0.821544
1.38653
1.10873
0.728285
0.968391
0.962448
0.943401
1.02721
0.950673
0.960473
1.14072
1.13471
1.01877
0.888359
1.07961
0.82699
0.864766
0.981717
0.965194
1.07851
1.02572
1.06468
0.987672
1.09552
1.08042
0.798741
0.910735
1.09947
0.986606
0.951274
1.10736
1.05812
0.905791
1.03686
1.10326
0.889016
1.17789
1.11495
1.04636
1.00155
0.985531
0.906787
1.03259
0.992328
1.0136
1.18824
0.988692
0.975577
1.10148
1.10259
0.894385
1.12666
1.02845
1.00969
0.977973
0.986178
0.969972
1.13664
0.855459
1.15852
0.936962
1.00181
0.900244
1.0061
0.965204
0.998132
1.05261
0.986535
0.873712
1.09428
0.994991
1.03335
0.990145
0.93253
0.909811
1.08098
0.911944
1.1293
1.15247
1.09447
0.965505
1.20211
0.958009
0.925507
0.835149
0.810583
0.940297
1.00318
1.13509
0.996276
1.05298
1.1421
1.0444
1.02004
0.94312
1.18376
0.907908
0.796343
1.1282
0.989342
1.08343
0.986609
0.94055
0.966045
0.862782
0.811644
0.95696
0.901765
0.875642
1.05994
1.04009
1.24291
1.06897
0.972666
0.924344
1.02804
0.831701
0.96278
0.963761
0.754893
0.937135
1.05105
0.950051
1.12385
1.06641
0.859904
1.08162
0.99388
0.869458
0.92411
0.967576
0.916668
0.974264
0.958884
1.17189
1.1137
0.968302
0.978707
0.981852
1.18154
1.04384
0.89783
0.983267
1.05001
0.94659
1.05231
1.05949
0.846221
0.880811
0.991243
0.917287
0.964037
0.951757
0.958414
1.10606
0.923272
0.928715
0.85286
1.00194
0.814394
1.28658
1.19498
1.10814
1.08246
1.23988
0.731814
0.944122
1.03399
0.910041
1.04511
0.863206
0.966991
1.03051
0.986071
1.01632
1.2094
1.04542
0.93094
0.963684
1.05896
1.12607
0.954043
1.03821
0.889037
0.946833
0.947243
0.910195
1.0822
0.892544
0.997002
1.01119
1.01725
1.07691
1.04508
0.826962
1.09226
0.880238
0.91655
1.05905
1.16826
1.07158
1.01935
0.992782
1.26421
0.994835
0.864505
0.895215
1.12396
0.938433
1.06153
0.991741
1.09705
0.906926
1.08777
0.921528
0.856693
0.894111
0.941298
0.86559
1.09386
0.949066
0.917389
0.944773
1.00318
1.05814
0.982849
0.880228
0.958188
1.05304
1.01692
1.02576
1.03811
1.13921
1.02707
0.98837
0.980592
0.855954
1.16821
0.88566
1.00572
1.02972
1.00056
0.839936
1.04289
0.973637
0.925098
1.08234
0.95386
1.18072
1.19285
0.997458
0.952783
1.01104
0.806195
0.899232
1.06199
1.15141
0.943272
0.947141
0.937341
1.04301
1.04454
1.21677
1.0047
1.02236
1.12829
1.11003
1.0602
0.869352
1.05698
0.937213
0.958423
0.964971
0.921554
1.18249
0.960508
1.02789
1.15115
1.13178
0.974939
0.817942
0.844092
0.929043
0.955846
0.924676
1.07821
1.04624
1.09626
0.884096
1.00671
1.03007
1.15261
0.815518
1.0703
0.966736
1.0646
0.902591
0.957359
1.0691
0.999138
1.11159
1.10625
0.969293
1.01601
0.95894
0.845784
0.909844
1.19729
0.865116
1.04432
1.00809
0.978016
1.11948
0.91372
1.08488
1.11802
1.16493
0.908315
1.02005
0.852187
0.998704
1.06168
0.89864
0.897052
0.93424
1.00054
0.864833
0.976072
1.14344
0.964799
1.06171
1.04215
0.838579
0.929039
1.0322
0.782784
0.953589
0.871571
1.05156
1.09864
1.02922
0.960311
0.852477
1.00528
0.868811
1.04945
0.980249
0.915562
0.950698
0.922238
1.02441
1.01266
0.933689
1.00482
1.03279
1.07019
1.12213
0.964326
0.723973
0.881477
1.03852
0.992093
0.919598
0.945637
0.872862
1.1844
1.11677
1.05931
1.00117
0.943508
0.996385
0.937282
0.90377
1.07836
1.00175
1.00385
1.10078
1.09774
1.15664
1.09757
1.09129
0.989416
1.0559
0.974885
1.00341
0.841418
0.875342
0.995881
1.00491
0.98032
1.0292
0.883147
0.963077
1.04786
0.978801
0.912216
1.12131
1.02185
0.919173
0.988139
0.959005
1.05836
1.04608
0.903049
0.975572
1.06235
1.13707
0.890367
0.899528
1.00627
1.0399
0.851704
1.06836
1.03621
1.01489
0.84984
0.978623
1.13438
1.21577
1.01713
1.06248
0.996432
0.96359
1.02884
0.816649
0.925682
1.02319
1.00723
0.909387
0.95837
1.13655
1.05677
1.07861
0.967463
0.877144
1.00451
1.03311
0.959462
0.829134
0.894905
0.996503
0.954615
1.03586
0.860541
1.16928
1.1231
1.02231
1.06644
0.8766
0.94815
1.03698
0.926014
1.13416
0.844752
0.860521
0.976368
1.08719
0.943576
1.22338
0.941342
0.911032
1.00329
1.14792
0.869768
0.929472
1.09081
1.06154
1.04389
0.867584
1.01257
1.17781
1.05689
0.947691
0.977894
0.947786
1.07188
1.0292
1.06043
0.971793
1.10088
0.890198
0.947482
0.815731
0.977046
0.958072
0.826257
0.97377
1.29522
0.914075
0.98706
1.14148
1.03249
0.879815
0.887572
0.873393
1.03562
0.859752
1.1252
1.01768
1.08335
0.922029
1.07932
0.959663
0.960021
0.950266
0.89977
1.08014
1.2157
1.06156
0.978653
0.884689
1.15932
0.919116
0.815794
1.01948
1.17061
0.907113
1.05583
1.14419
1.02716
0.931752
0.942324
1.21461
0.891734
0.974076
0.994466
0.9809
0.953307
0.857109
1.09287
1.0143
1.03535
1.02066
1.00676
1.04572
1.01025
0.969986
0.903967
1.16939
1.26414
0.995312
0.966559
1.0899
1.04952
1.24849
1.01845
1.06869
0.964524
1.16803
0.915686
1.03456
1.06325
1.0649
0.96721
1.06886
1.00024
0.939032
0.92778
1.05359
0.94549
0.875789
0.996213
1.02035
1.19624
1.07294
1.04944
0.79013
0.98412
0.96878
1.04657
1.11483
0.92134
1.00932
0.884699
1.14017
1.10699
0.949734
0.821375
1.0666
1.08511
1.13075
1.09167
0.990339
0.980744
0.939239
1.02609
0.930092
1.05923
0.952858
0.975988
0.964144
0.873796
1.02821
1.00775
0.982843
1.08912
1.08167
1.06003
1.03327
0.924706
1.2672
0.915949
0.959468
1.1007
1.0699
0.816048
1.06971
1.28485
1.0159
0.924894
0.949384
0.93222
1.07307
0.906863
1.06425
1.08679
1.15839
0.986251
0.866721
0.883492
1.15397
1.01085
1.12089
0.854343
0.916446
1.00548
1.10508
0.998583
1.00149
1.00323
1.06562
0.930385
0.912278
1.1208
0.872923
0.935974
1.08183
0.825813
1.0535
1.0889
1.01565
1.13751
1.04162
0.902813
1.12926
0.872304
0.940362
1.16185
1.14447
0.884696
1.01507
1.0516
0.897567
0.778235
0.940814
0.883617
0.899245
0.997927
0.932837
1.01462
0.962463
1.00583
1.02277
1.02481
0.88787
1.07335
0.864442
0.980817
0.817424
0.942697
1.05705
0.893737
1.00283
1.1848
1.04692
0.984417
0.923245
0.96273
0.814239
1.00786
1.09765
0.885322
0.94311
0.874915
1.00059
1.04743
1.19883
0.943986
1.03312
1.17935
1.05843
0.983997
1.1854
0.970668
0.922141
0.903479
0.966678
1.29329
1.04922
1.04023
0.955564
1.08135
1.06862
0.903101
1.16255
0.960646
1.0289
0.972897
1.01004
0.782132
0.920365
0.964953
1.08085
1.30132
1.00232
1.18393
0.905764
0.931517
0.888135
0.870217
1.05215
0.81462
1.02744
1.04643
0.938963
1.24697
1.00549
0.968295
0.911555
1.12265
0.940747
1.05157
0.951296
1.1977
1.20538
0.795197
1.02765
1.15509
0.910895
1.1223
1.12458
0.993461
0.994268
1.212
1.02
1.05037
1.10518
0.89143
1.0793
0.79606
0.921318
0.987122
0.946926
1.01287
1.17145
0.927122
1.09872
1.02627
1.1198
0.940294
0.993793
1.12664
0.918865
1.28387
0.841738
1.00369
1.09218
0.958758
0.933836
1.02285
1.0081
1.18006
0.903784
1.02069
1.06416
0.978116
0.976992
1.15159
1.3275
1.08357
1.09293
0.906958
1.17976
1.0109
0.89529
0.945135
1.02142
0.804742
1.06628
0.977028
1.13944
0.944565
0.999302
0.953812
1.01303
0.919306
1.28708
0.908716
0.93438
1.08272
1.03172
1.20525
1.03722
0.99654
0.895334
1.14289
0.867035
0.944653
1.03462
0.909743
0.954453
1.11065
0.995256
0.906622
1.02091
0.847125
0.844269
0.906497
0.973038
1.10945
0.920328
0.90055
0.914017
1.05832
0.990816
0.878399
0.868426
0.985817
0.957916
0.998701
1.03005
1.01103
1.11567
1.20247
0.821555
0.990643
0.935202
0.924979
0.962505
1.0291
1.02736
1.01841
0.949115
0.914481
1.10615
0.988171
0.847499
1.24437
1.01333
0.994014
0.986689
1.10732
1.04707
1.10075
0.998969
0.962521
0.959812
0.97147
1.0052
1.04334
0.979523
0.921484
1.01744
0.937326
1.0374
1.02358
0.906685
0.99482
0.988663
0.970759
0.804165
1.07356
1.09989
1.07203
0.87405
0.900641
0.930973
0.987291
1.08474
1.20062
0.872839
1.02322
0.96188
1.00182
1.00722
1.02099
0.936034
0.934787
0.949411
0.878646
0.825784
1.0938
1.13494
1.15842
0.94897
1.02972
1.12363
1.00804
1.02848
0.99608
0.812799
0.869723
0.940101
1.04572
1.20354
0.960695
0.917687
0.972766
1.00963
0.964482
0.996472
1.01838
1.05438
0.928985
1.00131
0.976875
1.02706
1.07486
0.882023
1.01099
1.17303
0.90311
0.967946
1.12652
0.955407
1.06306
0.927352
1.03398
1.10336
0.940171
1.16723
0.800228
0.971225
0.959426
1.11171
1.12627
1.01478
1.01644
1.0918
0.929316
0.907124
1.07512
0.871655
0.978202
0.889955
0.952765
1.07877
1.22079
0.980607
0.949138
0.904421
0.945756
1.01322
1.25723
0.908598
0.960446
1.04807
0.878207
1.13293
0.988969
0.887597
0.87337
0.951307
1.03494
0.966948
0.886682
0.91466
0.979117
1.06619
0.999943
0.890869
1.0417
1.01503
0.939641
1.00294
1.03855
0.872527
0.92496
0.931187
0.983877
0.864786
0.964113
1.07636
1.14435
1.00384
1.03982
1.02996
0.972467
0.849163
1.00888
0.981927
1.11027
1.1382
1.03929
1.04599
0.967083
0.993715
1.04605
1.04646
0.987182
0.804347
1.21011
0.863614
0.972353
0.793353
0.947198
0.957012
0.931501
1.09397
1.03108
1.01985
1.09701
0.965435
0.94749
1.07976
0.953313
0.909986
0.97651
0.871151
1.13864
0.811682
1.10682
0.980158
0.919361
1.02324
0.987917
0.966451
0.987116
0.879753
1.01088
0.895038
0.965329
0.787585
1.06625
1.11327
1.07978
1.24068
0.971722
0.979288
1.14363
0.895294
1.0858
1.11058
1.1189
1.05647
1.08015
0.840452
0.88225
1.19135
0.93341
1.03672
0.97267
0.906108
1.17344
0.992619
0.928191
0.921106
1.27718
1.0348
1.03303
1.07903
0.991577
1.09944
0.851477
1.11007
0.954592
1.08911
1.06099
1.05371
0.873292
0.998543
1.1207
1.10604
0.994479
0.942431
1.13442
1.2372
1.14315
0.945685
1.04529
0.964592
0.978591
0.86834
1.12831
1.05398
0.989444
1.21413
1.29653
0.974682
0.964002
0.980549
0.839081
0.911597
1.1923
1.08572
1.00587
0.973671
1.02473
1.08166
0.929195
0.877627
0.956035
0.965879
0.99387
1.03031
0.888789
0.92423
1.05425
1.03435
1.03867
1.15449
0.849515
1.1031
0.928152
1.14193
0.830706
0.892072
1.00822
1.08642
1.17705
1.21023
1.16847
1.06318
0.688221
0.949926
1.10777
0.987859
1.13493
1.03155
1.11427
0.975236
1.14016
0.902067
1.01038
1.01939
0.968275
1.15217
1.10883
0.839971
1.08144
0.873663
1.18004
1.00593
1.11806
1.00827
0.967812
1.01028
0.904473
1.26267
1.00191
1.13146
1.03235
1.14949
0.813292
1.02057
0.955153
1.08325
0.900017
0.799839
0.900348
0.786395
0.869075
0.982658
1.26114
1.08451
0.998938
0.907605
1.12255
1.05895
0.980921
1.03697
1.07809
0.976881
1.071
1.09922
1.07427
1.02514
0.971281
1.1235
0.936418
0.991059
1.11744
1.07109
0.960564
0.904242
0.908582
1.13769
1.03236
1.06526
1.01728
0.92008
1.1671
0.999039
1.06411
0.825364
1.21128
1.0566
0.930072
1.05488
0.937819
1.1125
0.885774
1.06658
0.8776
1.06128
1.14352
0.894486
1.13065
1.09757
0.822914
0.902883
0.837686
0.935044
1.06109
1.06241
0.879583
1.071
1.13346
0.95621
1.07107
0.951804
0.939953
0.939974
1.24381
0.960202
1.04138
0.991959
1.01099
1.18391
0.901527
1.19178
1.07636
0.878455
0.937577
0.942723
0.947818
1.0445
0.965631
1.06377
1.00171
1.03039
1.19455
1.26096
0.868103
1.05873
1.0396
0.958029
1.05103
0.846107
0.985596
1.06991
1.01916
1.03621
0.998295
0.959777
0.9734
0.880317
1.06694
0.992956
0.966342
1.0618
0.982825
1.0842
0.915219
1.12057
0.900714
1.01942
0.978563
0.966596
1.11004
1.02635
1.02454
1.14107
0.914318
1.07699
1.17301
0.953658
0.929544
0.960114
0.968356
0.981455
0.768726
0.911135
1.09521
0.895815
1.17779
1.0417
0.966859
0.918233
1.06466
0.916187
0.962139
0.952201
1.0509
1.07592
0.896566
1.02373
1.19591
1.12027
1.0377
1.15928
1.00733
0.934732
1.02773
1.07854
0.965643
0.983011
1.1603
1.03605
1.19903
0.910387
0.991502
1.21401
1.11835
0.875117
1.03147
0.96408
0.907116
0.94892
0.923213
0.986008
0.985684
0.996576
0.9875
0.979281
0.82888
0.981028
1.02341
1.04416
0.895872
1.13018
1.1938
1.02458
1.02598
1.09931
0.910925
0.952471
1.02578
1.04044
1.07299
1.02468
0.771112
1.04989
1.07178
1.0916
1.00148
0.818796
1.0928
1.01016
0.839368
0.969784
1.27752
0.864025
1.14699
0.881846
0.993589
0.953763
0.952108
1.15176
1.21081
0.864233
0.911505
0.936792
0.947186
0.997236
0.884662
1.13298
1.00674
1.09625
0.810529
0.991848
1.03071
0.923489
0.924147
0.956819
0.827622
0.980194
0.90962
0.861178
1.18398
1.15784
1.18368
0.917149
0.930047
1.08702
1.04799
1.15194
0.987964
1.04039
1.11887
0.992931
0.758603
0.834168
0.935493
0.886949
1.00696
1.14687
1.01982
0.908276
1.02063
0.891188
1.07338
0.808952
1.02182
0.978456
1.12085
0.914283
0.796037
1.00149
0.985456
0.986496
1.00054
0.96977
1.16369
1.06551
0.970155
0.89058
0.87837
1.13826
0.932837
1.09206
1.20413
0.967971
0.994379
0.96327
1.16126
0.919484
1.01163
1.05502
0.839051
1.00414
1.11456
0.903922
0.900196
1.05259
0.882993
0.945931
0.977062
1.00298
1.03888
0.936752
0.880711
0.895294
1.00914
1.0288
1.05493
0.848561
0.983951
0.933729
1.0382
0.84106
0.892883
1.04765
0.92241
0.88861
0.989248
0.951115
1.05853
1.02051
1.09125
0.849057
0.932089
1.10195
0.862134
1.07723
1.09457
1.23936
0.972764
1.08284
1.03489
0.970607
0.906465
1.06322
1.07484
1.00313
1.05895
0.962905
1.06888
1.00681
0.998792
0.880654
1.10316
1.07881
1.02669
1.00061
1.04881
1.1771
0.975484
0.990718
0.901955
0.964821
1.08433
1.03198
0.821199
0.863273
1.10817
1.027
0.903238
1.1142
1.01804
0.866519
0.895929
0.961069
1.06121
1.04195
0.824199
0.831094
0.965754
0.804907
1.07014
1.0201
0.869949
0.99825
1.03534
0.996419
0.965612
1.06314
0.945713
0.898227
0.792694
1.02375
1.02982
1.0157
1.13457
0.765307
1.09666
1.02716
0.889198
0.99301
1.11712
0.92918
1.02457
0.999688
0.942201
1.17209
0.946037
1.14296
0.842089
0.967135
1.00287
0.892505
0.949251
1.05658
0.928021
1.1534
0.856644
1.04159
1.005
0.949016
0.929798
0.980405
1.12917
1.18681
0.986075
0.957761
0.958908
1.06296
0.912209
1.03497
0.912211
0.898239
0.90095
0.870093
0.902049
0.926299
1.03591
1.1221
0.934276
1.02747
0.976186
0.985269
0.948962
1.10134
0.986085
1.02125
0.941498
1.08538
0.852513
0.889078
1.03632
1.07366
1.13259
1.06334
1.00005
0.967029
0.998541
1.26125
0.919
0.811978
0.998857
0.932665
0.922901
1.06373
0.850064
1.07305
0.964203
0.826152
1.13507
1.00976
0.982024
1.19704
1.06798
1.07943
0.945544
0.974434
1.02535
1.03848
0.942872
0.847434
0.809503
0.988956
1.00352
0.863855
0.876636
0.904946
0.834261
0.97019
0.859281
1.14766
1.06202
1.08491
1.12632
0.945742
0.981674
1.20929
1.00765
1.00764
0.914299
1.05171
1.04666
0.992819
1.0462
1.08226
0.78445
1.035
1.04469
0.903865
1.18516
0.917057
0.816994
0.939087
0.994032
1.04132
0.931051
1.09065
1.02516
0.875493
0.964701
0.86582
1.10774
1.12703
1.075
1.09725
0.892847
0.996112
0.921855
1.1146
0.999576
0.870199
1.09037
1.13985
0.909078
1.06411
0.951195
0.943491
1.30974
1.02941
1.09525
1.10934
1.08125
0.757222
0.990708
0.974765
1.01289
1.09109
1.1844
0.957849
0.80563
0.871509
0.985324
1.03915
0.993605
1.04123
0.933473
1.056
0.898586
1.04632
1.06945
1.15991
0.896144
1.04172
1.1072
1.2162
1.14983
1.06359
0.935633
0.97045
0.951103
0.986676
1.0144
1.02341
1.05115
1.13421
0.915313
0.985693
0.900754
1.1785
1.0034
0.984783
0.900829
1.12475
1.01794
0.907753
1.00508
0.873743
1.00604
1.12158
0.838604
0.968727
0.934166
0.97785
0.907006
0.956752
0.983097
1.02102
0.945922
1.00313
0.902909
0.894691
0.938546
1.01755
1.00825
1.11055
0.922984
1.06734
1.21349
0.924751
1.10001
0.94711
1.00354
0.957615
0.997862
1.08475
0.906685
1.01712
0.824166
0.856863
0.967545
1.07823
1.04858
0.98328
1.09804
0.921709
1.27499
1.07865
0.94309
1.05888
0.974987
1.07445
0.939866
0.797934
1.06156
0.832837
0.956611
1.04571
1.00759
0.982113
0.998158
1.08343
0.869634
1.07172
0.89778
1.04399
0.973527
0.944283
1.06161
1.03488
1.01945
0.955086
0.970024
0.90202
1.0754
1.0763
1.05808
0.957307
0.780537
1.13147
0.936869
0.903121
0.933662
1.08218
0.929789
1.00928
0.925874
0.863957
0.912995
0.981425
0.980288
1.10049
0.879961
1.08115
1.03421
0.942992
1.08863
1.08096
0.838296
0.859438
0.880348
1.03394
1.04495
1.11092
1.02288
1.01996
1.1133
0.916853
1.11912
1.04568
1.00551
0.932594
0.975097
1.0062
0.882138
1.15087
1.11693
0.977497
0.95666
1.01459
1.00728
0.989326
0.883196
1.13312
1.20766
1.00945
0.969385
0.947162
0.953719
0.957452
0.967317
0.898604
0.918277
1.01874
1.09039
1.07506
1.10297
0.948292
1.0926
0.999893
0.834493
1.01431
0.933718
0.900769
0.884167
0.899064
1.10658
0.892845
1.09875
1.02767
1.13722
0.894256
1.08439
0.821198
0.939749
1.00302
0.876702
0.853565
0.966757
1.17002
1.23578
0.954664
1.03382
1.10673
1.08494
0.779867
1.04045
1.26953
0.976456
1.10764
0.929585
0.915891
1.10247
0.87324
1.27196
0.875858
1.15684
1.09996
1.20463
0.975379
0.912607
1.04185
1.23929
0.936794
0.797567
1.1568
1.14915
0.881047
0.908365
0.965577
0.880607
1.00142
1.04575
1.01296
0.964642
1.03463
0.894927
1.12404
0.959864
1.05225
0.995151
0.937409
0.969053
0.76482
1.09787
1.04604
1.08837
0.944865
0.969476
1.01319
1.04618
0.890042
0.982491
0.933729
0.916119
1.04971
1.07454
0.996222
1.0451
0.993937
1.22916
0.852661
1.14712
0.967401
0.854707
1.01465
0.975049
1.02581
1.00145
0.980047
0.977008
1.06022
0.907938
1.09581
0.890184
1.19994
1.16502
0.915476
1.00743
0.920658
0.991238
0.872519
0.93618
1.01224
0.987228
1.14462
1.09833
0.951246
0.817484
0.962873
0.994172
1.07731
0.989963
1.03566
0.95809
0.943448
0.963182
0.907105
0.95102
0.904982
0.960576
1.073
0.926284
0.964524
0.997608
0.959403
1.0065
1.16847
1.03748
0.981965
1.05856
0.941405
1.02235
0.948952
0.892542
0.874156
1.05874
1.07138
0.909176
1.02803
1.09578
1.05125
1.10585
0.945826
0.948835
0.964239
0.881803
0.931554
0.992549
0.96234
1.08834
1.03705
0.927633
1.02579
1.13421
0.91926
1.09612
1.20604
0.856468
1.09612
0.948319
0.998599
1.05309
1.18149
0.997359
1.1
0.930793
0.960432
1.1593
0.956057
0.973707
1.04809
0.927343
1.07551
0.91573
1.04951
0.892704
0.945554
0.977512
1.17651
1.15159
1.28818
1.09387
1.25265
1.02874
0.716053
1.13522
1.18306
0.970886
0.975964
1.00332
0.995025
0.927598
0.91484
1.01589
1.03547
0.928096
1.11763
1.0071
1.07999
0.927123
1.14882
0.990282
1.04418
1.08712
0.959132
1.18233
0.890537
0.867872
1.04379
0.903084
0.86825
0.984449
1.0612
1.03401
1.06952
0.837543
0.858549
0.980898
0.817147
1.18282
1.11105
1.01877
0.99637
0.991721
1.15649
0.820012
0.913328
0.920591
1.06912
1.05431
1.0174
0.996961
0.963286
1.03738
1.18276
1.03004
1.12853
1.11278
0.920012
1.26267
1.11062
0.803333
0.86097
0.967341
1.03065
1.02894
0.85978
0.979944
1.08465
1.09066
1.05988
1.10469
1.01147
0.902365
1.01309
1.07296
0.85964
0.931037
0.974869
1.08184
0.902135
1.02611
0.95749
0.966107
1.00633
0.901649
0.931022
0.889855
0.975904
0.936559
0.859597
0.833512
0.957599
0.974708
0.875477
0.905133
0.996556
1.02433
1.13817
0.944526
1.08677
0.826956
0.939969
0.952561
0.989543
0.949392
1.03259
1.18418
0.846695
1.04864
0.953984
0.936016
0.994618
1.19179
1.14494
1.1013
0.912067
0.794135
1.17977
0.870816
0.907637
0.986315
1.11635
1.01364
0.966557
1.15251
1.11847
1.0094
0.980367
0.918444
1.10747
0.946934
1.02303
0.986035
1.03464
1.08691
0.885938
1.08472
0.971803
0.994985
0.871455
0.945737
0.953506
1.00052
0.971466
1.00764
0.899347
1.00824
0.896519
0.820199
0.991731
1.0876
0.891967
1.08761
0.964028
1.07863
1.1252
0.972474
1.0683
0.934213
1.15715
0.963991
0.904671
1.04615
0.963237
1.06886
1.1139
1.05382
1.15927
1.02418
1.22031
0.735868
1.01878
0.925911
1.03786
0.999456
0.957881
0.943527
0.967428
0.999694
1.02779
0.937091
0.985181
1.07481
1.07827
1.09077
0.88439
0.901597
0.889229
0.980289
0.987205
0.93522
0.933626
0.919946
1.046
1.03606
0.963454
1.04485
1.23867
1.24188
0.896212
0.963426
0.866173
0.825256
1.03465
0.794802
1.06291
1.10159
0.973258
0.940088
1.15741
1.10181
0.890137
1.06384
1.04356
1.02783
1.09537
0.953215
0.986869
1.18258
0.880874
1.02304
0.933037
1.00612
1.09602
0.897872
0.954419
1.01401
0.962676
0.972347
1.05663
0.945023
0.956982
0.924028
0.902962
1.11097
1.06841
0.828481
0.895187
1.1301
0.961595
0.954223
0.974137
1.11618
0.998718
0.897853
0.931179
1.19337
1.01602
0.990055
1.23382
0.913785
1.09752
1.0955
0.911247
0.93493
0.975584
0.92237
1.08221
1.12263
1.06689
0.939604
0.942472
0.971437
1.05068
1.03434
1.05562
0.952668
1.20842
0.926451
0.919865
0.993541
1.04637
0.968674
1.13746
0.932395
1.04081
1.08091
0.968684
1.14291
0.930545
1.08943
0.953705
0.937843
0.873082
0.922969
1.20332
1.04454
1.05563
0.888172
0.955798
0.93737
0.938405
1.0518
0.938212
0.915166
1.04121
1.01686
0.97119
0.926913
0.936791
0.862184
0.978923
1.00763
1.23193
0.940301
0.91894
0.974939
0.984332
1.09385
1.0019
0.967959
1.06163
0.9823
1.13829
0.838413
1.01042
1.144
1.06211
0.984865
0.780293
0.922505
1.02
1.09631
1.08193
1.0336
0.961939
0.946178
1.01701
1.08931
1.05106
0.878196
1.09246
1.08389
1.08638
0.976967
1.07248
0.996993
0.820134
1.07361
0.919135
0.984464
1.00237
0.940429
1.15698
1.05987
1.24317
0.995764
0.904847
0.910253
1.05464
1.04345
0.971115
0.794513
0.956716
0.892779
0.990533
1.12491
1.09394
1.17162
1.05204
0.98126
1.04253
0.906724
0.800792
1.09203
1.08088
1.06076
0.949467
1.1551
1.09842
1.21393
0.9803
1.03661
1.22559
0.806371
1.03258
0.867713
0.99335
0.92628
0.909411
0.943803
0.904097
1.01025
0.90013
1.05057
0.762035
1.03635
1.12043
0.94165
1.01194
1.08495
1.07968
0.983156
1.15472
0.925688
0.819318
1.09785
1.15618
0.879098
0.9121
1.38534
0.978831
1.00543
1.08767
1.07076
1.01177
0.968984
1.01603
0.976161
1.2533
0.938271
0.96562
0.935355
1.05968
0.862909
0.973985
1.15673
1.05371
0.950999
1.13252
0.902641
1.05155
1.16307
0.937481
1.02397
1.03142
1.11495
0.963594
1.12984
0.962241
1.06302
0.998602
1.00358
1.106
1.02935
1.15443
0.957749
0.923012
1.05984
0.962775
0.963979
0.940552
1.02131
1.07332
0.948642
1.06012
0.976917
0.916388
0.785484
0.839068
0.942556
0.936722
0.919607
0.774406
1.02953
1.02406
0.851188
0.953619
1.05188
0.972418
0.831988
0.961007
0.816077
1.16336
0.996778
1.07553
0.840291
1.12263
0.952515
0.967364
1.06494
0.966123
0.884176
0.781803
0.860382
0.960456
1.03035
1.03742
0.960564
0.898556
0.9752
0.991902
0.985542
0.832408
0.913286
1.06888
1.08162
0.896833
0.969593
0.984681
1.179
0.927816
0.875403
1.0479
1.01955
0.92878
0.998496
1.10846
1.12071
0.98203
0.975049
1.19126
0.923203
0.894107
0.958889
0.809508
1.04641
1.09036
1.10271
0.999136
0.972505
1.01961
0.989429
0.981724
0.902348
0.954011
0.975657
0.848279
1.19602
1.03423
0.87827
0.902027
1.01093
1.20871
1.00921
0.784888
0.969777
1.03698
0.985704
1.12574
1.01657
1.1045
1.00711
0.963157
1.0855
1.0977
1.16145
0.976534
0.983178
1.16824
0.92675
1.09706
0.859288
0.986826
0.978982
1.00388
1.0316
0.925987
1.05385
0.898867
0.957946
0.99428
0.893618
0.845526
1.01051
0.969197
0.85374
1.05242
0.984154
0.976029
0.960122
0.97783
1.01218
0.992497
1.03857
1.0063
0.937849
1.00573
1.09624
1.17864
0.99752
1.02072
0.866462
1.14644
0.946363
1.06911
1.05917
0.854594
0.809771
0.77077
1.12744
0.978166
0.874344
1.08632
1.02618
0.91816
1.16904
1.04195
1.02259
1.10724
1.07067
0.950745
0.885573
0.968482
1.20664
0.951551
1.03718
0.862106
0.991423
0.922242
1.05078
0.928209
1.21859
0.97828
1.21126
0.843052
1.14778
0.896321
0.850078
0.980425
0.955062
1.11602
0.963325
0.861884
1.04518
1.01079
0.921447
0.888054
0.976866
1.13632
1.04977
0.978383
0.952106
0.897066
0.902858
0.946108
0.832902
0.891707
1.0382
1.01272
1.25349
1.12074
0.943301
1.22814
0.816688
0.903046
1.03805
0.964265
1.22877
0.931795
1.09773
1.14077
1.0364
0.920105
0.766109
1.08004
1.01839
1.08041
0.928341
0.913393
0.968406
1.01866
0.986133
0.962653
1.08875
1.03249
1.0524
1.10759
0.96837
1.00119
1.05855
1.04719
0.833572
0.918258
1.12521
1.15833
0.915302
0.882653
0.962204
1.05995
1.14007
0.925363
0.884764
0.80368
0.990682
0.953348
1.15446
1.05046
1.07604
0.866062
1.04767
1.04418
0.949146
0.811088
1.16231
0.967049
0.847692
0.951932
0.986526
1.1237
1.00901
0.984678
1.0698
0.934094
1.03512
1.09184
1.01113
1.01543
0.763566
1.0531
0.938083
1.0976
0.89718
1.04017
1.09279
0.914265
0.954842
0.90025
1.0747
1.12478
1.14101
1.00626
1.06417
1.00367
0.971042
1.05336
0.84801
0.974346
1.00461
0.981487
0.929691
1.00132
0.93627
1.02647
1.03833
0.979032
0.955927
0.953448
1.07894
1.06169
0.863772
1.10851
1.07433
1.03696
0.975618
1.01398
1.06894
1.03948
0.931315
0.903498
0.999083
1.04373
0.882724
1.07431
0.969826
1.10986
1.02599
1.09403
1.13131
1.17043
0.708782
1.30805
1.13561
0.924415
0.881654
1.09713
1.24968
1.0479
1.04167
1.08732
0.955755
0.958701
1.02945
1.095
1.09927
1.06545
1.00195
1.10701
1.13491
1.0702
0.870774
1.03251
1.03656
1.05146
1.12159
1.16076
0.870219
1.0808
0.960367
0.808286
0.991824
0.933273
0.990233
1.08671
0.885304
1.06487
0.973445
1.23235
0.974913
1.04507
0.890943
0.968386
1.14381
0.824232
1.03859
0.968951
1.12376
0.941898
0.912935
1.12741
0.876401
0.923945
0.999732
0.853075
1.03947
0.973583
1.09368
1.01335
1.0083
0.820823
0.885537
0.950146
0.992998
0.953697
1.12664
0.954448
0.91855
1.04138
0.943865
1.01642
0.964439
1.01229
0.971654
0.829255
0.861711
0.981968
1.03896
0.947343
1.0452
0.967251
1.0217
0.969233
0.91871
0.971087
1.08609
0.940887
0.883185
0.976883
1.01478
1.03723
0.990663
1.09664
0.946336
1.03786
1.06767
0.919738
0.999541
1.05487
0.915946
1.11896
1.0052
0.943604
0.931982
1.01939
1.16697
0.939776
0.903377
1.07905
0.985826
0.795014
1.00063
0.900641
1.02091
1.02302
1.06219
0.905987
0.993666
0.979418
1.12645
0.900423
0.958209
1.05833
1.07408
0.984568
1.06436
1.18852
0.874937
0.966948
1.02788
1.08664
1.02565
0.906824
0.938778
1.1989
1.06174
0.917207
1.03517
1.00296
0.872952
1.05029
0.921424
1.11739
0.987753
1.06266
1.0824
0.943506
1.08929
0.95882
0.986923
1.13427
1.06165
0.902519
1.17371
0.869983
1.03536
0.865659
1.07789
0.997572
1.08472
0.879307
0.986672
1.13831
0.849457
0.941246
0.917173
1.18119
0.987033
1.1045
1.04252
0.959199
1.03147
1.08701
0.957608
0.940906
1.05252
0.990684
1.05388
0.878456
0.823265
0.930426
1.05514
1.12195
0.874627
1.07139
1.03104
0.933874
0.981798
1.0498
0.826822
1.02663
1.08066
0.936504
1.07532
1.06718
0.935501
0.931337
0.792277
1.10015
0.858038
1.1365
0.999836
1.08674
0.994895
0.927747
0.903507
0.936087
1.13101
0.997223
0.980802
0.975951
0.87415
0.965132
0.854198
0.845327
0.970799
1.12649
1.00568
0.983389
0.996853
1.00136
0.862608
0.870865
1.0021
0.84164
0.960251
1.0425
1.08991
1.03334
0.906509
1.03888
1.09898
0.954236
1.00379
0.872613
1.02104
1.04707
0.869047
1.05146
1.07294
0.784552
1.01235
0.906466
0.917332
1.03048
0.920853
0.956486
0.890167
0.895927
1.13536
1.24159
0.99106
0.800178
0.997988
0.942551
0.958366
0.836785
0.912808
0.904942
0.950595
0.997577
1.10534
0.936095
0.965246
1.18543
0.863045
1.1836
1.02807
0.981597
0.940409
1.05026
0.87107
1.04938
1.01378
1.04891
0.965413
0.963976
1.02267
1.01243
1.05953
1.03855
1.10003
0.920535
0.935905
1.0741
1.04701
0.913014
0.880874
1.12447
1.09426
1.12023
1.05069
1.01876
1.05951
0.992442
1.00901
1.0468
1.0747
0.992823
0.917208
0.903839
1.02405
0.943259
1.02478
1.01866
1.09028
1.13001
0.958905
1.05175
0.97986
0.936078
0.906132
1.14937
0.786562
0.928069
0.949456
1.02091
0.949357
0.987865
1.07861
1.03458
0.886861
0.9469
0.954825
1.19943
0.891459
1.03515
0.832364
1.02831
0.975711
1.25502
0.995857
1.00115
1.0703
0.887151
0.801779
0.884941
0.754932
1.03439
1.06679
0.995751
1.04103
1.08055
1.16667
0.910243
1.07039
1.02453
1.06217
1.18099
0.967731
1.16866
0.878153
0.902491
1.25834
0.894474
0.787191
0.904856
1.02323
1.04512
0.962078
1.01127
0.93904
1.1441
0.9531
1.26953
1.00676
1.06232
0.910481
1.05549
1.0499
1.09594
1.04897
1.22527
0.848384
1.15355
1.04943
0.964968
1.01322
1.15792
0.898016
1.085
1.20018
1.04126
1.05296
0.89617
0.959474
0.955647
1.03877
0.859678
1.0886
1.00314
0.877985
0.998581
1.01819
1.13923
0.965565
1.00417
0.959855
0.939789
1.14974
1.11858
0.842489
0.882353
0.901811
1.08836
0.908279
1.07133
0.973624
0.968021
1.0773
0.991793
1.02232
1.03524
1.03096
1.02572
0.896483
1.09689
0.960704
1.04828
0.972902
1.03381
1.08044
1.03519
0.840031
0.974742
1.0772
0.903964
1.01582
1.01806
0.900535
0.831648
0.853194
0.974038
1.16977
1.02928
0.889931
1.06544
1.13692
1.22007
1.01484
1.16139
1.05154
0.94958
1.05549
1.12815
1.10548
1.07234
1.1579
1.19856
0.983184
1.0452
1.00261
1.12817
0.947288
0.987783
1.1057
0.884274
0.967581
1.02255
0.981083
1.00896
1.18258
0.970576
1.22968
1.06704
0.874435
0.861994
0.998647
0.982941
0.895057
1.10735
1.09914
1.01114
0.802983
0.970656
0.919174
1.21267
0.983411
1.01032
1.05712
0.951145
1.17786
1.06836
0.933334
1.04005
1.00262
0.824666
1.02575
0.985384
0.931997
1.02087
0.947972
1.08552
1.00791
0.921546
0.90773
0.987804
0.948365
1.05158
0.945737
0.835976
0.867155
0.741443
0.792525
0.835714
0.984985
1.03051
1.08802
0.883542
1.02037
0.999852
1.02261
1.03472
1.00895
1.02785
1.04935
0.922772
1.03267
1.00794
1.1317
1.03657
1.14799
1.08048
1.04745
0.910343
0.960933
1.11562
0.895093
1.02807
1.21363
0.894318
1.02814
0.937426
1.08091
1.009
0.849882
1.0466
1.05056
0.934714
0.971897
0.880505
1.0463
0.917977
0.943909
1.03835
0.984311
0.978809
1.18552
1.11298
1.15823
0.869836
1.05554
1.20542
1.01055
1.01034
0.970395
0.988002
0.847419
1.06823
1.09108
0.921914
1.03143
1.10119
1.08868
1.19283
1.14522
1.0163
0.989668
0.969131
0.855442
1.02945
1.05147
1.10339
0.807677
1.0751
1.05678
0.859262
0.938864
1.03893
0.963008
1.15639
0.938197
1.14316
0.839037
1.08105
0.993017
1.04691
1.03512
1.07357
1.11175
1.01992
0.953553
0.754951
0.8566
0.935994
0.828267
0.95639
0.818408
0.997971
0.888635
0.942861
1.05982
0.946684
1.13453
1.02808
0.852182
0.993098
1.21084
1.04289
0.973133
1.03199
1.17758
0.717602
1.37938
0.955414
0.758604
0.970745
0.949507
0.919013
1.04301
1.04412
1.062
0.925034
1.00999
0.938121
1.12312
0.943073
1.0363
0.956785
0.903699
1.14944
0.860104
0.990804
1.12177
1.03075
0.951681
0.966676
0.819969
0.945973
0.852134
0.921243
0.974715
0.977339
0.886386
1.19645
0.928256
1.06285
1.00336
0.971958
1.09903
1.01617
1.12894
1.13407
1.04012
0.975509
1.11961
1.03655
1.07767
1.00879
0.930682
1.00465
1.10795
1.01433
1.04961
1.08752
0.84316
1.07382
0.875006
0.930215
0.89955
0.901
1.04188
0.910171
1.0827
1.04448
1.06424
0.935066
0.892314
1.04478
1.02686
0.853283
1.09052
1.08093
1.03043
1.03248
1.25433
1.20206
0.910227
0.861112
1.17587
1.08708
0.998473
1.07725
1.07513
1.22349
1.03302
1.05106
0.972093
0.925357
0.927526
0.942975
1.11174
1.23245
1.0265
0.905477
1.14327
0.89368
1.1404
0.980038
1.11497
0.957027
0.940124
1.27016
1.12399
0.946655
1.06418
1.13051
1.08963
0.893179
1.0666
1.05551
0.955146
0.910737
0.785153
0.920333
0.987551
0.985047
1.03016
1.01792
1.05731
1.02628
0.781648
1.05578
1.08799
0.787919
1.06166
0.995912
0.950118
1.25121
1.01322
1.15294
0.896364
0.937579
0.850814
1.02352
1.10371
1.3144
0.977737
0.928595
0.967752
1.07098
1.04632
0.994222
0.970655
1.0738
1.04556
1.15063
0.879653
1.01862
0.821839
1.16964
0.816932
1.05611
1.0809
0.94288
1.03565
1.02913
0.926678
1.0811
1.08895
1.1277
0.940826
0.917176
0.91468
0.960748
0.961608
0.976023
0.995681
1.08319
0.937239
1.0422
1.12402
1.04636
1.02528
0.986176
0.898808
0.867515
0.980079
0.903931
0.938684
0.938548
1.01673
0.969689
0.981666
0.988282
0.970911
1.15746
0.983165
0.896427
1.11243
1.10884
0.968391
1.20346
0.947872
0.955786
0.80371
0.893093
0.993499
0.972984
1.11643
1.03814
0.927764
1.08196
1.04895
0.956255
1.19766
1.07312
0.85056
1.03342
1.10063
0.994213
1.13332
0.969827
1.09884
0.990327
1.07675
0.985101
0.904101
0.937353
1.05791
1.04473
0.997156
1.0091
0.955891
0.908009
1.00289
1.0115
0.952748
0.97849
0.978775
0.919425
0.986513
0.894533
1.04467
1.0276
0.904071
1.07459
1.13081
0.996238
0.858651
0.970947
0.969488
1.15269
1.01118
1.02191
1.02861
1.08788
0.909228
1.00769
1.15434
1.24739
1.18046
1.03753
0.907404
0.87025
1.05897
0.984127
0.971602
0.838111
1.0131
0.895098
0.854488
0.991289
0.945858
1.03279
0.940365
1.08183
1.03728
0.987067
1.14635
1.04962
1.07705
1.07997
0.992735
0.986985
1.07559
0.800883
0.79585
1.07379
0.884048
0.925608
0.833283
1.1575
1.01326
0.84865
0.937809
1.14126
1.02677
1.04111
0.993203
1.02565
1.05405
0.814489
1.03903
0.879173
0.839492
1.09702
0.877983
1.13287
0.9321
0.995281
0.927505
0.929287
0.955221
1.04351
0.91229
0.912938
1.07672
0.884781
0.916951
0.851856
0.923159
0.970644
1.03608
1.01398
1.08915
1.10642
0.845245
0.836195
1.05073
0.914168
0.884507
1.11264
0.931669
0.830995
0.876831
0.955614
0.928766
1.01119
0.993643
1.15268
0.885744
1.11338
0.935315
0.898411
1.05564
0.973253
0.967715
1.16042
0.983759
0.887793
0.974432
1.09842
1.04849
0.993069
1.08728
0.880739
1.06504
0.898515
0.938633
0.928707
0.821611
0.948023
1.08115
1.06797
1.02102
1.00213
0.89861
0.958743
0.861732
1.03549
0.936814
0.837445
0.998422
0.944536
1.0673
1.00568
0.977058
0.941649
0.78949
0.983765
1.0254
1.00306
0.944291
0.940419
0.918266
0.984083
0.980518
1.0872
1.20962
1.15514
1.1426
0.787863
0.944658
1.09647
1.13243
1.21401
0.967122
1.1568
1.01677
0.962109
0.882605
0.990113
1.02954
1.08953
0.917123
1.0766
1.01092
1.01598
0.942954
1.03667
0.908629
0.907398
0.932847
0.908624
0.844722
0.950995
0.987758
1.04013
0.893905
1.02654
0.937433
1.04929
0.983132
1.14993
0.825747
1.0023
1.04761
1.06501
1.02697
1.0436
1.03146
1.04314
1.05813
1.06441
1.02371
0.897912
1.04715
0.937993
0.923866
0.924065
1.18699
0.990273
0.9809
0.873259
0.874207
1.06079
1.00525
0.89178
1.01275
0.952917
0.955515
0.898616
1.05902
0.976211
0.915078
1.07772
1.07127
0.991833
0.98485
0.988192
0.933402
0.954694
0.986812
0.937644
1.18357
1.02408
1.0781
0.948958
1.05229
0.892527
1.08323
1.13594
1.10959
1.16026
1.11068
0.944341
0.950422
1.21079
0.952437
1.05735
0.962734
1.02599
0.992948
0.949337
0.94753
0.994168
1.04477
1.15203
1.15339
1.04388
1.19441
1.05222
1.02147
0.86322
1.01847
0.914273
1.04612
0.937424
0.915899
0.961283
0.895193
1.11971
1.01992
0.817635
0.916469
0.84802
0.876955
0.896634
1.02652
0.926321
0.867067
0.880023
1.16427
0.990474
0.973755
0.999775
0.844355
0.96626
1.04423
0.915297
0.927895
0.996633
1.0652
1.14829
0.999157
1.11454
0.99185
1.01429
0.954461
1.08621
0.997652
1.01032
1.01507
0.963801
0.807629
0.935924
1.13443
0.912411
1.00124
1.11411
0.971367
0.938946
1.07277
0.964962
0.941342
1.11852
0.948372
0.95183
1.01638
0.958135
1.18329
0.992613
1.10923
0.808293
0.924858
0.9756
1.0663
1.04482
1.19218
1.14436
0.963828
1.09403
0.86876
0.974027
1.00924
1.07379
1.31875
0.863528
0.98964
1.04718
1.00355
1.13757
0.949339
1.06761
1.00701
1.09479
0.983299
0.97663
0.866564
0.952845
1.11679
1.18376
1.05349
1.02469
0.997081
0.896781
0.898437
1.00495
1.0541
1.16511
1.12816
1.1882
1.20425
0.933926
1.02168
1.04639
1.04534
0.887308
0.889565
1.13327
0.89521
0.944851
0.918376
0.932762
1.03926
0.870387
0.948572
1.03966
0.927351
0.886264
1.0759
1.04774
0.9517
0.724461
1.01424
1.0792
0.910617
1.14134
1.0523
1.00823
0.991269
1.14916
1.08357
1.04971
1.0728
0.993566
1.07569
0.902526
0.836786
0.923826
1.0263
0.826661
1.00453
0.928615
0.74717
1.04644
0.941565
1.10427
0.943094
1.16127
0.856718
0.963407
1.09783
0.962303
1.15456
1.04761
1.23854
1.03095
0.856492
1.00563
0.916948
0.955786
1.03884
0.909278
0.757765
1.0312
0.861088
1.12533
1.06163
1.14365
1.05943
1.05069
0.887151
1.20753
0.974635
0.93316
0.926664
0.967929
0.936531
1.00661
0.832966
1.04618
0.866356
0.946366
1.20222
0.965564
0.868951
1.09236
0.915633
1.10539
0.913998
1.16707
1.10583
0.955163
1.15949
1.07599
0.895825
0.976025
0.99889
0.791574
1.00729
1.0836
1.02038
0.990983
1.00408
0.955373
0.935745
0.86198
1.05251
0.90981
1.01438
1.0467
0.947989
0.952064
1.02462
1.06979
0.986827
1.24905
1.0383
0.916704
1.09682
1.03651
1.14332
0.970006
0.900929
1.05948
0.940362
0.731118
0.990106
0.874182
1.21689
0.873357
1.12248
1.06663
1.15833
0.948882
0.894484
1.12156
1.06542
0.992886
1.04281
0.939326
1.10879
0.995247
0.992764
0.854674
1.17156
0.985665
0.903775
0.877637
1.12912
1.02046
1.06072
1.14819
0.793579
1.10978
1.20434
1.00744
0.947968
1.03203
0.957787
0.931664
1.04365
0.955738
0.999369
0.839957
0.895154
0.900991
0.945339
0.928665
1.00913
0.881445
1.27037
0.877795
0.999353
0.850241
1.0951
0.892072
0.965797
1.08887
1.05655
1.03964
0.982023
0.863147
1.1482
1.04568
0.968975
0.880536
1.02343
1.05598
1.02377
0.902069
0.900125
0.956651
1.10909
0.965409
1.16353
0.976159
1.13634
0.823832
1.03736
1.11843
0.860496
1.10712
0.959316
1.12094
1.14184
0.879243
1.16707
1.10127
0.954766
1.16329
1.00174
0.966339
0.876197
0.999597
0.801412
0.971016
0.896107
1.11883
0.959822
0.953365
0.939741
1.00591
1.17125
1.16052
1.07442
1.03834
1.07107
0.99792
1.13536
1.15466
0.959504
0.972378
0.972748
0.971712
0.971961
1.15791
1.11538
1.05483
0.985515
1.11539
0.921083
0.950059
1.05184
0.988518
1.01062
1.01028
1.14608
0.899327
1.03705
0.974129
0.870049
0.922726
0.905849
0.836434
0.867283
1.16113
0.900089
1.00285
0.963235
0.973516
1.11809
1.21062
1.02514
1.04788
1.16225
0.864688
1.21163
0.96895
1.08105
0.918915
1.0786
0.932091
1.13797
1.0243
1.0824
0.926108
0.856074
1.08001
0.948385
0.905546
0.905834
1.03299
0.861025
0.887988
1.23814
1.12786
1.00915
1.05341
1.16541
1.22587
0.84192
1.04188
0.943562
1.00054
1.1623
0.801836
0.953847
1.02663
0.958242
0.979966
0.983663
1.18009
1.00725
1.07586
1.11331
0.785055
1.06511
1.00934
0.790076
1.04821
1.07583
0.986751
0.866178
1.0341
0.962123
0.853531
0.839724
1.03693
1.00116
1.07489
1.10613
0.934533
1.05564
1.01077
1.05078
1.02987
0.893766
0.974577
0.860454
1.04684
1.05087
1.02879
1.03657
0.899584
1.0184
0.943092
1.36042
0.990407
0.833233
0.852533
1.05428
0.874342
1.04351
1.08231
1.11575
0.966381
1.16637
1.03962
1.27985
1.08845
0.857453
1.07923
1.08205
0.940369
0.987542
1.07372
0.923024
0.830635
1.13104
1.16002
0.977621
1.08438
0.965108
1.00229
1.08787
1.01869
0.793646
1.10255
0.867722
0.997983
1.00217
0.961937
0.956108
1.01099
0.988558
0.81565
0.991507
0.887783
1.16371
0.994632
0.852768
1.06021
0.97666
1.03716
0.940077
1.2743
0.916853
0.877115
1.01667
0.945623
0.839135
0.983926
1.09303
1.06482
0.931511
0.989879
1.16043
1.05178
1.05395
1.01807
1.04627
1.06838
0.926716
1.05794
1.18825
1.10991
0.984642
0.965016
0.897996
0.988273
1.10818
1.00486
1.02504
1.10546
1.01841
1.09712
1.02096
1.06123
0.974079
1.05927
0.900452
1.11281
1.02944
1.11471
1.06723
0.961774
0.870401
0.850775
1.06694
0.889141
1.01035
0.946664
0.826513
1.18367
1.12211
0.950764
0.965484
1.12035
0.999019
1.02462
0.991008
0.794336
1.07155
0.977104
0.885178
0.935676
0.971226
1.18264
1.00612
1.00627
0.930434
1.21591
0.995188
0.96704
0.951475
0.935788
0.854423
0.967873
0.992571
0.901662
0.892564
1.1552
0.998826
1.06651
1.06983
0.970108
0.886297
0.924918
1.09818
0.989124
1.16784
1.20244
1.10122
1.03194
1.1182
0.959232
1.02138
0.922603
0.978644
1.08977
0.991992
1.05657
0.88754
0.879063
1.04204
1.05496
1.0247
0.851228
0.806124
0.936376
0.833798
0.959007
1.08444
1.01963
1.14772
1.01743
1.00444
0.932175
1.0732
1.04102
1.05308
0.955817
1.03411
0.926832
1.05449
1.03579
0.979836
1.09846
0.9189
0.984588
0.8773
1.0418
1.11992
0.913662
1.00622
0.986311
0.922599
0.955979
1.07089
0.995719
0.97288
0.836571
0.905357
1.21531
0.999117
1.04623
1.06855
0.883824
1.07246
0.981959
0.99958
1.00263
1.07441
1.0496
1.00615
1.03613
1.05639
0.956657
1.02458
1.04696
1.2098
1.07877
1.05154
0.955353
0.887368
0.918943
0.93855
1.16568
0.858545
0.998548
0.96229
0.900742
0.989078
1.06683
0.959262
0.949703
1.19857
0.94193
1.03254
0.822885
1.00948
1.00079
0.942658
1.07101
1.04582
0.987236
1.14153
0.958923
0.905701
0.948424
0.909544
1.03774
0.916115
0.934248
0.966634
1.12946
1.11689
0.895522
0.897713
1.02287
1.11525
0.98138
0.967018
1.04347
0.907264
0.958957
0.872227
1.05729
0.938096
1.08217
0.918771
1.08465
1.02473
1.01607
1.01568
0.919836
1.04136
1.04358
1.02468
0.882466
1.00227
1.01178
1.1885
0.889111
0.854503
0.955301
0.993698
0.96568
1.03184
1.22061
0.860782
0.947918
0.901444
0.966308
0.981095
0.986248
0.985688
0.984258
1.00369
0.83663
1.10842
0.994705
0.929426
1.02651
0.888679
1.12314
0.888173
1.10992
0.889298
1.1067
0.831849
0.764176
0.908236
1.00025
0.93552
1.00342
1.01675
0.903579
0.883368
0.889165
0.843208
1.00786
1.11906
0.895389
0.95065
0.78082
1.11095
0.927898
1.07329
1.04085
1.04496
1.1149
1.04416
0.939578
0.856948
1.05271
0.90518
1.04418
1.09091
0.909387
1.05531
1.05677
1.04147
0.968986
1.09147
0.999786
0.927467
1.06995
1.02635
1.0774
1.06698
1.13616
0.924922
0.968075
0.86017
0.93196
0.921476
0.923361
0.989768
1.14076
0.978928
0.85231
1.03114
1.07005
1.04151
0.946417
0.918958
0.979427
1.02923
0.992412
0.831297
1.29164
1.06496
1.03168
0.968544
0.875671
1.12611
1.02405
1.07985
1.09487
1.00459
0.966725
0.926391
1.06002
0.969344
1.20582
1.02519
1.05602
1.18931
1.00521
0.96504
0.965548
1.06094
0.96283
0.993469
0.962893
0.870632
0.913301
0.927904
0.872414
0.940918
1.03079
0.95472
0.989475
0.99707
0.928652
0.976778
0.864725
1.01387
1.14913
0.9446
0.959305
0.892561
0.796233
0.969506
1.11639
1.09694
0.913779
0.995189
0.988021
0.913496
0.944295
0.954359
1.05061
1.04245
0.934166
0.94922
0.908331
1.00075
0.895009
0.993523
1.04016
0.934115
0.8984
1.03372
0.990808
0.970702
1.1799
1.04911
1.03221
1.16277
1.01276
0.926558
0.97541
0.971189
0.961653
0.933278
1.1517
1.15702
0.987292
1.01533
1.14526
0.873522
0.848089
0.893744
1.07414
0.826097
1.00484
1.07825
1.05377
0.95931
1.00995
1.04529
0.967286
0.960923
0.857713
1.1419
0.942669
1.26971
1.01084
0.893368
0.935943
0.995819
0.984154
0.90734
1.00707
1.16084
0.862575
1.04947
0.902325
1.12889
1.04759
0.922301
1.06479
0.931921
0.981693
1.08014
1.06666
1.02418
1.13626
0.824348
1.13122
1.05136
0.856871
0.985607
0.965163
1.20254
1.14436
0.838456
1.00886
0.801807
0.88879
0.952174
0.904806
1.0067
1.06929
1.03666
1.0359
0.928183
1.06508
0.974
0.926262
1.25909
1.03175
1.08321
1.02477
0.995933
1.10687
1.05273
1.15361
1.08635
1.04548
1.0084
0.910423
0.90417
1.04551
1.07179
0.948664
1.04434
0.970431
0.985271
1.13364
1.02749
1.02902
0.788576
1.02527
1.17397
0.998684
0.928308
0.987978
1.0589
0.83441
0.878323
1.22952
0.946513
1.00615
1.04714
0.888911
0.976966
1.10769
1.01064
0.883699
1.09655
1.20601
0.810957
1.06229
1.03221
1.08049
1.04871
0.886353
0.922836
0.90754
0.870057
0.819123
0.982224
1.13315
1.01081
0.905509
1.12363
1.20159
1.12602
1.07508
1.01107
1.00843
0.941416
0.97732
0.988707
1.05892
1.14579
1.03156
0.977837
0.906732
1.12373
0.904719
0.965345
0.967269
1.02739
0.997542
0.962133
0.856752
1.01003
0.951068
1.06859
1.08172
1.03805
1.10088
0.945677
0.813066
1.15058
0.926502
1.06142
1.0921
0.840426
0.963141
0.936639
0.93039
1.08193
1.02897
1.0031
1.03909
0.929153
0.846071
0.775953
1.02043
1.14931
1.14883
0.950393
1.03858
1.04767
1.096
0.876582
1.06615
0.987541
0.966808
1.02328
1.14635
0.940598
1.16245
0.92461
0.954542
0.961747
1.13321
0.980649
0.981319
1.22244
0.981227
0.966846
1.03662
1.12851
0.871451
1.08167
1.03496
1.03522
1.18997
0.916167
1.13704
1.06526
0.890207
0.811461
0.898197
1.0303
0.931722
0.978437
0.916765
0.995019
1.20685
1.09498
0.937222
0.863648
1.02173
0.853115
1.12938
0.996702
0.966852
1.14498
0.941174
0.876432
0.935176
0.90735
1.32754
1.19853
0.873561
0.944908
1.00505
0.878643
1.06637
0.913324
0.776133
0.963753
1.0462
0.988485
0.940201
0.896809
0.740441
0.772161
1.08945
1.0936
0.998565
0.888334
0.77415
1.15556
0.918337
1.00411
1.0242
0.961396
0.837102
1.06048
0.999401
0.997033
0.943611
1.1026
1.101
1.01473
1.15541
1.09613
0.953312
0.922392
0.952138
0.833975
1.04684
0.943576
1.02874
0.884599
1.18674
0.958257
0.891615
1.18032
1.03789
0.766191
1.14193
1.08877
0.96485
1.02634
0.905576
0.904088
0.955811
1.03135
0.85566
0.902667
0.877248
0.941371
0.956974
0.836888
1.0448
0.947173
0.952687
0.987409
0.922431
0.978766
0.789589
0.861574
1.11545
1.00759
0.954475
0.962455
0.981617
0.991177
1.01967
0.882676
0.960524
0.86597
1.02344
0.894081
0.987233
1.06157
1.03231
1.01369
1.02041
0.770791
1.0145
0.886858
1.04291
1.13271
1.01494
0.831644
1.07556
0.758713
1.2772
1.06795
1.10291
1.10936
1.00758
0.974231
1.16091
1.0284
1.17742
0.921247
1.01379
1.01552
0.947449
0.915281
0.927017
1.12361
0.992397
0.98128
1.06723
0.89082
1.05413
0.968553
1.08574
0.948537
1.04839
1.06883
0.956767
1.08441
1.09932
1.14418
1.1054
0.917715
1.05913
1.07064
1.0181
1.02227
0.951488
0.969845
0.91793
1.13058
1.09908
1.01781
1.02145
1.04347
1.14759
0.862333
0.918364
1.07112
1.22853
1.14348
1.07359
1.20919
1.11785
0.961767
0.937314
0.936761
0.949304
1.06852
1.15002
1.00625
0.973909
1.02839
1.14322
1.03615
1.04742
0.930095
1.09065
0.923029
0.921625
0.958339
1.07281
1.20555
1.12286
1.02191
0.916935
1.05701
0.919052
0.911916
0.890027
0.973048
0.991441
1.15476
1.14641
1.13072
1.12457
0.734874
1.02799
1.09698
0.861902
0.899006
0.962046
1.14704
0.950236
1.00396
1.13905
0.980073
0.944768
0.966152
0.98529
1.00289
1.01558
0.928962
0.9732
0.985327
0.899403
1.24066
1.0499
0.919607
1.04725
1.04781
0.933029
0.965519
0.910672
1.01639
0.90607
1.01132
1.12486
1.04456
0.81684
0.894332
0.973057
1.004
1.08478
1.02224
0.909241
0.986163
1.13921
0.887369
1.09899
1.16743
1.0477
1.01541
0.898055
1.01832
0.995642
1.13659
1.00088
1.0011
0.957814
0.910021
1.07186
0.991097
1.06801
1.00822
1.02148
1.06653
1.26198
1.02074
1.10286
1.01663
1.13792
0.985259
1.00077
0.88395
0.924704
1.07267
0.820602
1.07293
0.920514
1.01186
1.11212
1.03371
1.11294
0.974093
0.909338
1.00027
1.0885
0.991008
0.93108
1.04559
0.857967
1.17528
0.955818
1.15163
1.15612
0.892911
0.829729
1.14205
1.20249
0.953731
1.0273
0.877931
1.25531
1.09239
0.828042
0.988877
1.03198
0.923197
0.988467
0.962891
0.849583
1.09145
1.06302
1.11305
0.909793
0.886806
1.16303
0.952993
0.964706
1.13518
0.937465
1.05239
1.23545
0.93095
0.978114
0.880878
1.05514
0.953662
0.970421
1.05073
0.878481
1.09313
1.06103
0.855296
0.969114
1.07582
0.979395
0.941252
1.03425
0.88426
0.732414
0.864866
1.18177
0.958463
0.830072
1.00418
0.857914
0.957499
1.01705
0.991339
1.04992
0.991308
0.886221
1.00572
1.17902
0.935468
1.0344
0.995213
1.10705
0.955495
1.32703
1.04276
1.01084
0.816194
1.03001
0.85682
1.00381
0.942286
0.987393
0.95317
0.948964
1.20859
0.944705
0.890611
1.00548
0.90929
0.974939
1.2111
0.929678
0.990224
1.09165
0.92285
0.949765
0.988703
1.11569
1.04308
0.960297
0.988631
0.845082
0.963401
0.813179
1.11879
1.02855
1.01853
1.11351
0.943487
1.01932
0.947116
0.989992
1.09049
0.893633
0.891911
1.04835
0.879034
1.05642
0.903524
0.968666
0.894557
1.12059
0.799561
1.11385
0.93942
1.16365
1.12211
0.889496
0.926932
0.991383
1.06225
1.10116
0.918507
0.905953
1.09502
0.820342
0.965153
0.995795
1.08269
0.870464
0.972438
0.992135
1.03978
0.943585
1.04094
0.925796
0.952606
1.08296
0.949218
0.895254
1.05412
0.915166
1.05026
0.903568
1.12847
1.24401
1.01522
0.922041
0.971086
0.895262
0.801921
1.15305
0.926072
0.991231
1.01022
0.903365
0.813971
1.0891
1.02305
0.866839
0.941185
1.0641
0.881936
1.03878
1.1921
0.866196
1.15291
0.917402
0.990741
1.00014
1.00707
1.10069
1.03068
0.9958
0.8038
1.03957
0.860625
0.941498
1.15419
1.07345
0.98745
0.883019
0.955811
1.06924
0.843212
1.20335
0.944517
1.06121
0.949656
1.1479
0.941645
0.888213
1.05008
1.03345
1.05856
1.12091
1.09313
0.977577
0.998787
0.893539
0.87119
1.05826
0.852609
1.11574
0.986633
0.893265
1.10003
1.03911
0.9779
0.899076
1.01141
0.938108
0.965178
0.978946
1.05908
1.02156
1.11934
1.02973
0.930348
0.935615
0.858624
1.02347
1.08662
1.01832
0.976076
1.02044
0.960403
0.884
1.00202
0.940487
0.977849
1.00525
0.973191
1.01746
1.11985
0.878454
0.946552
0.833369
1.00401
1.07629
0.927626
1.04588
0.920168
1.06926
1.14332
1.10531
0.953022
0.884988
0.881987
1.04074
1.04095
1.05032
0.96111
1.07844
1.18004
1.04034
1.04789
0.898901
0.982664
0.900189
1.06399
1.06514
1.18018
1.09359
1.03903
1.08301
1.17183
1.19283
1.07005
1.09165
0.987015
1.09986
0.849717
1.0966
0.983222
1.08509
1.04571
1.04061
1.03968
1.03532
1.1615
1.20983
1.28559
1.08633
1.00107
0.970985
1.01327
0.886334
0.904172
0.781488
1.02014
1.00231
0.944605
0.915243
1.01323
0.942969
0.946872
0.907374
0.99615
0.933502
1.05681
0.889738
0.86874
1.04056
0.891316
0.956068
1.04782
1.19202
0.914649
1.12988
0.902262
0.877888
0.854451
0.947571
0.90865
0.859503
0.929751
0.951359
1.00381
1.30294
1.04747
1.14324
1.09522
0.988577
0.897523
1.01953
0.959496
1.02828
1.05831
0.98154
1.07348
1.02678
1.13505
1.13227
1.04667
1.02089
1.05573
0.955866
1.07004
0.980346
0.99602
0.901703
0.798289
0.941371
1.09442
1.09883
1.08138
1.0959
1.07404
1.0622
1.0675
0.973975
1.18799
1.03072
1.01226
0.844372
0.984087
1.02884
1.25
1.03447
1.01368
1.13656
1.07023
0.983933
0.884239
1.05532
1.00434
0.992925
1.18313
0.938547
0.936459
0.897782
0.910505
0.86003
0.907939
0.910326
0.828875
1.23837
1.09327
0.955782
1.04316
1.00439
1.13412
1.01631
0.963615
0.981843
1.03009
1.02534
1.06916
0.872332
0.959694
0.838931
0.986918
0.969808
0.906465
1.09887
1.07812
0.851282
1.04157
0.830819
1.09299
0.963704
1.05515
0.923885
1.0226
0.885
1.05124
1.0926
0.765892
1.0711
0.89665
1.04841
1.17876
1.12647
1.00822
0.948736
1.22718
0.96388
1.00656
0.877179
0.870533
0.787832
0.961291
0.954569
0.932585
1.07679
1.10931
0.939755
0.997069
1.02728
0.884413
1.12352
1.01805
0.917097
0.960187
0.870039
0.970994
0.953438
1.21925
0.998101
0.926801
0.957779
1.10414
1.10311
0.695981
1.12978
1.04839
1.0712
0.93514
0.962419
1.02023
1.05121
1.05097
0.935632
0.878147
1.0783
1.07891
1.0276
1.04794
1.01654
1.12639
1.23261
1.11216
0.986938
0.985425
1.11285
0.990043
1.00003
1.06236
0.915372
1.11024
0.902677
0.900646
1.06733
1.14957
1.02903
1.04596
1.02684
1.11873
0.80409
1.33247
0.881037
1.01977
0.941378
0.93958
1.1592
1.11253
0.825822
0.929836
1.22135
1.13956
1.15096
1.08767
0.933135
0.981556
1.04764
1.03366
0.925787
0.883279
1.05259
0.923393
0.955222
0.940519
1.04942
0.860835
0.958564
0.955044
0.914673
1.09059
0.894084
0.897632
1.17182
0.981469
1.08861
1.09914
0.876097
0.951199
1.05397
0.946948
1.24662
0.93394
0.804879
0.899353
0.824537
1.16503
1.03818
1.14237
1.02399
1.16097
0.984476
0.983772
0.975833
0.968159
0.971551
0.830024
0.817193
0.920939
0.878734
0.860368
0.905051
1.16085
1.11342
1.12014
1.07205
0.848756
0.952534
0.84947
1.10938
1.00671
0.880576
1.0951
1.01182
1.01248
0.877498
0.906115
0.8031
0.937366
0.956334
0.823678
0.940577
0.910752
1.02386
0.981202
1.15934
0.743594
0.972288
1.05174
0.918512
1.1661
0.963498
1.04829
0.932824
1.16287
1.27088
1.07655
0.983178
1.06255
1.04459
1.14043
1.00917
1.08269
0.922497
0.941219
1.05423
1.1532
1.10153
1.11149
0.995569
0.740518
0.937379
0.893084
1.09456
1.11873
1.01457
1.16569
0.981203
0.922053
0.898629
1.01059
0.883358
0.872493
0.954981
1.12775
0.921431
1.10736
0.908115
0.820985
1.01397
0.87568
1.01817
1.06725
0.947567
0.846587
1.02887
1.02171
0.926251
0.976722
0.960527
0.996828
0.807052
1.08323
0.869186
1.1381
0.919291
0.905183
0.960274
0.84711
1.18586
1.16147
1.05155
0.965684
1.05147
1.02362
0.887765
1.1328
0.980077
0.950527
1.11196
1.03226
0.879783
0.964016
0.969948
1.07217
0.943005
0.814448
1.15984
0.952909
0.933747
0.978732
0.860584
1.20563
0.96306
0.986382
1.00748
0.933633
0.86117
0.912157
1.03967
0.92102
0.948152
1.01889
1.22022
1.10674
1.00284
1.04261
0.941744
0.993178
0.907459
1.08869
1.02663
0.84694
0.978108
0.941665
0.916771
1.05943
1.05182
1.02138
1.05258
1.06579
1.13956
1.05343
1.06774
1.03256
1.00917
0.97956
1.1798
0.914462
1.1269
1.14128
0.84578
1.07902
0.850502
0.946674
0.928924
0.927797
0.967172
0.923704
0.995402
0.903832
0.948568
0.890713
0.944057
0.988148
1.28522
1.06925
0.990616
1.00474
1.2098
1.01771
1.0397
1.05308
1.01441
0.895392
0.946922
1.18997
0.946711
0.887737
0.99649
1.00834
0.871507
1.03165
0.94898
0.849467
0.909109
0.896319
0.965714
0.993928
0.896071
0.90432
1.32293
0.940262
0.948323
0.840932
0.974798
1.09068
0.871658
0.925506
1.10095
0.893158
1.17201
0.931457
0.938773
0.982265
0.95307
0.867534
0.795147
1.0337
0.906665
0.808552
0.971857
1.04729
0.896183
0.896744
1.07732
0.974504
0.978367
0.872184
0.876515
1.09697
0.870941
0.875703
0.914239
0.889111
0.815865
0.876226
1.07827
0.995287
1.01122
1.19274
1.07155
0.918526
0.993374
0.91
1.12253
1.12157
0.894836
0.812148
1.13851
0.970964
1.0011
1.0639
1.3362
0.932556
1.00481
1.04359
1.10085
1.02967
0.964567
1.02969
0.744954
0.968462
1.09447
0.899086
0.977632
0.884622
1.02308
1.01941
0.958299
1.04063
1.15422
1.05421
0.91754
0.917347
0.989932
1.05509
0.905727
0.928914
0.965289
1.02207
1.14018
0.988624
0.822197
1.17071
1.02374
0.843651
1.01108
0.865673
0.958209
0.907558
1.20072
0.986372
1.04353
1.00743
0.98076
1.07473
0.978364
0.887375
0.875484
1.03578
0.817352
1.16841
0.986739
1.13998
0.908812
1.16494
0.678985
1.20462
1.0868
1.17484
1.04467
0.977459
1.07345
1.06798
1.01703
0.908013
1.05481
1.09682
1.15516
1.04368
1.0431
0.858736
0.932306
1.06886
0.822329
0.821153
1.15075
1.17
0.9903
1.06705
0.977776
0.987482
1.11549
0.94338
1.08086
1.07505
1.07386
0.963283
0.986748
0.987844
1.21177
0.922762
0.888718
1.01258
1.1543
0.887608
0.838751
0.910918
1.07005
1.01203
1.14567
1.01579
0.960592
1.07154
0.985061
0.853845
1.11645
0.914295
0.973315
1.05639
0.951313
1.0373
1.03176
0.912028
0.898754
0.969877
1.05427
0.843175
0.811472
1.22542
0.922924
0.9977
1.03868
0.801863
0.98737
0.979682
1.08448
0.9331
0.859006
0.765374
1.07352
0.893239
0.827517
0.99893
0.941534
0.955337
0.979269
1.04297
1.02568
1.05772
0.958715
0.939331
1.05048
0.89735
0.970364
1.02531
0.920969
0.888992
1.00934
1.04753
1.03281
0.904632
0.876168
0.98952
1.15447
0.927967
1.01263
1.08982
1.02473
0.997242
0.940548
1.05916
1.15505
0.867884
1.11219
1.10723
0.988532
1.08331
1.01238
0.9697
0.893853
0.903424
1.13814
0.9761
0.984479
1.0625
0.957035
1.06081
1.03045
0.968594
0.997627
0.839214
0.868012
1.11422
1.01481
1.14513
1.10695
1.21274
1.04454
0.960483
0.967711
1.1061
1.03195
1.02371
1.08012
0.937929
0.790915
1.0159
1.06572
1.08609
0.909806
1.24597
1.07544
0.916209
1.05222
1.05538
0.993929
1.03698
0.833977
1.05833
0.922503
1.04379
1.16814
1.0528
0.987777
0.938926
0.895704
0.853116
0.89592
1.07481
1.07907
1.03833
0.990705
0.993562
0.976095
0.93147
1.02572
0.981175
0.896398
0.980924
0.985553
0.970164
0.863603
1.0949
1.02122
0.966308
0.91791
0.978231
0.865482
0.999219
1.06128
0.970445
0.97907
1.07204
0.92099
0.961618
1.0645
0.962131
0.954091
0.984693
1.03782
0.867043
0.751545
0.920648
0.872481
1.04947
0.991883
0.994034
1.08996
0.864231
0.968646
0.996882
0.956465
0.730179
0.929777
1.03385
0.81281
0.993293
0.919563
0.868809
0.850708
1.06184
1.06721
0.787847
1.04839
0.995104
1.04028
1.06909
0.972352
0.918291
0.900895
0.868553
0.964912
0.847113
1.11025
0.874173
1.08328
1.08361
0.992967
0.829895
0.921854
1.1537
0.943652
0.746599
1.0473
1.09754
1.04523
1.11686
1.0011
1.02657
1.06332
1.00597
0.905217
0.943215
1.1543
1.13166
1.00064
1.07216
1.15557
0.869526
1.26172
0.929162
1.07369
0.945372
1.1536
1.00914
0.912991
1.04909
1.0302
0.905662
0.967679
1.01328
0.855067
1.16763
0.830057
1.1434
0.795936
0.887421
0.930435
0.926228
1.04144
0.893146
1.06463
0.936483
0.838357
0.945898
0.993504
1.0106
0.970816
0.807596
0.918276
1.07288
1.11651
0.883327
0.85862
0.861472
0.910746
1.06401
1.04477
0.792155
0.96983
1.02031
1.01409
0.903593
0.99083
0.922907
0.987033
0.888151
1.01282
1.11573
0.977918
0.909139
0.945631
0.996931
0.863597
1.1053
1.00759
1.09582
0.916787
0.895097
0.919547
0.883467
1.01405
0.959032
1.12532
1.23931
0.943426
1.03321
1.1957
1.01312
0.860798
0.959522
1.09755
1.04395
0.833073
1.03537
1.17471
0.950734
1.08023
0.955093
1.11078
1.12852
1.08267
0.848306
0.998377
0.943787
1.02196
0.932206
0.987295
0.976577
0.968132
0.998183
0.970019
0.901511
0.818553
0.913568
0.923884
1.00239
1.02771
0.967319
0.958661
0.912124
1.05855
1.05702
1.02162
0.95751
1.06557
1.10421
1.01257
0.953641
1.00568
1.11964
0.981054
0.976611
0.997944
0.964926
1.07442
1.09658
0.972284
1.01547
0.909873
0.952379
0.973105
1.00342
1.09388
1.00693
1.00446
0.925866
1.0256
0.892225
1.00295
1.18206
0.874121
0.847414
1.0706
0.919716
0.936408
0.948274
0.983069
1.0776
0.999985
1.02652
0.915968
1.02134
0.801111
0.916786
1.03829
0.979175
0.836033
1.09535
1.00309
0.892194
1.03348
0.894291
0.883552
0.927819
1.01289
1.00372
1.0038
1.0628
0.940204
0.950565
0.904159
1.0193
0.955005
0.813807
1.11358
1.01064
1.01436
0.905606
0.934975
0.97757
0.921096
1.11228
1.12001
0.755804
1.08462
0.948429
0.974018
1.09546
1.06174
0.934265
1.06777
1.02884
1.03771
0.93303
1.01394
0.862518
1.01869
1.01212
1.11782
1.03829
0.992475
0.957054
1.07219
0.906584
0.864554
0.876034
0.981313
1.14635
0.951844
0.940983
1.05348
1.26491
0.884246
0.996797
1.01916
1.04654
0.857305
0.971532
0.891573
1.01714
1.18613
1.0709
0.998374
1.04862
0.918298
0.936043
1.0763
1.02837
1.0079
0.966246
1.09765
1.07095
0.998619
0.9375
1.03532
1.01637
0.833029
1.24231
0.803059
1.10556
1.05749
1.09849
1.03718
0.944214
0.928287
1.01582
1.10335
0.819979
1.01211
0.941039
1.16599
1.06305
0.963951
0.992952
0.949358
0.995582
1.06424
0.986446
0.966578
1.14953
0.864495
0.973049
0.985977
0.951053
1.05411
0.905714
0.854897
1.02128
0.941562
0.901804
0.923335
1.21632
0.988768
1.04876
1.21649
1.01786
1.27617
1.08279
0.974657
1.03055
0.910821
1.04918
1.16459
0.990489
0.999402
1.00968
0.91115
1.18285
1.0178
0.923023
0.779615
0.945416
0.950465
1.21131
1.13165
1.15154
1.06107
1.14099
0.998383
0.944735
0.942875
1.02476
1.04133
1.08908
1.06933
0.844319
1.00182
1.10916
0.755213
1.0062
1.11997
0.87862
1.04704
1.01407
0.8673
1.0936
0.992643
1.06071
1.01216
0.911518
0.88913
0.88613
0.939132
1.02654
1.03603
0.92968
0.99688
1.07479
1.06667
1.06562
0.999912
0.851516
0.812193
1.25573
1.04842
1.09485
1.04808
1.20548
0.892772
0.938937
1.06505
0.837269
1.16861
1.13519
0.827948
0.941249
1.14217
1.15113
0.960582
1.11607
1.05287
0.932118
1.00294
1.01973
1.13684
0.958682
1.09491
1.02482
1.08298
1.23742
1.00057
0.895772
0.889845
0.981503
0.907061
0.958261
0.957158
1.02961
1.11807
0.928842
1.10815
0.945274
0.946433
0.830711
0.867769
0.962736
1.09404
0.943384
1.04086
0.97369
1.23789
0.919485
1.01475
1.0539
0.993112
0.823613
1.06913
1.12583
1.0223
0.96676
0.989894
0.893294
1.10723
1.01113
0.959456
0.990112
1.1576
1.15659
1.16412
1.05857
0.908301
0.897757
1.1102
0.985219
1.00229
1.01709
1.03662
0.965343
0.996133
1.06521
1.18955
0.960399
0.855416
1.03168
0.768719
1.2098
0.976183
1.0203
1.00075
1.11734
0.820814
1.13683
0.868998
0.954017
0.934417
0.848237
1.06448
0.965716
1.04641
1.02184
1.05746
1.01718
1.01758
1.09881
1.13391
0.966469
1.01942
1.03849
1.12878
1.06413
1.22153
1.12159
0.98115
1.07598
1.0438
0.925301
1.10291
0.94028
0.881182
0.965149
0.899646
0.973075
1.05384
0.993169
1.16844
0.94491
0.916334
0.851639
1.17547
0.963181
0.934107
0.954113
0.94945
1.20928
0.958729
0.948293
1.00393
1.01956
0.877579
0.982199
1.03829
0.94353
1.06908
0.920574
1.29529
1.1174
0.997449
0.713171
1.13752
0.948865
1.02694
1.03909
0.986105
1.04053
1.03056
1.0166
0.870707
0.841913
1.0189
0.900036
1.01523
1.10153
1.05194
1.19423
0.867632
0.970661
0.949336
1.01496
0.949064
0.94318
0.953104
0.996077
1.07764
0.943915
1.05483
1.02986
1.07108
1.03458
1.13388
0.989246
0.944744
1.02636
1.01225
0.928933
1.08177
1.07152
0.88883
0.991654
0.927097
0.915953
0.88162
1.05392
1.08719
1.03156
0.92727
1.04523
1.00094
0.867632
0.883355
0.959163
1.00106
1.09656
0.984269
0.971636
1.07974
1.22074
0.948633
0.994171
1.03438
1.04637
1.05388
1.03105
0.821784
0.993965
1.00964
1.1457
1.11057
1.05626
0.94766
0.828614
0.953379
0.930784
1.0234
1.04357
1.14678
0.919257
0.998098
1.01136
1.04739
0.950987
0.912659
0.975194
0.970141
1.11872
1.00515
0.942571
0.846412
1.06699
0.922126
0.871974
1.01051
1.02897
0.983203
0.988847
1.09144
0.952923
1.11966
0.952625
1.13429
0.937675
1.0575
0.956838
1.00746
1.10403
1.06889
1.04006
1.11758
0.962023
0.87721
0.986804
1.00257
1.13074
1.02032
1.00597
1.0727
1.01528
0.932027
0.960045
0.917567
1.07532
0.965702
0.974767
0.996181
0.921581
0.877891
0.894405
0.945028
1.10101
0.796115
0.904221
0.902935
1.12761
1.176
1.04836
1.13643
1.02434
0.959766
1.025
1.09462
0.865567
1.03215
0.847359
0.998239
1.21608
0.973607
1.05833
0.987823
0.87549
1.02224
1.11144
0.828712
1.02989
0.950567
1.11712
0.953058
0.832974
1.09518
1.06384
1.02831
1.10182
0.969915
0.93996
0.991638
0.947494
1.00404
1.00198
1.03721
0.926671
1.07307
0.923883
0.962369
0.980153
0.95933
1.18947
1.20933
1.10689
1.03777
0.81124
1.07853
0.910941
0.908919
1.03667
0.926827
0.982895
1.03742
1.06001
1.02716
1.03976
1.0992
1.09483
1.03344
0.954763
1.19215
1.13724
1.05346
0.812191
1.07614
1.08428
1.03429
0.876029
0.979846
1.0847
1.11247
1.03003
1.11805
0.927292
0.965259
1.03116
0.923185
1.05412
0.971538
1.13809
0.879045
0.852751
1.02132
1.01631
1.04078
1.00366
1.07503
0.974785
0.948742
0.948105
1.08276
1.04778
1.07502
0.857102
0.959959
1.12173
1.0122
1.06837
1.01464
0.914845
0.966906
1.02396
1.03979
0.928301
1.03014
0.970485
1.0698
0.909246
0.970669
0.991272
0.947466
0.989854
0.937628
0.904661
1.01451
0.947137
0.963305
1.01693
1.21661
0.912425
1.03536
0.963339
0.997721
0.95874
1.13222
1.16008
0.987046
0.929149
1.11169
1.16709
0.94147
0.981175
0.968009
0.993588
1.07742
1.05044
1.0357
1.18432
1.06172
0.890659
0.844314
0.895767
0.897438
1.01713
1.11303
0.871971
0.930791
0.802589
0.797758
1.00597
0.949194
0.943771
0.979807
1.00809
1.13036
0.914096
1.09797
1.26786
1.05462
1.10344
0.896956
1.12634
0.930698
0.989026
1.12802
0.949782
1.00614
0.949046
0.870688
1.00564
0.846705
1.26816
1.04899
0.810368
1.15663
1.02445
0.968049
0.989762
0.992812
0.939746
1.05523
0.934885
1.03537
0.972323
1.10476
1.03632
0.884915
0.991229
0.924453
1.07214
1.11948
0.93614
1.09852
0.979271
1.15861
0.807687
0.886776
0.858943
1.03641
0.984541
0.964619
0.956817
0.981205
0.896862
1.03116
0.934002
0.931179
0.981702
0.942289
1.13499
0.989172
0.94298
0.725978
1.12358
0.75936
1.09549
0.988687
0.957793
1.0873
0.832828
0.953603
0.905596
0.890584
1.16255
0.895714
1.07145
1.11548
0.890093
0.827687
0.897252
1.20424
0.892513
1.08717
0.98032
0.882327
1.01572
0.950678
0.909824
1.04102
1.00037
1.15906
1.00324
0.985702
1.06927
0.973556
1.11068
0.92682
0.947204
1.03857
1.12032
0.938545
1.02006
1.04743
1.03496
1.14953
1.19319
1.0489
1.04739
1.1005
0.899847
1.01902
1.16482
1.46567
0.91114
0.786014
0.888854
0.99432
1.06088
0.920636
1.04705
0.907513
1.07083
1.01415
1.0278
1.10398
1.15512
0.837586
1.06466
0.788164
1.0776
1.11244
0.913428
0.845563
0.86314
0.954666
1.10347
1.01094
0.923667
1.12467
1.15979
0.770175
0.865303
1.00486
0.938339
0.982957
1.05886
1.06577
1.09466
1.11157
1.01335
0.955795
0.884359
0.97693
0.877203
1.12596
