0.417312
0.239195
0.92199
0.868397
0.102716
1.02957
0.266841
0.575131
0.649123
0.713762
1.17955
0.244401
0.828663
0.289622
0.639181
0.8385
1.1469
1.22573
1.68626
0.694892
0.349872
0.143815
0.833629
1.02949
0.340983
0.239885
1.01075
0.164964
0.701376
0.629894
0.222557
0.230299
0.809003
1.24962
0.614739
0.726385
1.15205
0.550379
2.66439
0.827325
1.21136
1.644
0.749842
0.177462
0.319295
1.61157
0.0646482
1.86599
2.15602
0.272797
0.207272
0.926492
1.5355
1.1703
0.671898
1.21599
1.09255
0.249897
0.879854
0.445892
1.3365
0.887517
0.354645
0.801725
0.25545
1.77532
3.13429
2.22651
1.02992
0.586034
0.277986
1.83551
1.19743
0.173634
1.46556
0.212489
1.62203
0.631493
0.142849
1.01081
0.0475672
1.35047
0.391054
0.544004
0.590329
0.287843
1.15117
0.462597
1.1169
1.68573
1.58534
0.261225
1.52474
0.636144
0.668744
0.814006
0.712449
0.101987
0.402739
0.795489
0.316441
0.282076
1.06063
0.704921
0.728773
0.470886
0.129521
0.593324
0.758367
3.61303
0.819712
2.57694
0.107441
0.211219
1.99072
1.49399
1.20463
1.52047
1.29356
0.687602
2.32231
1.18744
0.107899
0.352936
2.9015
3.30292
1.33856
0.36658
0.951817
0.92394
0.932199
0.368494
1.42161
0.622851
4.678
0.412582
0.309997
0.546463
1.48837
1.20635
0.657411
0.33862
1.21308
0.418745
1.28666
0.756813
0.996081
3.35373
0.409292
0.484721
2.05044
0.635951
0.967087
3.81872
0.19542
1.13519
1.79234
1.3322
0.442351
3.26416
0.683344
0.324894
2.72157
2.44083
4.10026
0.70861
1.38614
0.720366
1.94434
0.936662
1.56351
3.19808
0.501366
0.889728
0.668279
0.999941
0.218227
0.768604
0.853155
0.702027
1.08706
0.956544
1.72874
1.13842
1.73748
2.95932
0.692057
0.356048
1.21821
0.530986
1.12822
0.759702
0.0635579
1.38244
0.950814
0.90027
1.70006
0.999634
0.352611
0.986388
0.341976
0.900317
2.46314
0.477655
1.85898
0.867429
1.66505
0.58434
0.736654
0.538441
0.000484892
0.872163
0.543846
0.625941
0.552341
0.645954
1.16851
0.780931
1.33695
0.689856
0.705317
1.41904
0.373367
1.08347
0.423398
0.505876
1.19937
1.46567
0.955563
0.424981
0.960188
0.192411
0.906078
1.01162
0.411174
0.332884
1.43945
0.404338
0.260798
0.351984
0.326073
1.4398
0.481385
0.732973
0.614696
0.83402
1.757
0.997213
1.92952
0.434853
3.03773
1.83841
0.863099
0.732879
0.694303
0.481149
1.08003
0.619661
1.371
0.917917
1.30505
0.50607
0.0724229
2.90984
0.673999
0.929459
1.90705
2.06434
0.441204
0.656842
1.18975
0.852985
1.08998
0.314098
0.469545
0.344592
0.417649
1.21446
1.03976
0.723519
1.35402
0.842881
1.00836
1.78738
0.490347
1.65394
0.528646
1.06545
1.25885
0.305062
1.3
0.547843
0.567826
0.703565
0.312666
0.0757811
1.24861
0.712685
0.140901
0.694742
1.63796
0.710654
0.539501
0.557695
0.127401
1.84704
0.697085
0.998958
0.97872
0.688357
0.591666
0.135414
0.579807
0.951494
1.58586
0.349811
2.06452
1.45048
1.22087
1.11134
0.842575
2.02162
0.234701
1.45451
0.127682
0.325364
2.58636
0.705605
0.661038
0.154141
1.25753
2.2765
0.463714
0.39138
1.60561
0.340075
1.33662
0.225891
0.0800017
0.601315
1.042
0.937117
0.742704
0.368989
0.914762
1.95316
0.429846
1.36787
1.03888
0.475211
0.949101
0.737473
0.937296
0.571829
1.0835
1.36268
1.20591
2.35732
0.753032
0.320711
0.159426
0.283487
0.472813
2.33291
0.53837
0.0918476
0.994129
0.196016
0.664422
2.24125
1.0149
0.455053
0.206201
0.697929
1.59018
0.85278
1.7734
1.02643
0.833915
1.15035
0.998686
0.467928
0.705555
0.823182
0.641201
1.04182
1.51688
1.64563
0.918621
0.891648
0.491055
0.430583
1.83696
0.743533
0.404099
1.00953
1.12629
1.27914
0.641517
0.963953
0.514689
0.459963
0.233486
1.30264
2.13737
1.13477
1.03912
0.998823
1.23722
1.55689
0.0139746
0.325263
0.9237
1.00062
0.862963
0.49201
1.75275
1.65782
0.562111
1.42523
0.354486
0.255519
1.60523
0.824828
0.0877823
0.342816
0.785833
1.42024
1.22103
1.08971
1.2025
0.10152
0.893725
1.82793
0.673934
0.621315
0.868732
0.45313
1.62012
0.388979
0.565926
0.296261
0.530879
1.60793
0.621047
0.425694
3.15156
0.439505
0.714654
0.661107
2.3692
0.411536
0.887908
1.80986
0.0459446
0.364176
0.319507
0.460885
0.842988
0.600707
0.868715
0.930162
0.167986
0.607503
0.908864
1.08225
0.245594
2.42445
0.576109
0.843631
4.82435
1.01405
0.367018
0.503328
0.300175
3.434
0.8953
1.12391
1.39687
0.373156
1.51835
0.311219
0.672211
1.11747
0.748666
1.86733
0.363061
0.41037
2.68978
0.219523
0.959903
0.925641
0.557392
1.38571
0.982585
0.733391
1.55015
0.503123
0.579454
1.27969
1.84913
1.23566
1.09103
0.36646
1.64858
0.541399
0.768482
1.1043
0.75734
1.0225
0.967546
1.57294
1.00058
0.548431
0.64296
0.422455
0.69944
2.46482
0.682791
1.34093
1.18355
0.161842
1.07961
0.299893
0.709728
1.07089
0.999317
0.834905
0.799842
1.15961
0.978264
0.317282
1.34858
1.68228
0.156015
2.91057
1.13997
0.70652
0.515129
1.64607
1.33119
0.656001
0.574526
0.869909
3.17061
1.33954
1.08311
1.70855
0.229458
0.60623
1.31289
3.24059
1.27436
0.090951
0.48016
0.621316
1.38941
1.42282
0.6261
2.16844
0.277418
1.76912
1.47132
2.00266
1.48737
2.05387
0.841912
1.27979
0.65186
2.92372
0.913681
1.07309
1.19732
0.197125
0.554555
0.563171
0.517755
0.73602
1.46286
1.54572
1.58391
0.316944
0.205789
0.471274
1.89684
0.94751
1.13286
1.0725
0.543552
0.43525
0.526623
2.04751
2.53597
1.05202
0.210806
0.314139
2.17801
0.387896
2.96254
0.435024
0.723469
1.78291
2.17573
1.02728
0.539697
0.174477
0.483794
1.10905
1.98323
2.04275
2.36
2.57938
0.381829
0.74259
1.10257
0.847664
0.213385
1.20906
0.605954
2.56651
1.48221
0.339543
0.645858
0.663173
0.467254
0.0551323
1.14604
0.846942
1.38021
0.353186
1.31296
0.332898
1.22718
0.676696
0.649827
1.43114
1.30483
1.87835
1.92795
2.05062
0.75983
0.483742
0.943105
2.01322
1.35442
0.651484
0.417194
0.455482
0.497819
0.804413
0.169315
0.788694
0.176146
1.04868
0.907877
0.440708
0.424271
0.22417
1.82599
0.612897
0.896842
0.8236
2.55518
1.36525
3.55413
1.5162
1.32017
0.41785
0.762112
2.10256
1.92974
0.718034
2.09204
0.249092
0.341008
2.31893
2.64058
0.448235
0.622524
0.334683
0.208971
1.86039
1.43668
0.5024
0.678971
0.379401
1.40749
0.788648
0.042427
0.484815
1.2298
1.43617
0.289542
0.648047
1.16837
1.42607
0.899797
1.17244
0.94585
0.514716
1.14507
0.604632
2.77989
2.37538
0.0731495
0.540316
0.674824
0.894737
0.493912
0.491275
1.25726
1.66669
1.35549
0.973766
1.46087
0.209457
1.45662
1.47729
0.32698
0.877077
0.289675
2.58903
0.612504
1.11924
0.531538
0.447725
0.256223
0.737063
0.490619
1.59601
0.416887
0.549243
1.37805
1.02275
0.477888
1.98822
0.730846
0.775846
0.864704
0.366375
1.84531
1.53572
1.8667
2.28042
0.933105
1.08402
1.10155
0.0773602
0.249321
1.82064
1.68318
0.413047
2.61669
0.277683
1.66031
0.172138
3.71444
1.6301
1.13615
0.387316
0.992596
0.860901
0.422762
0.312337
0.836112
0.286312
1.1701
0.357715
0.512673
0.410129
1.79976
0.605296
0.665168
0.664286
0.579038
0.814824
0.342347
1.6679
0.189019
1.98393
0.577262
0.962706
0.603247
0.488119
0.954199
2.17984
0.261229
2.24793
1.17096
1.87591
0.733081
1.92607
2.80388
0.503761
1.5139
3.39044
0.532423
0.635556
1.13122
0.503628
0.489088
0.180765
0.168364
0.542816
0.624023
0.988821
2.14831
1.028
2.79855
0.985735
1.39716
1.63254
0.204035
1.32295
1.85928
1.2213
0.770357
0.584201
0.469699
3.85951
1.24603
0.74577
1.29276
1.12113
1.84501
1.61377
0.429674
0.0896413
0.422333
1.42005
0.227013
0.391384
0.942269
1.36354
0.186978
2.93662
1.07918
0.197845
1.12982
1.18357
0.272528
0.4045
0.989957
0.480601
0.499207
1.28654
0.168105
1.19577
2.6397
1.57514
0.689941
0.656033
0.119527
1.38689
0.731498
1.97056
1.82828
0.459553
0.476257
0.425499
3.46369
2.3252
1.0819
0.202931
0.48712
2.30065
0.452031
1.9312
0.29122
0.901781
3.17246
0.405857
0.922729
0.0788568
0.301903
0.304979
0.333493
1.36188
0.80492
0.301437
0.517207
1.12232
2.46965
2.24057
0.0903971
1.51156
0.16559
1.12167
1.21308
0.604431
0.373377
1.12029
0.819687
0.285505
2.04678
1.80725
1.25884
1.6676
1.1801
0.620717
0.597534
0.375437
1.34379
2.06854
0.435814
0.851519
0.817263
0.686207
1.87779
0.488325
0.949552
2.17947
0.966351
0.515246
0.363823
2.54601
0.640828
1.0444
0.842706
1.23634
0.319637
0.967055
0.484909
1.05203
0.935035
1.76895
0.482755
0.611369
0.590234
1.17817
1.4426
1.59414
1.01607
1.2881
1.20962
1.20308
2.31185
0.652877
0.428686
1.76208
1.42251
1.60448
0.0709599
0.439985
1.03559
0.0296492
0.547901
1.64168
0.35796
1.43149
2.16524
0.643185
0.399682
2.05285
0.894665
0.64196
0.76288
0.303681
0.68729
0.291782
0.651635
1.21202
3.26211
1.22018
0.171636
2.65921
0.742638
1.19911
0.480903
0.816414
1.60638
1.6059
0.831157
1.34827
0.929633
1.38028
1.85905
0.271369
2.40758
1.85912
0.829732
2.35902
2.5253
0.437577
1.7538
0.0551168
3.30764
1.73965
0.978023
1.22231
0.991231
1.19156
0.967266
0.913051
2.45838
0.227566
0.929017
1.62984
2.08855
1.48637
0.830939
0.960001
0.988992
0.353962
0.757418
1.6287
0.352151
0.501723
1.34816
0.172324
1.11563
0.439489
1.13595
0.441576
0.490562
1.07025
2.44722
0.113861
0.483242
1.36568
0.619967
0.195559
0.513556
1.31069
0.865495
0.346171
0.744021
0.049105
1.96453
1.11369
2.85648
0.222529
1.67162
0.362541
2.45217
0.277427
0.788187
0.679954
1.15889
0.857356
0.813375
0.310337
1.75569
0.0947287
1.11343
0.426323
2.43561
1.57809
2.366
0.511492
3.49568
0.179729
1.25503
1.37178
3.15818
0.0796209
1.38011
0.545222
0.61911
0.29436
1.73712
0.830293
3.01605
1.34178
3.03342
0.93484
1.31358
1.72691
1.59867
0.260697
2.14524
0.329829
0.190105
0.721429
1.46916
0.944287
0.964762
0.609427
0.914373
0.215189
0.467921
2.26537
0.190121
1.17457
1.29444
0.842603
1.29956
0.738686
1.00715
0.478627
1.06585
0.578211
0.598519
0.175223
0.95612
0.232949
0.0882214
0.274267
0.876284
0.730906
0.176885
1.90242
0.834586
3.01798
0.111897
0.809298
1.39717
1.12183
0.818442
1.09852
0.87235
0.48767
1.68927
0.92798
1.09563
0.590546
0.596458
0.865708
0.990461
0.308479
2.87236
0.3798
0.406814
1.77723
1.71437
0.394494
2.60276
0.388717
0.44856
1.21985
1.40838
0.776887
0.837071
0.891278
0.312006
0.389107
3.10357
0.856022
0.0930477
0.467527
0.875487
0.771733
0.145027
1.401
1.09055
0.6279
0.683667
0.435165
0.102585
0.740509
1.69727
0.258134
0.541757
0.342404
1.54598
0.367537
2.51258
0.883779
1.16724
1.11251
0.721731
2.12006
2.22363
0.22016
1.23956
1.46214
1.60574
0.978248
0.623466
0.4868
0.764706
0.845491
2.51374
0.321457
1.20578
0.881175
0.723952
0.236635
0.790984
0.384723
0.637005
0.69509
3.05992
0.509427
1.47435
0.562351
0.550239
1.29376
0.476157
0.453752
0.414362
0.448099
0.741603
0.91272
1.13141
0.358931
2.32947
0.446989
0.986031
0.291095
0.396825
0.75708
0.279535
0.272546
0.765752
1.33719
0.755151
1.62003
0.650888
0.71992
0.912289
0.895466
0.564031
0.70538
0.35577
1.0535
1.43758
0.378302
0.723581
0.650995
1.02355
0.762724
0.484753
1.75058
0.458916
0.223771
1.22415
0.789141
1.64837
0.531575
1.54349
0.559744
1.0244
0.613917
0.999248
0.843245
0.293445
1.2342
1.46459
0.492635
0.479636
2.18471
1.3173
0.497694
0.491447
0.467302
0.255942
0.344216
1.14057
0.236491
0.675567
0.419428
0.569228
1.5369
0.626344
1.31441
0.751485
1.4237
1.15345
0.366505
0.457834
0.309437
0.2647
1.46235
0.171224
0.205212
1.59005
0.676629
0.27851
1.65826
0.165446
1.12744
1.57504
1.06366
2.52281
1.23641
1.55111
1.18216
1.89439
0.478331
0.819503
0.681857
0.0319902
0.716711
0.622066
1.17396
1.11268
1.18886
1.19479
0.850635
0.938825
1.05775
1.50348
0.372838
1.12218
1.33278
0.827762
0.448502
0.814496
1.13522
0.174132
0.875515
0.0367644
1.20352
0.685261
0.992539
1.50206
0.470073
1.14309
0.0487114
0.441137
0.631974
1.435
1.69717
1.27854
1.85858
0.684746
1.82953
0.483893
2.02327
0.515387
0.385758
0.570467
0.0805129
2.24226
1.42731
0.478922
0.768802
1.15559
2.56155
0.639821
1.04406
0.566383
0.925818
0.368458
1.14728
0.417311
3.19306
0.446803
0.40441
0.728388
0.213092
0.321889
0.32256
1.13562
0.583652
0.818867
1.31778
1.61576
1.42037
1.33358
2.00551
0.368246
0.781241
2.64723
1.72277
0.416402
0.507125
0.348155
0.99571
2.1367
0.161586
1.64309
0.812172
1.08618
0.366754
1.44536
0.974713
0.709282
0.378266
2.10518
0.550758
0.705598
1.7678
0.654844
0.842894
0.913711
0.912479
2.72875
0.292394
1.72558
1.49314
0.784499
0.816606
1.05948
0.570404
2.2403
1.40365
0.638504
1.04244
0.126153
0.757934
0.841756
0.628316
0.0692939
0.317799
0.652379
1.42269
0.764544
1.19082
0.437203
1.14979
0.148729
0.726391
0.407784
0.803118
1.53339
1.35205
0.603287
0.894474
0.845825
1.33067
0.0308815
1.22318
0.793014
0.125591
0.112674
0.300445
0.670109
1.05827
2.12953
1.5097
1.92234
0.317291
1.26787
1.67263
0.54335
1.80875
0.98817
0.564251
1.5615
1.21601
0.67045
0.137089
1.53818
1.12644
0.282105
0.712167
1.13414
0.997124
1.31735
1.11514
1.39542
1.96708
0.210685
0.926614
1.13767
0.278006
0.169071
0.384777
0.395919
0.439975
0.578423
0.571878
0.203375
1.07984
0.880035
1.7421
0.572549
2.24589
0.671349
2.91297
0.611396
0.231787
0.88011
0.718078
0.774292
1.30773
1.71955
1.0258
0.863011
0.934726
0.452091
1.30356
0.485364
0.714579
0.715714
0.719693
1.86015
1.32427
2.494
0.264563
1.86834
0.433704
1.54996
1.48489
1.32829
0.705915
0.137646
1.21459
3.91589
1.0402
0.337446
1.22488
0.487736
2.1036
0.446711
0.884439
0.928093
0.75767
1.38982
1.04714
0.826294
0.0962708
0.704985
0.701428
0.83688
0.876347
0.676894
0.117052
2.57145
1.17235
0.622226
1.12703
1.07553
0.946128
1.29804
0.433001
0.22467
2.03434
0.769712
0.906944
0.507086
1.0136
0.253376
2.53399
0.347131
0.163534
0.499515
1.29348
1.21166
0.533172
0.360209
0.163579
0.481389
1.63083
2.24049
4.14277
0.345417
0.763191
0.376433
0.568868
0.441537
0.278107
2.18051
0.178244
0.572611
0.557994
0.75406
0.619722
1.8285
0.923957
1.0292
0.709351
1.8398
0.597046
0.172766
0.392464
0.721137
1.06865
1.03272
0.17333
1.94078
0.834611
2.20915
0.676609
3.049
1.7784
1.56705
0.929633
0.0383606
2.09597
2.43995
0.660206
0.567113
0.646519
1.02508
1.20776
0.799733
2.14747
1.2054
0.801734
0.845072
3.42437
0.710445
0.54796
0.942724
2.45312
1.4945
1.28621
0.56615
1.05654
1.03592
0.127799
1.02132
0.379233
0.756478
0.982332
0.670967
0.725627
0.762443
0.198415
0.176469
1.16644
1.54194
0.710403
0.106286
0.935777
1.36919
0.520297
1.73424
0.367323
0.346372
0.443643
1.31125
0.48506
1.69625
2.2537
0.842596
3.85017
0.152814
1.44842
0.261471
1.05057
2.1294
1.55835
0.9009
0.662437
0.690115
0.246219
0.400484
1.00353
0.796919
0.217315
1.5927
0.7645
1.20001
0.0135634
1.165
1.82754
0.548287
1.37178
2.17243
1.1746
1.01928
1.57385
1.33883
1.08254
0.616901
1.17913
0.637719
1.33935
0.578127
2.20526
0.156124
2.60886
2.70696
0.719162
2.14437
2.42471
0.31624
1.56575
0.878234
1.14286
1.85671
1.21948
1.52916
0.435449
0.129405
1.35279
0.372498
0.733894
2.25602
0.354321
2.54272
1.01508
3.51764
0.532883
0.837605
1.56769
0.790996
1.61575
1.438
0.526258
1.73813
1.05735
3.73555
0.24187
1.34079
1.53211
0.72142
0.352688
1.49854
1.70382
2.01072
0.236653
0.324924
0.780704
1.63694
1.23561
2.11979
2.35217
3.06723
1.2705
1.31314
0.853172
0.411197
1.54127
1.31075
1.7057
0.746434
0.981565
0.990292
0.665171
2.26327
0.0822768
2.41528
1.60212
0.284243
0.623654
3.77897
1.10439
1.03276
0.782132
1.26803
0.786786
0.885427
1.07582
0.216401
1.56877
0.582414
0.522249
2.58324
0.484414
0.185735
0.279563
0.34889
1.02828
0.996677
0.190953
0.46347
2.26665
0.943306
0.490641
0.675323
0.640687
0.789829
0.0928535
0.49682
0.265364
0.281054
1.03141
0.473821
0.341798
1.68848
0.327258
1.34791
2.66719
0.822783
1.87701
2.31041
1.57864
0.589035
0.333115
1.08626
0.865391
1.3232
1.24907
0.823727
0.263173
1.47902
2.90009
0.706811
0.911925
1.17351
0.531496
0.79207
0.420693
1.70275
0.113717
0.994691
1.242
0.880742
0.3694
1.13197
1.76563
1.78998
3.44235
0.442623
0.230489
1.80533
2.43818
0.705568
1.50798
0.548853
0.525393
1.51073
0.665203
0.386822
0.972043
0.1704
0.836281
0.0840423
1.91802
0.255408
0.749772
1.27119
0.877915
1.62699
0.668168
0.705317
0.292313
2.14611
3.33249
1.30068
1.35506
1.02523
0.513796
0.808626
1.34734
1.39746
0.818633
0.210253
0.595892
3.29757
1.21446
0.852131
1.36102
1.99815
1.08648
0.351406
0.771274
0.871917
0.187273
0.0877528
1.15881
0.182559
2.73537
1.12083
0.791813
1.41099
0.481643
1.07198
0.892851
1.18366
1.49134
0.778293
0.925174
0.427206
0.131518
0.623165
1.04885
1.105
0.984752
0.704014
1.00655
0.330294
0.932016
1.85611
3.44522
0.30967
0.502157
2.72421
0.421682
1.03444
0.318648
0.585326
0.927061
1.80206
0.380344
0.205977
1.18043
0.0867402
0.425939
0.4282
0.768235
2.0082
1.06158
0.625201
1.11649
0.740208
0.749928
0.0533505
0.768766
0.362025
0.724556
1.54994
0.535449
1.24875
0.130103
1.10212
4.19565
0.706126
0.620936
0.657604
1.18014
1.58948
1.70388
3.29017
0.412362
1.1338
0.416435
0.969294
0.146203
0.511116
1.75974
0.94891
3.01649
1.17562
0.650339
0.482748
1.33236
1.22043
0.398526
0.120844
0.51785
0.360338
0.411888
2.11521
2.53273
0.333589
2.07676
0.568196
0.18966
0.340894
2.34893
0.477751
2.18033
1.55861
1.07964
0.885645
0.520636
1.38611
0.510245
0.282427
0.812453
1.35148
0.190409
1.30125
1.64106
0.52725
0.819169
0.537835
0.096429
0.851827
1.3843
0.425321
1.07483
3.53746
2.16618
0.527195
0.14294
0.106062
0.298843
0.719336
0.54391
0.651088
2.72703
0.343914
0.443901
0.399797
1.50097
0.768423
0.224152
0.861028
0.865954
2.09204
0.500866
0.272401
2.11536
1.69968
0.779188
1.11521
1.26547
0.255755
0.752891
0.698399
1.49845
1.58319
0.291846
1.77645
1.14738
2.0904
0.613052
0.52141
0.64937
1.46161
1.92078
1.19937
1.92111
0.406508
0.67837
0.315463
0.139406
1.24572
0.325998
1.26072
0.795109
0.286661
0.329141
0.40962
1.56069
0.517021
1.65955
0.263138
0.921578
1.28802
1.60377
0.865541
1.36506
0.855641
0.970359
0.697414
0.820636
0.728064
1.02967
2.06255
0.798118
0.230235
1.06729
0.296307
1.01432
1.68177
1.30654
0.693721
1.08509
1.68755
0.276853
0.359411
0.843509
1.16874
0.345731
0.647656
0.707123
0.98354
0.306204
0.559376
1.09582
0.513005
0.378253
0.421686
1.48176
2.48628
0.246327
1.06354
1.13476
0.610651
2.40763
0.627313
2.86913
0.346292
0.842776
0.844292
0.535707
0.895947
2.37818
1.06138
0.235373
1.85847
2.1581
3.02212
0.631053
0.611318
1.02949
0.274952
0.997492
0.949847
0.530649
1.6287
0.336859
1.78555
0.647071
0.976427
0.029576
1.21426
1.25339
2.3276
1.02359
1.52419
0.439782
1.34978
0.608344
0.727433
0.925887
0.158022
0.485244
2.99432
1.91668
0.569538
0.892963
2.49002
0.451456
0.563613
0.876245
2.33024
1.07063
0.0781945
0.38754
2.89739
0.23279
0.808622
0.847325
1.15159
0.731519
0.224451
1.27412
1.34
0.656357
1.66936
0.665843
0.121199
0.370306
1.0011
1.97965
0.0469285
0.382245
0.295343
0.54811
0.0491979
1.00456
0.806119
0.667104
0.982553
0.700906
1.09577
0.336182
1.03446
1.15932
0.722086
1.41292
1.64109
0.254122
1.45196
0.180163
0.157599
0.823613
0.478154
0.638304
0.923058
0.750857
1.24757
1.59016
0.880657
0.489149
1.17579
0.635855
1.43281
0.85837
0.370628
0.364529
1.88656
0.491544
1.6143
1.51176
0.937777
2.44639
1.63495
0.627666
1.82227
0.215976
0.566162
0.785682
0.485286
0.152579
1.23972
1.29397
2.50824
1.05294
0.902778
0.42339
2.50444
1.29596
1.59978
2.56165
1.64069
2.84642
2.91261
1.89746
0.361202
0.609011
0.520882
0.575515
1.60198
0.344814
0.131957
1.05776
0.907572
0.684429
0.272854
0.563805
1.97882
0.482631
0.961697
1.86294
1.00741
1.59532
2.0833
0.129045
1.21067
0.389515
0.149861
2.35722
0.627758
0.827787
1.32024
0.79044
0.257347
0.412454
0.0575553
0.537661
0.443788
2.58079
0.0702897
0.0930398
1.32655
0.915405
0.518269
0.860795
2.1683
1.47778
1.59196
0.699211
1.39612
1.9679
0.932218
1.29489
0.0808303
0.844137
2.17637
1.70513
0.224694
0.92083
3.2946
0.347546
0.134933
0.462346
0.708755
0.68975
0.863224
1.96206
1.61643
1.15933
1.75716
1.52935
3.47474
1.35938
0.713388
1.1638
0.158811
1.27948
2.78445
1.2738
1.41037
1.83909
0.768251
0.339432
0.468566
1.54637
0.695955
0.764802
0.898796
0.326609
0.772479
1.23626
0.606793
0.466726
1.38775
0.238652
2.94437
1.30034
0.760191
1.59995
0.228842
0.266953
0.245958
1.15105
2.06863
0.690984
0.421348
0.773133
0.660559
0.73985
4.04658
1.30108
1.04706
0.535885
0.131856
1.05039
0.273016
0.812751
0.278249
0.826085
1.40158
0.764633
0.304
0.749794
1.43083
1.60091
0.576636
1.55483
0.365783
1.8796
1.85223
0.840104
0.565265
1.28165
0.61319
0.484157
0.948088
1.09513
0.321207
1.5449
1.58585
0.762089
1.18006
1.23248
0.348255
1.75754
0.455443
0.809166
2.86142
1.02755
1.68029
1.19034
1.2309
1.20265
2.76444
1.93322
2.09022
0.9372
0.920607
0.305889
1.07592
0.58243
1.38216
0.587926
2.01987
1.92172
1.10674
2.45318
0.361949
0.947595
0.846904
0.743385
3.12693
0.271838
0.164153
1.39757
0.901841
0.576659
0.77004
0.389931
0.112069
1.69481
0.833208
0.972801
1.06098
0.560222
0.562185
0.315764
0.531015
0.397858
0.677325
0.867257
0.95124
1.36601
0.281974
1.35906
0.591106
1.53752
0.127204
1.11935
0.228855
1.23069
0.99663
1.7827
2.22598
1.32866
1.11304
0.088579
0.918781
2.59228
0.00431631
0.678002
1.50226
1.58056
1.76734
0.559921
0.611271
2.38104
2.12972
0.684749
0.296428
0.58232
0.905404
0.345248
0.868422
0.398923
1.73234
1.22475
0.98484
0.371632
1.17192
0.782262
1.19097
0.245635
0.362024
3.91123
0.199328
1.72078
0.656634
0.77402
0.871107
2.76558
0.676492
1.89164
0.885135
0.312227
0.300979
0.707482
1.99134
1.62724
0.689991
1.31359
1.01557
0.721148
0.563211
1.58177
0.485491
1.70838
0.530802
0.6905
1.52726
1.40358
2.2213
0.244285
0.581958
0.276972
0.0422609
0.238789
0.861154
0.828118
0.434729
1.80739
1.77175
1.16406
0.290797
0.388559
0.62843
1.4929
0.412974
0.594668
0.725594
1.6089
0.174865
0.785385
0.427433
0.67627
0.863836
1.07069
1.71592
2.68063
0.717113
0.554344
0.557504
1.84849
0.965383
2.34997
1.08083
0.76362
0.329621
1.45401
1.86559
0.814883
0.601971
0.971162
0.889156
0.135558
1.8093
1.56188
0.158424
1.50474
0.250061
0.548182
1.26062
2.30141
0.560679
2.1002
1.23788
0.411844
0.717915
0.753386
0.209593
0.0897918
0.413622
0.706651
1.22687
0.743135
1.9454
1.17163
0.885511
0.708643
1.54852
1.14676
0.445936
2.59309
1.41709
0.548142
1.57336
0.204256
1.09928
0.347854
2.03822
0.475584
0.965135
0.416029
0.188378
0.0856846
0.675105
0.870247
0.160506
0.0169407
1.69381
0.48106
0.990579
0.437582
0.813322
0.727295
0.624995
1.13556
0.214886
0.666385
2.65783
1.51581
0.273538
0.940496
0.696938
0.548611
0.0934611
0.45387
0.685089
2.57096
0.992731
0.326767
0.322774
0.588483
1.77126
1.85903
1.11941
2.22586
0.451034
1.14795
0.588871
0.393068
3.13459
0.348461
1.5194
0.716267
0.730203
0.202785
0.136655
0.943073
1.08424
1.43909
0.840386
0.347804
0.999727
0.897207
1.12522
0.843293
0.595773
0.307894
0.0506186
1.56147
1.37884
1.20115
0.926369
1.77335
1.44048
0.292779
0.915568
2.28018
0.896069
0.532996
1.57897
6.05556
0.598237
0.759672
0.996882
1.66864
0.17527
0.648115
0.822681
0.208641
0.715913
1.07758
0.630054
1.46586
0.66401
0.28802
0.974002
2.17542
0.26691
0.922784
0.2177
2.57091
1.16815
0.595015
0.513444
0.927884
1.98431
1.0649
0.167994
1.31167
0.374188
2.22957
0.322843
0.919885
1.44681
0.298187
1.37625
0.855368
0.55929
1.26269
0.474384
1.25727
1.61181
0.655242
1.03541
0.562084
1.39932
1.33284
1.99811
0.482351
1.74004
0.708082
0.361915
0.706379
1.29801
1.5303
0.225358
1.01849
1.97679
1.13921
0.855804
1.82971
0.658608
0.918497
1.26252
0.523663
0.903015
1.96737
2.45789
0.335283
0.998387
1.11559
1.437
0.270412
1.57676
0.701132
0.69547
0.426758
0.438445
1.60625
0.416054
1.21863
2.87315
1.78584
0.955247
2.07476
0.392881
2.55222
0.31619
1.61222
0.512156
1.06093
1.52601
1.01374
0.40278
1.09072
1.22617
0.597266
0.774268
2.39223
0.43693
0.447025
2.53881
0.482468
1.4762
0.34259
0.451937
0.386786
0.45936
0.652586
0.150965
1.03446
0.611307
0.748257
0.658816
3.17405
1.08114
1.43926
0.640862
0.47802
0.511241
1.3443
0.924279
0.465074
0.207854
1.07206
0.505949
2.57479
1.07529
0.954438
1.97404
0.834492
0.71628
0.874132
1.28606
1.19873
1.75031
0.852547
1.87655
3.73948
0.324336
1.44866
0.967276
0.868095
0.598103
0.653496
0.202753
1.30857
1.3096
0.681864
0.697007
0.414489
0.528731
1.45372
0.701629
0.196345
1.58054
0.459433
0.89897
2.31746
1.48936
1.16362
0.589628
1.56822
0.91623
0.749485
0.413057
1.46439
1.13586
1.69873
0.804342
0.412002
0.202255
0.156496
2.38678
0.447142
1.1585
0.674411
1.26364
1.951
1.29321
0.749105
0.0959294
1.03507
0.236814
0.720299
0.831294
2.85175
0.960534
0.560526
0.496593
1.07218
0.767646
1.27638
0.29004
1.50889
1.82436
1.641
0.597023
0.692225
1.39749
2.6414
1.40269
0.962191
1.11088
0.156462
0.994386
1.26319
1.1093
1.01854
0.769307
0.41428
1.69504
0.654029
2.03958
1.29252
0.10492
0.801355
0.712476
0.287374
0.0539671
1.08422
1.33114
0.358125
1.3667
1.07574
0.633059
2.8509
0.894588
0.5058
0.746814
1.47988
0.572471
1.20316
2.18346
1.94588
1.64686
2.02378
1.54331
1.46913
0.532695
2.7994
2.4332
0.53476
1.00237
1.03159
1.1367
0.0840114
1.7559
1.34706
0.424813
0.624695
1.45155
0.633068
1.41249
2.33074
0.252975
0.44008
0.731762
0.9445
0.411274
1.15974
1.61972
0.696647
0.560749
0.298442
0.769781
1.3624
0.222876
0.377866
0.581067
0.433228
1.27034
0.355703
0.431894
0.823007
1.67301
0.562501
1.82655
1.16446
1.96671
1.57465
1.57383
0.565432
0.88776
0.634542
0.781947
1.30054
1.35002
0.280628
0.625556
0.889556
0.467643
2.65393
2.18068
0.634705
1.36868
1.48047
2.66328
0.280584
0.122118
1.2701
0.387469
0.451733
0.321783
2.38979
0.352625
0.502727
0.508275
2.99667
4.93389
0.989864
2.60822
0.399593
0.673044
0.931288
0.180694
0.310676
0.498971
0.485637
0.241722
0.647473
0.33151
0.575159
0.68358
0.773057
2.3793
0.575404
3.15105
0.342456
0.723235
4.10169
0.304303
0.777583
2.42951
1.14432
0.63004
2.72113
1.31414
0.415476
0.771797
0.323677
1.14177
0.39904
0.208176
0.559016
0.592695
1.93154
4.46735
0.398865
0.238484
0.481155
1.29954
0.925665
1.63925
0.355306
0.623595
0.485542
0.652756
0.701281
0.272175
0.376723
0.262184
0.7178
1.52194
0.077507
0.713895
0.356982
0.968309
0.405552
1.9385
0.823962
0.968767
0.244946
0.922024
0.289711
0.524978
0.704944
0.970635
0.858886
0.318048
0.560745
3.19552
0.519968
0.166956
1.39181
0.364793
0.400266
0.649656
0.269223
0.144439
2.96103
2.39813
0.969887
0.368551
0.504709
1.76076
0.804842
0.955848
0.341897
0.202076
0.760311
1.28355
1.38702
0.756436
1.37593
0.905578
0.807258
2.82626
0.204062
1.25956
0.738266
2.15035
0.995496
0.712904
2.17123
1.21021
0.688356
1.82898
0.555934
1.2145
0.434317
0.769904
0.797427
1.04564
0.524175
1.44689
0.52434
0.311916
1.50602
1.43413
1.32869
0.444733
2.09477
0.32181
0.0966082
0.580656
0.152733
1.18367
0.747811
0.417698
0.353016
1.55092
1.07944
1.76481
1.7854
1.10204
0.283067
0.537382
0.331299
0.482371
0.545977
0.292062
0.725235
0.624979
2.28706
2.18046
0.564364
0.78685
0.525168
1.09777
1.43765
2.16175
1.06661
0.66174
0.353113
1.55957
1.12117
0.976659
0.780608
0.168473
0.684716
0.360433
1.1216
0.585876
0.189549
1.16983
0.293603
2.10047
0.332664
0.417688
0.40799
0.353516
1.10462
1.09438
0.629561
0.804
0.161875
0.726678
0.75414
1.74351
0.483733
0.542207
1.45439
0.571845
1.99006
0.97254
1.11248
0.603672
0.844173
1.01474
0.728555
0.466004
0.68073
0.697078
1.04781
3.12872
0.502096
0.708916
1.14974
0.480469
1.58188
1.68762
0.29067
0.559492
1.73505
1.85073
2.75617
1.66334
0.948818
0.182195
0.244689
0.304131
0.420082
0.0568301
1.21852
1.75084
0.586303
2.82455
1.11952
0.695307
0.779736
0.305539
0.377405
0.565636
1.82666
0.563725
0.29635
0.916153
0.392485
0.589251
0.762649
0.711975
0.795283
1.95981
0.427592
0.831357
1.79058
1.19035
0.529333
0.456846
0.265844
1.75083
0.51271
2.02037
0.738721
1.72253
0.946832
0.931441
2.66912
1.75636
0.599472
0.623032
1.16354
0.285984
0.527564
0.475893
1.18851
1.65509
1.9627
0.686901
0.732871
0.141448
0.814384
0.939037
1.01716
1.44515
2.16439
1.56904
1.42471
0.18865
0.455095
2.26948
0.959806
1.06166
0.645646
1.26094
2.37109
1.04617
1.32764
1.48968
1.19386
0.744781
1.06926
0.188249
0.486406
0.605923
0.318411
1.16692
1.27731
0.303385
1.3989
0.1986
0.937835
1.19952
1.12581
0.404916
0.768017
1.61346
1.35936
1.05049
1.15511
0.274497
0.724956
1.7558
0.775613
1.63409
1.72297
1.63438
0.571421
0.517588
2.08506
0.25607
0.508993
0.47974
1.43399
0.713718
0.0946201
1.53467
1.90847
1.91367
1.32799
0.921474
0.602867
0.457476
0.18249
0.783402
2.82953
0.931921
1.85464
0.760083
0.819312
0.162884
0.695117
1.19739
0.664509
0.824781
0.0941834
0.477565
1.52453
0.15135
0.162292
0.924458
0.546526
0.142488
0.776617
1.81813
0.797667
1.27354
0.485312
0.362561
0.37055
1.97303
0.367798
0.694961
1.90657
1.32052
0.103339
2.86065
1.16696
0.513996
0.795116
1.76391
1.26527
1.11707
1.47407
0.547294
0.537366
1.87181
0.450759
1.67403
0.161193
0.698932
0.913944
1.47622
1.19826
0.810071
2.64055
0.984528
1.51014
0.499012
1.20495
1.92658
0.337793
0.913312
1.15392
0.221607
0.0928644
1.09463
0.531659
0.952817
0.971043
1.83429
0.984146
0.190509
1.30992
0.218505
0.408509
0.943499
0.533476
1.10885
0.884994
0.202038
1.35669
0.63543
2.11583
1.68831
1.48914
0.823809
1.10012
1.47331
0.508277
0.345656
0.699504
0.912301
1.57459
0.166973
0.504886
0.787303
0.513234
0.681208
0.921283
0.616356
0.90209
0.909144
0.335915
0.36092
3.09989
0.0365805
1.51839
3.1126
0.263724
0.621376
0.363679
0.587038
2.33355
0.0886387
0.253796
1.45016
0.763075
1.36313
0.309835
0.971957
0.338041
1.85436
0.814184
0.615092
1.04486
0.540867
0.814379
1.69465
1.41752
0.89883
2.02178
0.562529
1.74828
0.69221
1.06327
0.738244
0.5167
1.04049
1.04586
0.428245
0.731715
1.51571
1.01334
2.52429
2.10144
0.798506
0.696448
0.308361
2.81575
0.189459
1.14153
1.51502
0.459229
1.31462
0.502632
0.822271
2.22667
1.01758
0.914274
0.684735
0.488407
0.425857
1.25698
0.454035
0.677656
1.22568
1.86299
0.481356
0.920911
0.801753
0.4342
0.235531
0.129175
0.775893
0.0806699
0.341906
0.662433
1.22862
2.3088
0.0947232
0.602027
1.49555
0.287613
0.255023
0.8463
0.129973
0.369176
0.78715
0.812191
0.541811
0.786149
1.49307
2.43621
3.10983
0.480528
0.39409
0.801135
0.428267
1.92711
0.500626
1.79841
0.618639
0.932631
0.151225
0.711324
0.629801
0.349268
0.750046
0.751119
1.47681
0.147148
1.22001
0.628235
4.81614
1.00814
0.467575
1.03086
0.581712
0.522041
0.156971
0.588408
1.66589
1.65547
0.498488
1.00965
0.77752
1.25924
0.825642
1.30605
0.747071
1.15273
0.757118
0.325656
0.323349
0.308922
0.18092
1.42639
1.83544
1.62747
0.441545
0.875848
1.15712
0.765799
0.244614
0.934793
1.11671
1.53075
0.37582
1.23513
0.663773
2.54997
0.773996
1.2753
0.827615
1.15119
0.872727
1.32788
0.102541
0.748012
0.343863
1.33803
0.720228
1.29746
1.04673
0.641051
0.346843
1.93595
1.52742
0.232745
2.47907
0.767022
0.401147
0.516397
0.701958
0.506407
1.29933
0.485904
1.07883
0.329617
0.981271
0.847195
1.35067
0.601182
0.650867
2.47225
0.835443
1.85828
3.06529
1.20932
1.28826
1.34805
0.796042
0.74802
2.29837
1.58999
0.286519
1.2452
0.626191
0.361141
0.138306
0.55822
0.701888
0.758131
0.234879
2.17008
1.61129
1.31657
0.257753
0.152481
0.862851
1.44718
0.797361
1.31827
0.876904
0.243986
0.550877
0.638442
1.38697
0.268364
0.432519
0.577217
0.40254
1.38908
1.5065
4.52601
1.29885
0.315594
1.12508
1.12268
1.13134
0.236125
0.285854
0.61517
1.72479
0.833355
0.134991
0.745038
0.159903
0.862728
1.34791
0.677362
3.44558
2.85271
0.347092
0.261646
0.650027
1.94949
1.69044
0.402496
1.25987
1.20151
0.691021
1.43719
2.10984
0.558086
1.4733
0.418579
0.685849
0.590576
2.19109
2.12159
0.688782
0.999618
0.850592
1.6306
0.375544
1.82988
0.792411
2.312
1.41036
0.552313
0.265446
1.20686
0.64869
0.603116
0.808377
1.07007
2.41387
0.984923
0.303152
1.28924
1.25092
0.627557
2.50741
0.696756
3.62918
0.820602
2.40686
1.63231
1.58728
0.87961
0.570253
0.975459
0.7059
0.128227
0.467678
2.12909
1.17095
0.720696
0.149429
0.143218
0.892301
0.306016
1.12656
0.518803
2.19885
0.810353
1.90831
1.27242
2.10827
1.25776
1.03436
2.68177
0.134415
4.28257
1.7729
1.13777
0.556091
0.89663
0.188687
0.336315
0.650901
0.687193
1.19639
1.14827
1.69313
2.55477
1.02959
0.11737
0.400955
1.43404
0.71984
0.421165
3.11703
1.00354
2.47939
0.171821
0.875855
0.885302
0.465387
0.549727
1.28982
0.22228
1.01601
1.76906
0.995973
2.0008
1.17913
0.807482
0.784241
1.46632
0.560548
1.06219
1.73932
1.20524
0.394339
0.291099
0.893008
0.542783
1.8505
0.474207
1.18134
0.826081
2.5423
0.546374
1.25873
0.598957
1.36189
0.683779
0.430236
1.11709
0.463438
1.33719
1.4939
1.17646
1.85881
0.270204
0.781087
1.09386
1.37017
1.09528
1.20117
2.00908
0.114964
0.677497
0.603524
0.332511
0.584508
0.563502
2.51776
0.642421
0.349322
0.107489
0.314903
3.389
1.4615
1.10066
0.419556
0.362065
0.320713
0.549696
0.334591
0.874273
0.673401
1.02117
0.589268
0.747435
3.43493
2.53793
1.31321
0.860533
1.65441
1.51063
0.376228
1.93555
1.10426
0.243673
0.303026
0.022257
0.273519
0.740103
0.50836
2.07726
0.364305
0.51554
1.61982
0.224019
0.721048
0.522966
2.75288
0.0811887
0.465852
0.941794
0.38113
1.61715
1.66956
2.19037
0.253134
0.255434
2.99124
1.42
0.91758
0.650561
0.461028
0.808786
1.69325
0.210616
0.66449
0.430826
1.36755
0.875834
0.347631
1.83836
1.14013
1.20814
2.22628
0.846483
1.83403
1.46341
0.157514
0.81476
0.472313
1.35659
1.29263
0.8516
1.00424
0.582459
0.409562
0.121177
1.6241
1.58844
0.511968
0.985808
0.900582
0.411057
0.717931
1.49391
0.243039
1.26715
0.818379
1.88055
0.403194
0.466106
0.603011
1.98568
0.711305
2.18816
0.258004
0.932815
1.1218
2.33414
1.25442
0.716751
0.842502
4.23955
0.522554
0.521874
2.27629
0.7697
0.719985
0.42983
0.980687
0.721105
0.480157
0.710798
0.70208
0.318309
0.702851
0.241296
0.783104
0.621513
0.703694
0.895719
0.308818
0.550186
1.57567
0.471056
0.128093
1.44188
0.248165
1.76684
1.33495
0.864991
0.951951
1.53395
0.722171
1.02621
0.191642
1.38989
0.412806
0.258785
1.57522
1.56953
0.926688
0.190648
0.864064
1.84864
2.55643
1.80772
1.79525
0.494204
0.517668
0.836492
0.347402
2.52204
1.33952
0.318877
0.6384
1.93973
0.4362
0.760111
1.28439
0.435466
0.947976
0.729002
1.25004
0.341065
1.756
1.33172
0.281399
2.07741
0.962458
0.62803
0.930929
0.120963
0.726764
0.28874
0.580447
1.17022
0.872795
1.84082
0.652149
2.05407
1.34063
1.22785
0.462269
1.68223
0.580436
0.247073
1.20541
0.812124
0.529942
0.973337
1.65588
3.00984
0.74335
0.604312
2.65206
0.843739
0.847318
0.551449
0.342257
1.04568
0.648662
0.482744
2.51137
0.810535
1.31262
1.22642
1.38353
0.776515
1.0748
0.977995
1.09319
1.2576
2.08017
1.20651
0.77252
1.38014
2.89863
0.369916
0.773385
0.282108
0.400123
0.637854
1.09907
0.631535
1.17086
1.44026
0.855702
0.801353
0.376761
1.6701
1.04959
0.285133
1.73868
0.759399
0.272769
1.40191
0.177516
0.193211
1.86331
0.632362
0.881889
0.305733
0.508424
0.427726
0.12604
0.61623
1.9953
1.16247
1.12293
1.01594
0.348924
1.55696
0.0754308
0.598674
0.804756
0.538233
0.786124
0.209195
0.706188
0.940515
1.62825
0.800491
1.49954
1.39812
0.204072
0.342859
1.10815
0.60713
0.208113
1.64849
1.82494
0.519676
1.24614
1.11909
0.453009
0.349276
0.556589
0.818233
1.33245
2.43662
1.6909
0.283225
1.14435
0.484375
0.521145
1.25865
0.766825
0.559563
0.549891
0.636433
0.142715
1.34606
0.893713
1.14937
1.34892
0.752425
0.84805
0.373017
0.312692
1.97334
1.3569
0.186685
1.64085
1.28613
0.518229
0.860669
3.07825
0.866564
0.238682
0.378227
0.966592
3.15014
1.16359
0.951753
0.673343
0.698302
0.38947
2.37098
0.0494106
0.783213
0.121256
3.45947
1.82387
0.132475
0.217226
1.75878
1.72651
1.59042
0.272356
0.754687
0.536386
1.04613
1.43189
2.05654
1.80799
0.425464
0.154518
0.944158
1.34097
0.46259
2.16765
0.658285
0.634421
0.0980201
0.982799
0.579015
0.456978
0.715001
1.11796
0.302425
0.689037
0.299248
0.553409
0.740173
0.668403
0.349869
0.753037
0.248751
0.387933
0.746878
1.55976
2.04642
0.987703
0.312578
0.221936
0.30629
0.570505
0.581164
1.4536
0.310137
0.454761
1.43022
0.933636
1.26076
0.847257
0.564637
0.597492
0.228508
0.773639
0.522378
0.261535
1.34885
1.23229
2.06507
1.34358
1.70204
0.461365
0.224543
0.518011
0.423468
0.464191
2.20951
0.946511
1.18689
0.396317
1.87874
0.428916
0.253284
0.88353
0.82026
1.82191
0.72033
2.97591
0.241242
0.804415
1.8967
1.32192
2.42136
2.08548
0.833092
1.03747
1.15225
0.200521
0.846755
1.29969
0.65413
1.53788
3.3498
0.988547
1.85958
0.359899
1.90106
1.08464
0.230307
0.707095
1.33883
2.59358
1.09484
0.132619
2.77789
0.655637
0.48114
0.469378
1.75202
0.0432197
2.62613
1.05955
1.46115
0.501235
0.591576
0.489742
0.573908
0.398186
1.01116
0.917794
1.47614
0.33702
0.475166
0.685177
2.26778
1.03419
0.434904
1.12754
0.743953
1.21026
1.67272
1.04083
0.137535
0.252257
1.02046
1.30495
0.470687
0.967898
0.2023
1.11524
0.400579
0.303377
1.31498
0.510057
1.0475
0.963013
1.07604
0.313734
1.81685
0.85798
0.46858
0.122924
1.08785
0.926421
0.79476
1.31271
1.0351
0.421995
0.801911
1.49581
0.324754
0.540501
0.839989
0.45032
0.47783
0.178529
2.19642
0.642847
1.3575
0.497602
0.122239
0.223252
0.741393
1.28329
1.54085
0.955024
1.30955
0.258809
0.0794592
1.54515
0.221807
1.83661
1.08328
1.57352
0.472577
0.740062
1.25165
2.13925
0.91625
0.880084
0.64717
1.09725
0.461923
1.1372
1.41207
1.07515
0.969788
0.741801
0.989793
0.550768
1.13925
0.936984
0.413112
0.475844
0.799019
0.727308
1.58449
1.26495
2.788
2.29344
0.456803
1.18311
0.193612
0.773822
1.38885
0.279639
0.0952447
0.465779
1.60478
0.32006
0.109582
1.57223
0.0453731
0.879228
1.05343
0.384585
0.840349
1.38348
0.966795
2.697
0.477123
1.24435
0.613811
0.300693
0.168181
1.77188
0.812139
0.210354
0.683101
1.68744
0.771367
0.568539
0.533363
0.534267
1.2773
0.268442
2.08349
0.406742
2.16864
0.409974
1.07605
0.87156
0.800522
1.20001
1.26078
0.3663
1.09702
0.905498
0.736077
1.8093
0.568211
1.09268
1.9591
0.325395
0.659912
0.660656
1.01696
0.547949
0.342398
1.00067
1.11354
0.838501
0.344518
0.392827
0.180792
0.603656
0.767562
1.4263
1.30827
0.875362
0.30426
0.65139
1.05724
0.739202
1.12896
2.08271
1.5135
0.668971
0.915289
0.534011
0.920092
1.09875
1.35894
1.41217
0.245989
1.23156
1.19082
1.03242
0.673015
0.818096
1.53969
0.752551
2.01603
0.994464
1.03318
2.16974
1.57306
1.76927
1.20321
0.508568
2.08032
1.38274
3.15129
1.42195
0.988928
1.0113
0.164929
0.458561
0.59103
0.0101912
1.04152
3.64511
0.250369
0.411524
0.646885
0.774474
0.226368
0.428183
0.360302
1.79668
0.795476
0.36955
2.55928
2.73671
1.66919
2.06607
1.14606
0.455545
0.79445
1.85054
0.926056
0.61791
4.12473
0.312327
1.20953
1.12325
0.688162
0.197848
0.7833
1.753
1.53004
0.825783
0.184189
0.698905
0.527297
1.23823
1.13183
0.355173
0.586706
1.32515
0.477207
0.817739
1.39614
0.0456578
0.274084
1.7126
1.29983
1.79366
0.717414
0.85887
0.730691
1.56157
1.49534
0.768714
0.776926
1.13543
0.724369
0.304716
1.54047
1.11506
0.0983609
0.635058
0.430869
1.75397
0.591349
0.565956
1.25733
0.392114
0.390037
0.966032
0.967889
0.935422
0.469771
0.854276
0.391589
2.81379
0.352442
0.383306
0.789089
0.686606
0.947048
2.21342
1.42077
0.307203
1.2753
1.33765
1.64525
0.914738
2.32318
0.299363
2.41177
1.74856
1.39868
0.474182
0.926095
2.78623
1.5328
0.768724
2.17101
1.00505
1.23663
0.44248
0.266798
0.770591
1.62381
0.486453
1.87599
1.23658
0.705198
1.04929
0.778203
1.8176
1.24575
1.4027
1.41044
1.24848
0.309067
2.50658
2.20313
0.709717
0.31805
0.309119
1.71843
1.06822
1.233
0.99306
0.358287
2.16421
1.25795
0.188696
1.28219
1.01698
1.13522
0.693829
1.4922
0.441538
0.197187
2.08115
1.76953
0.601697
1.14851
1.76124
0.310707
1.54137
0.840179
0.63648
0.562248
0.837635
0.619099
0.949245
3.63327
0.521002
0.79241
1.65964
0.805547
0.24338
0.786149
1.00648
0.197178
3.07743
0.122737
1.06355
0.242731
0.334447
0.829682
0.461778
0.553031
0.109373
0.898585
1.89665
0.991616
0.153562
0.901574
0.622833
0.922734
0.435147
1.04653
0.0975504
0.861178
0.807714
1.71306
0.16629
1.10174
1.74936
0.952571
0.15063
1.23685
1.50854
1.02693
0.648584
0.765752
1.35
2.25804
0.619209
0.845677
0.674709
0.952256
1.06032
1.48618
1.48597
0.496663
0.65094
0.244308
0.636131
2.16083
0.41424
0.692564
0.262827
0.889211
1.16412
0.506302
1.15236
3.82582
0.549459
2.70446
1.02541
0.436461
2.94424
1.24252
1.32424
0.396351
1.0195
0.439499
2.92861
1.49865
0.272366
0.520666
1.09688
0.295785
0.811524
1.57401
0.513355
0.86897
0.678467
1.4883
0.403082
1.36081
0.718942
0.364457
0.956969
0.741253
0.336614
0.393633
1.9684
0.804744
0.407278
0.136766
2.31262
0.530521
1.29761
1.11686
1.59789
1.91173
1.54122
1.64388
0.414512
0.136059
0.380823
2.01197
1.60219
1.11169
1.28372
0.520554
0.114133
0.658188
0.213919
0.875702
0.521542
2.35947
2.82659
1.63879
1.59878
2.30073
0.207076
1.603
0.498503
0.621617
0.55776
1.11621
2.55277
1.11776
1.07846
0.434327
0.223002
0.62061
1.83703
0.934679
0.506832
1.35305
0.335671
0.541757
1.90825
1.00494
1.25439
0.634838
0.694154
1.40637
0.88856
0.983997
1.84366
1.09979
1.02729
0.147858
1.51139
0.438679
0.917094
0.377424
1.72106
0.0857604
0.249991
0.608752
0.811922
1.5504
0.943029
2.06398
0.850928
1.49459
0.671627
0.335665
0.697846
0.899641
0.968727
1.36637
0.531837
0.524327
1.49281
1.0796
2.20706
1.70206
0.618577
0.721048
0.647491
0.391298
0.605528
0.596859
0.974294
1.93755
0.618671
0.462929
2.62476
0.409257
1.1702
0.426974
0.899158
0.0852696
0.702257
1.40112
0.986255
0.996741
0.269543
0.706054
0.337908
2.35128
3.39683
0.776094
1.19964
0.505949
1.85958
0.416678
0.229862
1.57604
1.60097
2.24516
0.12269
0.497038
0.366512
1.45448
3.02538
1.01254
0.386377
1.23234
0.394163
0.719442
0.484557
1.68183
0.795281
0.264785
2.30107
1.42074
0.0566003
1.00316
0.0972629
0.787564
1.83911
0.765909
0.274319
0.485674
0.247638
1.21294
1.71434
1.34833
0.58916
0.350223
0.919067
0.0933378
1.35038
0.752107
0.361077
0.30679
1.07729
0.985715
0.12044
1.02202
1.53631
0.460568
2.01589
0.243361
0.502546
0.76056
1.71191
1.42417
1.04285
0.312929
0.702953
0.821456
1.04342
0.172831
0.760879
2.17483
1.01672
0.629583
0.49557
0.631492
1.61892
1.40315
0.75758
0.981568
0.302162
0.642091
1.90979
0.2569
2.51749
0.356067
0.393433
1.95136
0.637054
0.127916
1.33488
1.37162
0.268768
0.631135
1.80553
0.830128
0.603815
0.75255
0.535374
0.79522
2.00286
0.60469
1.96049
0.776041
0.487286
0.534564
1.61175
0.0193079
2.17643
1.69172
2.26941
0.944659
0.51194
0.331276
2.05049
0.892484
0.725727
0.734763
0.457292
0.363436
0.350533
0.929655
1.08494
0.497332
0.749154
0.54183
0.548471
0.422547
3.5449
0.890373
1.10918
0.789957
0.771098
1.98887
0.753937
1.47557
0.293618
0.441746
0.846623
0.520635
0.887315
0.428369
0.945425
0.294703
0.352854
0.336733
0.253535
1.05449
0.797083
2.15953
0.285938
0.288128
0.300575
1.41773
0.465582
2.17822
1.19086
2.07928
2.45285
0.191923
0.287686
0.863919
0.91904
0.33361
1.31411
0.229995
2.42299
0.685629
0.138008
0.331913
0.99758
2.01122
0.723351
1.26029
0.500079
0.813846
0.300452
0.268867
0.274809
0.509327
0.735354
0.587545
1.33326
1.90754
0.245847
0.357796
0.989502
0.620328
0.511596
0.567918
1.33699
1.00858
0.314793
0.889685
2.26437
0.290462
0.524522
1.2251
2.81502
1.02474
0.137918
0.102113
1.00653
0.514748
1.0219
2.30338
0.570288
2.16849
0.692977
0.234922
0.365115
0.219142
0.604768
0.999017
0.997214
1.28058
0.297035
0.906347
0.690636
0.502329
0.358278
0.151554
0.407868
0.470519
0.462802
0.380877
0.230276
0.552732
1.69627
2.06491
0.45783
0.121769
1.06542
0.349018
1.37524
0.629511
0.926514
1.83995
0.891721
2.45839
0.417834
0.555272
0.119317
0.930739
0.932315
1.79055
2.01211
2.49044
1.29805
0.101216
1.50878
0.901609
1.27364
0.88525
0.596583
0.993676
0.468801
0.927337
2.25491
1.49552
0.829341
1.25236
1.01378
0.295515
1.74544
2.75809
1.32503
0.217142
0.240092
0.757123
3.02034
0.299251
1.71393
1.87295
1.15022
0.142108
0.808502
0.51805
0.498246
0.468921
0.474962
1.6662
0.762579
0.978178
0.715341
0.693516
0.744321
0.44832
0.803305
1.43723
0.703319
0.6342
0.45599
1.68777
0.879715
1.83743
0.215489
0.893769
0.528576
0.625337
0.756182
0.940282
0.496001
0.824275
0.286967
0.840396
0.222787
1.27185
0.388495
2.75002
0.657862
1.01208
1.57058
1.1469
0.717163
1.13779
1.95626
0.719967
1.1252
0.664581
0.514348
0.78094
1.5655
1.33616
0.877588
0.737734
0.563795
0.411928
1.63508
0.915187
0.279845
1.49132
2.02819
1.30981
2.46291
1.17626
2.18878
1.16004
0.582705
0.167059
0.860572
1.92881
1.21458
0.830619
0.42224
0.770197
1.02982
1.56947
0.0286186
2.53854
1.75789
1.06669
0.936327
0.50461
0.383603
1.27044
0.547904
1.40897
2.23457
0.464337
0.365414
0.790229
0.622701
1.73056
0.43865
0.530401
0.579139
0.29909
2.01644
1.18358
2.14826
1.73701
0.231613
0.211904
0.202033
0.709997
0.837772
1.43028
2.41237
0.195515
0.465512
0.456062
0.216664
0.883189
0.973953
0.52807
0.895763
0.864296
1.09532
0.269059
1.28919
1.25093
1.52511
0.806343
0.34228
0.415271
2.46795
1.02332
0.598799
0.696123
1.03537
0.47891
0.751063
1.67576
0.79399
1.32098
1.19931
0.248914
0.394151
0.972222
1.01776
1.26727
0.382756
0.301996
1.77952
0.407939
1.83776
1.66939
0.699156
0.16885
0.5225
1.44221
2.42931
2.66383
0.168884
0.581774
1.07457
0.645406
1.49527
0.52839
0.911597
0.805628
0.816808
0.593029
0.468114
0.250104
0.196324
0.393978
0.457162
0.252291
1.94315
3.09576
1.01958
0.784954
0.756346
1.0136
1.23068
0.379757
2.07492
0.38388
2.58606
0.466184
1.32129
1.9181
0.0844724
0.375473
1.38399
0.565739
0.758315
0.955718
0.747766
1.43896
0.672885
0.308736
1.68131
0.636683
0.263271
0.249706
3.56649
1.34119
0.422289
0.556874
1.09349
0.112392
0.2108
0.241214
0.979756
0.23055
2.85404
0.510711
0.514135
0.225486
0.807058
0.859582
0.58021
1.66755
0.138633
1.06401
1.15915
0.63042
0.880873
0.94682
0.575743
0.899644
0.685289
0.463564
0.605138
1.05068
1.80546
1.11475
0.560837
1.02987
1.12212
0.514675
1.61461
0.40322
1.31676
0.433604
0.919177
0.537329
2.46462
1.95925
1.41983
0.466421
0.729901
0.744048
0.499206
1.84654
1.27426
1.06184
0.606908
1.07087
0.429249
2.26583
0.703696
0.401989
0.337218
1.78565
1.01116
0.347207
0.6305
0.515171
0.248348
2.96187
1.10763
0.164488
2.18381
0.788763
0.942875
0.304044
0.753193
0.790793
2.06909
1.22836
0.458656
0.640617
2.22081
0.750769
2.28348
0.664302
0.497872
2.28138
0.789787
0.22055
0.620747
0.815105
0.587008
1.29367
1.45315
0.125655
2.67702
0.385837
0.509945
0.913485
0.666747
1.56685
2.6228
1.78661
0.966168
1.41841
0.860283
1.40335
3.13788
1.12508
1.82948
1.44787
0.830362
0.500045
2.00248
0.379525
1.02423
0.0448484
0.953579
1.11639
1.23347
1.00505
0.319929
0.376473
0.647269
1.00825
0.655462
0.937605
0.796212
1.26482
2.26413
0.751153
0.416626
0.86817
1.4546
1.00366
0.98314
1.06398
1.53
1.75467
0.635012
0.406082
0.570873
1.00618
1.30917
0.110011
0.631509
0.179347
1.22499
0.341617
0.718937
1.94292
1.63366
0.992545
1.63654
0.864285
0.560715
0.826182
0.613128
0.819161
0.542711
2.07632
0.151252
0.852801
0.751913
1.15373
1.54443
2.20555
1.48546
1.58307
0.759162
1.56574
1.3159
0.78768
1.74809
0.377741
1.88018
1.47356
0.521257
1.21795
0.392625
0.798154
1.90596
0.873461
2.15013
0.886372
1.58855
0.858185
2.35997
1.3117
0.852716
1.37049
0.961847
0.572064
1.74012
0.0572439
1.33174
0.278188
1.75532
1.03749
0.877312
1.30664
0.427508
1.02044
1.06213
0.656025
1.87041
1.90685
0.409723
0.0578163
2.6218
0.398603
0.418097
1.00597
1.7796
1.59641
0.593857
0.172991
0.380034
1.88216
2.17821
0.554035
1.42889
2.12
0.155662
2.26695
0.730814
1.96851
0.743404
0.514563
0.651046
0.902017
0.376622
1.05565
0.202561
0.205143
2.95473
1.05718
0.386553
0.494309
2.79921
0.271235
0.545639
0.105459
1.27179
0.728939
0.695346
0.887166
0.248341
0.272868
0.140128
2.06538
0.502311
0.326909
1.60935
0.559138
0.885324
0.418099
1.19927
2.08609
0.893023
1.08192
0.587284
2.52273
0.924915
1.78675
0.394469
0.370124
3.39017
0.385933
0.233663
0.922984
1.06799
0.550033
0.551786
0.844721
0.268512
0.153669
0.415255
0.830483
1.8848
1.46182
1.57958
1.40027
0.250973
0.923683
2.71178
0.855795
2.51863
0.676844
1.4706
1.35459
0.704888
0.538499
0.299598
0.888574
3.36769
0.440443
0.672198
0.984301
0.786083
2.5452
1.54134
0.240499
0.360695
1.81819
0.501391
1.31756
0.942868
2.76691
0.570505
0.829506
1.00654
1.60293
1.94233
0.981379
0.547741
1.85554
1.20426
0.55468
0.784332
1.46128
1.28212
1.36934
1.2483
1.432
0.789926
0.993631
2.16267
1.58631
0.542601
0.566148
1.47058
4.23181
2.46653
0.949126
0.532242
0.433731
1.70651
1.0908
0.398835
0.540811
2.22135
1.76705
0.965366
1.29785
1.15113
0.380832
0.679343
0.978067
0.552063
0.295064
0.653515
0.859417
1.19355
1.55725
0.728716
3.18991
1.12573
1.66579
1.41453
1.83202
2.47602
0.761653
0.31687
0.26474
0.703062
0.395769
1.13333
0.274472
0.238108
1.94278
1.6158
0.443267
0.044122
0.635363
1.31534
0.52683
0.248014
0.251354
0.505772
0.678458
1.48884
1.56102
1.20504
0.660771
0.622652
1.11537
0.718382
2.14246
1.04981
1.25535
0.541008
0.482064
0.629045
1.10181
2.89958
0.499937
2.10355
1.25722
0.817903
0.451548
0.709427
2.28342
1.37432
1.90687
0.205374
1.27627
0.316418
1.28512
0.457849
0.717117
1.20556
1.11223
0.301661
0.285208
2.71886
0.807578
1.03802
0.73314
0.422849
0.385261
0.206957
0.62859
0.702365
0.354108
1.48214
0.310803
0.747598
0.88913
1.83632
1.63984
1.60703
0.673047
2.52479
0.304981
1.12147
1.31364
0.915865
0.204291
3.19668
0.771492
0.849365
0.585809
5.09595
2.30494
1.72881
0.740024
0.443721
1.50057
0.552525
1.84418
4.22416
0.0660454
0.412528
0.133265
0.833533
0.695001
1.30887
0.619788
1.06458
0.289402
0.267472
2.86578
0.639086
0.804578
0.41667
0.68449
0.811921
0.397471
1.05539
1.53681
0.884031
0.58228
0.725639
0.85598
1.58908
0.561275
0.872483
0.663184
0.152078
1.2266
0.543645
0.79772
0.475446
1.30618
0.881175
0.936257
0.958237
1.4593
1.72479
2.07203
0.541556
2.43729
0.970443
0.783168
0.140815
0.62718
0.356276
0.370638
0.665429
0.349909
0.803872
0.965204
1.07962
1.48144
1.30797
2.10393
0.344503
0.666126
0.652682
0.267971
0.531629
0.876121
1.24639
0.751404
2.2729
1.11951
0.314254
1.10476
0.855059
1.2798
1.38209
1.87104
0.462001
1.91947
0.577829
1.80084
0.831855
0.741029
0.685221
3.33125
2.7643
0.444781
0.375902
3.31324
1.70682
0.699875
1.10611
0.719391
0.180524
0.378791
0.650743
0.330465
0.569676
1.2515
0.544504
0.751517
1.77957
1.10728
1.12834
1.39813
0.561359
0.704595
0.400652
0.907122
1.28803
0.59828
1.14753
0.611423
1.14966
3.29054
1.01949
0.467348
1.82322
1.38376
0.981333
0.561274
0.909856
0.26941
1.09874
1.61542
1.11905
0.144449
2.30558
0.650853
1.02288
0.279206
1.72155
2.0561
0.914731
1.42094
1.29081
0.818305
0.278094
1.36316
1.31039
1.7878
0.844213
1.48787
0.627078
1.44413
0.980522
1.07646
0.734002
0.916384
0.399761
0.855163
0.154708
2.14875
0.54792
3.29095
1.35674
0.788611
0.590779
0.491807
0.367382
0.375539
1.36928
0.887253
1.94688
0.39556
1.46026
1.08042
0.491159
0.458453
1.04085
0.873506
1.84241
0.209018
2.60582
0.606173
0.352726
0.445985
1.63043
1.02337
0.4792
3.01729
0.0526457
0.679957
3.73335
0.720844
0.304486
1.00093
1.79922
0.140315
1.19889
2.0923
1.71985
1.95786
0.664429
0.908671
0.496026
1.28976
0.340596
1.89462
1.20543
0.751752
0.309857
1.41701
1.17637
0.715495
1.25955
1.09109
0.73105
0.200629
0.798832
1.20669
0.936669
0.847584
1.09686
0.322914
1.87295
1.31301
0.51009
1.00297
0.246162
1.15287
0.575087
0.703456
0.488006
1.65063
0.898893
1.31531
1.14841
1.99087
0.765605
0.580414
0.502209
1.48292
0.404702
1.02833
3.19784
0.504348
1.75312
0.569452
0.758276
1.09856
1.64277
2.68855
1.88944
0.49836
0.167392
0.194145
0.342449
3.51212
0.630402
0.722306
0.386509
0.418169
1.36158
2.04995
0.523775
0.233246
0.790493
0.257577
2.10878
0.273737
0.473076
1.03156
0.372613
1.37678
1.31968
0.948665
0.601725
2.14958
1.13209
0.571816
0.56277
0.990541
1.07101
1.74027
1.87022
2.20327
0.755839
0.571023
2.62335
1.1524
1.74271
0.306469
1.10093
0.574705
0.894597
1.12562
0.324633
2.34819
0.712426
1.97061
0.390618
0.895622
0.163605
1.87689
1.52879
2.06978
0.276518
1.8353
0.951288
0.474473
3.68208
0.179915
2.15835
1.00762
1.9194
0.261226
0.69966
1.03986
1.75836
0.446759
0.30534
1.37371
0.528917
0.571593
0.637072
2.19944
0.700634
1.07837
1.39255
1.46947
0.891803
0.966066
0.5706
1.35237
0.542618
1.0793
1.11961
1.43909
0.675558
1.01753
1.46066
2.08561
1.85418
0.0684659
1.98185
0.503457
1.64615
1.80315
0.558801
0.733122
1.16128
0.467196
1.7359
0.240906
1.93347
0.22581
0.542649
1.61659
1.17604
2.15514
0.895169
0.510045
0.798096
1.52276
1.15306
1.40652
0.166413
1.28853
0.799474
2.61485
1.02412
0.996988
0.324761
3.62167
0.671069
0.732447
1.60833
2.32846
1.01524
1.96212
0.818368
1.77907
1.0403
1.00069
1.06221
2.97493
0.395718
1.25886
0.633961
1.7263
0.167095
1.94725
0.943976
1.10769
1.67833
1.22337
1.06138
1.11862
0.616273
0.793407
0.860181
1.10151
0.626934
0.825492
1.26867
0.498719
0.766754
0.290982
0.390261
0.272418
0.754059
0.635317
0.829996
2.4462
1.39147
0.375654
0.658639
0.563875
0.284329
1.34933
0.658737
1.54496
0.830725
1.82736
1.76443
0.697803
0.967767
0.39094
1.86815
1.8216
0.762578
0.996665
0.552126
1.6839
0.648674
0.723542
1.58887
0.964335
1.41858
1.52707
0.41219
0.679509
0.684855
1.4222
1.06604
0.762482
0.68748
0.525448
0.972023
0.587685
1.21541
0.842258
0.292471
0.182097
0.392707
1.12549
2.17357
0.968364
1.98775
0.462236
1.44347
0.70456
0.353492
1.69285
0.297076
0.950484
1.31597
0.13212
0.203949
0.225927
1.11977
0.508836
0.842233
0.816249
1.6017
1.25519
3.50207
0.3289
2.30193
1.24553
0.467955
0.151407
0.794312
2.4102
3.00615
0.639828
1.00703
0.724668
0.31019
1.14094
0.737933
1.52045
1.71874
0.93934
0.605954
0.472466
0.732822
1.39613
0.434139
0.220657
2.28159
0.455033
0.835701
0.773859
1.03613
2.19843
0.562458
0.587732
0.772049
1.25683
0.721036
0.446446
4.44842
1.87506
1.1996
0.44832
1.24425
0.9921
0.927241
2.5588
1.35842
0.815167
0.3696
0.172024
0.231307
1.15475
1.04969
1.52408
2.59013
1.42059
1.08492
1.25955
2.09259
0.370012
0.406563
0.910155
0.15119
0.175178
0.692532
0.384637
0.679935
0.520707
1.32246
0.470612
1.78555
0.816672
0.19884
0.110222
0.420359
0.957326
1.40427
0.427067
0.823841
0.395901
0.549407
2.19343
0.88695
0.817942
0.856885
1.25607
0.876332
0.607698
0.270969
0.342424
1.70397
0.460664
0.933292
1.21311
0.709051
0.410963
0.150492
0.548072
0.859254
1.61149
1.21475
0.0805072
0.27589
0.88513
0.905712
0.883597
1.31526
1.66064
0.916451
1.01116
1.63834
0.695158
1.14807
2.58359
0.344635
3.29511
1.28857
1.43088
0.793336
0.491654
1.3406
1.5653
0.801022
0.555436
0.225233
0.310577
0.23844
0.969817
0.143116
0.806128
1.97111
2.56765
0.712698
0.333344
0.889639
0.505188
0.2646
0.144306
0.338225
0.583459
0.0856796
0.407734
2.92502
0.445589
2.09035
0.11074
0.936832
0.223398
0.327388
1.64397
0.282452
0.466288
1.64652
0.128708
0.728333
0.795109
1.29233
1.38575
0.946828
0.490585
1.09302
0.435557
1.09172
0.889468
0.899565
0.444445
0.320842
2.33829
0.568432
1.81482
0.608042
1.7963
1.78855
1.65498
0.380106
0.277355
0.660006
0.305811
0.666868
0.804151
1.60978
2.46043
0.454101
0.637078
0.171537
1.91375
0.674317
0.987925
1.73974
0.161955
1.21313
0.373925
0.502366
0.635637
0.63988
0.0901809
0.70947
0.642314
0.217265
1.41188
2.35422
2.51297
0.125334
0.7341
1.02936
0.76868
0.195882
0.181256
0.409085
0.316779
0.720585
0.28717
0.750106
0.919954
0.0483606
0.696949
2.72459
0.702654
0.970435
0.177466
0.460519
0.40701
0.759773
0.740578
0.581299
1.22744
1.7592
1.63627
0.413274
1.9583
0.738968
0.586119
0.622182
0.781403
0.980657
0.225473
0.713475
0.220841
1.30619
0.768934
0.816484
0.511449
0.702656
0.803057
1.28873
0.254833
0.89824
1.41844
0.607123
1.11044
1.21043
0.74406
1.43806
0.629888
2.02684
1.34933
0.709801
2.33452
0.696794
1.78871
0.865869
2.54874
0.730276
1.68099
1.06722
0.602398
0.746206
1.72473
1.65359
1.19371
0.388345
2.44725
2.24318
0.973115
1.77785
0.649884
0.360527
0.784932
0.578166
1.54593
0.133632
0.839237
0.535367
1.09922
1.1387
0.633827
0.829068
1.76615
1.04179
0.569321
1.20351
3.32527
0.939885
0.602938
1.11404
1.63002
0.0790635
0.73439
2.70192
0.337375
0.79864
0.637558
1.22927
0.782211
2.1974
0.347066
1.21039
0.989542
1.71978
0.886211
0.415841
0.510745
0.46863
1.62624
0.996116
1.01969
0.848903
1.7223
1.49666
0.619963
1.03276
1.71807
0.916016
0.0472665
1.27281
0.333648
1.37443
1.17946
0.736111
0.858156
1.03843
1.39735
1.36457
0.44447
0.689872
0.669469
0.735107
1.57191
1.01856
0.668722
1.23756
0.734098
0.393876
1.64188
0.101926
0.127297
1.37072
0.648092
0.443228
1.37053
0.451496
1.23135
0.255736
4.20137
1.01244
0.394659
1.50713
0.378128
0.341048
1.83428
0.481042
0.816575
2.07806
0.967623
0.259206
1.05269
0.118414
0.795793
0.982632
0.630993
1.50511
1.05092
2.51346
0.514173
0.225334
0.779473
1.08681
2.56008
0.738178
1.90079
1.16541
0.536777
0.715333
0.320841
1.38521
1.34333
0.302019
1.79964
0.794608
2.40334
1.26417
0.169923
1.88602
0.991867
0.456442
2.51053
0.24408
1.56021
1.27749
0.299618
1.86621
0.553654
0.399516
2.35523
0.839552
0.616331
0.736377
0.572108
0.44363
1.71969
2.33443
0.125702
1.22542
1.91966
0.198778
1.17487
2.58607
0.31289
0.685984
0.88924
1.27494
1.74034
2.23216
0.346087
0.694895
2.15893
0.864
1.83342
1.02091
0.605405
0.610971
0.349917
0.834102
3.3623
0.430063
0.229329
0.144102
0.882725
1.44468
1.30879
2.03416
0.987436
0.329454
0.711056
0.549515
0.923579
1.00214
0.0542606
1.3237
0.971
0.693037
1.77273
0.783536
1.42901
0.570736
0.48613
0.464017
0.369875
0.863122
0.257506
0.902983
1.67971
0.62424
0.226176
1.49397
1.30081
0.630393
2.28357
0.481197
0.763945
1.01259
0.866285
1.61878
1.22516
3.40833
1.34939
1.94872
0.734308
0.389255
1.56789
1.48854
1.60304
0.789214
0.885365
0.537968
0.365207
0.779613
0.819165
1.66852
0.887156
1.93316
0.702206
0.274306
0.997773
0.613897
1.16524
2.00579
1.01235
0.840951
0.394043
0.636327
3.80775
0.68647
1.24413
0.839331
0.399002
0.524955
0.415147
1.07873
0.71092
1.00155
0.889876
1.48187
1.04227
0.762059
2.45713
1.678
1.46641
1.31767
0.872042
1.18294
0.454209
2.47992
1.36107
0.695293
1.92231
0.680166
1.33917
0.437392
1.49691
1.62886
0.601455
0.435113
0.827437
0.604454
0.582558
0.347935
1.20684
0.339582
0.250168
0.592258
2.39551
1.33023
1.17261
1.97512
0.334757
0.544079
0.242427
0.249769
1.07634
0.394888
0.639914
1.87267
0.268061
2.5178
2.56353
0.501888
0.937853
0.741044
0.917908
1.38465
0.283364
1.00174
2.39718
0.623617
0.195892
1.72024
0.70705
0.630589
0.485244
1.66108
1.65626
0.572658
0.228417
0.67644
0.161257
1.16376
1.33085
0.155866
1.22275
0.458818
0.364214
0.971626
1.48936
0.370123
0.175512
0.191755
3.16523
1.50646
0.96923
0.466641
2.1737
2.032
0.521001
0.738761
0.426702
0.410147
1.31564
0.53087
0.490709
0.550331
0.188323
0.640722
0.198555
0.471662
2.13364
0.313951
1.46652
0.573875
0.811965
2.33737
1.90407
0.821365
0.677401
1.52971
0.362951
0.869976
0.991131
1.11801
0.264468
0.598706
1.9069
0.221331
1.61235
0.546876
0.447747
0.546531
1.90131
0.415767
0.676964
0.532023
1.16242
0.056741
0.856314
0.554187
0.307094
1.10476
1.33779
1.75985
0.529413
0.176577
0.647903
0.412929
0.912264
1.11829
1.45495
0.874093
0.277085
0.546823
0.632358
0.518734
1.47358
0.578585
1.07723
0.471685
1.60394
1.03359
0.0786854
0.543471
1.31461
0.554196
1.37276
0.682666
1.33289
0.975947
1.07156
0.545277
1.7033
0.903212
0.835508
0.992166
1.14665
0.109632
0.64794
1.2628
0.73063
0.50048
0.42144
1.33421
2.03379
0.0866267
0.93397
0.184941
1.17019
2.67641
1.28049
2.20481
1.3548
0.632875
0.807812
0.69008
0.910123
1.36877
0.889487
1.35965
0.343157
0.846405
3.06148
3.35195
1.02016
0.771984
0.544273
1.29454
0.208461
0.962172
0.406487
0.763607
0.984665
1.23318
0.248104
1.87573
1.20881
2.09505
0.746083
1.4304
1.9003
1.48679
1.66134
2.63917
0.783926
2.22429
0.394698
0.257253
0.866615
1.7631
0.684739
0.500279
0.308695
0.645408
0.779876
1.40959
3.05612
0.856428
0.435553
0.900558
0.181629
1.316
0.281457
0.807196
0.970737
1.58744
1.22126
0.224254
0.740308
0.490957
0.274741
0.686325
0.799791
0.298454
0.471598
2.37327
0.791894
2.32067
0.667076
2.34298
0.819873
0.152822
0.915186
1.70058
1.81634
0.392503
0.813256
0.59737
0.202731
1.38004
0.23569
0.428057
1.51684
0.559732
4.629
0.590945
1.0755
1.71658
1.139
1.29302
2.29852
0.249941
0.65158
0.51223
1.35059
0.898408
0.692793
1.14366
1.72107
0.671423
1.14626
0.174934
0.714231
0.582907
0.202081
0.280238
1.7892
1.28979
2.03957
0.569409
0.735964
4.10014
0.541368
0.896208
1.46004
0.501741
0.625264
0.276402
0.495481
0.70438
0.695797
1.49633
0.254463
1.38808
0.964418
1.43168
1.4065
0.414237
2.40415
1.23547
0.703523
0.535864
1.147
1.18948
0.741819
0.923168
0.320034
1.13502
1.52088
2.14626
1.54797
0.202674
0.75104
1.32685
0.811543
0.258832
0.663582
1.10376
0.364563
0.785413
0.613667
0.609468
0.946152
0.82383
0.428415
0.314784
0.23982
0.788726
0.860391
1.71537
0.655778
0.959406
1.2166
2.03198
1.09064
0.312875
1.24002
0.683483
2.30184
1.30756
0.454956
1.41605
0.636036
0.593518
0.694435
0.633059
0.603715
0.894768
0.866383
1.73316
1.21215
0.288498
1.21967
0.600386
0.895821
0.294319
0.575868
1.69695
1.00209
1.70092
1.55077
0.409973
0.552671
1.8541
3.53431
0.211185
0.939786
1.45389
1.55323
0.188304
0.615714
0.33465
1.07491
1.0009
0.152053
2.98381
1.02873
0.682006
2.4414
0.165766
2.30753
2.96307
1.07107
0.901815
0.396843
0.779603
1.52637
0.19995
0.139162
1.17174
1.17418
1.18297
0.423475
1.77739
0.235297
0.940317
1.90427
0.514612
0.182048
1.49887
0.164811
1.24084
0.878216
0.912491
1.03982
1.64182
0.833013
0.600102
0.78425
0.469591
1.32308
1.01037
1.09628
1.50182
0.386889
0.517367
1.51917
0.812387
1.4095
0.990138
0.81072
0.209373
0.384525
0.233924
0.987499
1.28163
1.16426
0.817821
1.07631
0.410141
1.23493
2.04911
0.288026
1.22481
0.212442
0.980872
0.308352
2.59062
1.12893
1.0347
1.36648
0.515984
0.432586
0.732003
0.857513
0.794744
1.14661
0.131028
2.82026
0.409954
0.325677
1.35951
1.14402
0.775481
1.17689
0.758983
1.12163
0.389382
1.92175
0.897947
0.436793
1.01541
1.28222
0.873132
0.5212
0.704877
0.617671
0.507429
0.115295
0.592446
1.23
1.09136
1.13033
0.508874
0.151749
0.921302
0.910709
1.0044
0.896556
0.563528
0.340952
0.356549
0.488122
1.58921
1.09288
1.14691
1.55605
0.960979
0.324706
2.21037
0.201565
1.61488
0.616583
0.386129
0.938502
0.97918
1.28755
1.93087
0.690181
0.651669
1.78822
1.4165
0.629357
1.53151
0.320286
0.615338
0.147201
1.2217
0.709055
0.770542
0.0894238
1.0351
0.75167
0.361619
1.21439
0.363543
1.16959
2.02413
0.85637
0.553709
1.18876
0.108818
0.663172
0.569565
0.362727
0.468705
1.49376
1.05814
1.04529
0.806898
1.21723
1.38723
1.32942
0.491219
0.653211
0.482412
0.792277
4.12979
0.554941
0.854167
0.560214
2.29452
0.487389
1.89552
0.394818
1.58826
1.13582
2.97087
0.8634
1.86423
2.8873
1.6574
0.785415
1.97232
0.354414
0.412032
0.611746
1.49076
0.540115
1.24747
1.43289
1.55199
0.514603
0.761579
2.01251
0.946044
0.997096
0.173214
1.69876
1.16712
1.31704
0.316
0.246502
3.72692
0.660319
1.77713
1.2224
0.501985
3.04484
0.187687
0.482252
0.599384
0.880005
0.165648
0.213998
1.06235
1.04832
1.6236
0.367176
1.10273
0.505765
0.663548
1.61008
0.446522
1.15348
0.158914
0.379404
0.715417
0.273952
1.38316
0.569821
1.27757
2.42395
1.40013
0.801204
1.53284
2.14161
0.869185
0.982853
0.35991
1.04549
2.02711
0.614015
1.32224
0.346017
1.1152
0.435133
0.433355
0.507053
1.02522
0.799846
1.35034
1.40596
0.0507877
0.235277
0.447241
1.2176
0.284939
0.759527
1.27169
0.884555
0.543453
0.661426
0.378099
0.843261
1.3581
0.477377
3.10849
1.15909
0.626766
1.4717
1.68188
2.12131
0.337926
1.59502
0.126912
0.446386
1.10937
1.93684
0.370797
0.75686
0.30951
0.462806
0.733488
2.01774
0.505396
0.439976
0.579383
1.38715
0.388713
0.904797
1.19218
1.45344
1.4643
0.311018
0.647325
0.917451
0.969617
1.33023
1.34263
1.23537
0.592881
1.05879
1.1598
1.43134
0.531105
0.717398
1.06648
0.121249
0.218433
2.10825
1.12886
1.07116
1.68489
0.517268
0.178715
0.0478268
0.712188
0.529777
0.317205
0.890873
1.30642
0.479068
0.579157
1.75436
0.916793
0.843596
0.160565
1.03752
2.35027
1.80624
0.137486
0.579232
0.818485
0.80784
0.675256
0.50627
0.489312
0.898361
1.35913
1
0.491932
1.21519
0.562989
0.86131
1.0121
0.285904
0.842306
0.334765
1.06467
0.879684
1.40189
1.40593
1.94591
0.194146
0.95558
0.448093
0.588515
0.683448
1.41065
1.56634
1.09759
0.976588
0.635328
0.169254
0.553521
0.609799
1.7613
0.818184
0.971984
1.51173
0.728533
0.381153
1.94378
0.524928
0.458978
0.382648
0.636215
0.322028
0.696444
0.676069
0.625411
0.78504
2.59434
0.608629
0.815608
1.70882
1.34918
1.1179
0.900727
0.748044
2.45549
0.141599
1.44518
0.529974
0.811653
0.203112
0.37587
1.07041
0.773929
0.524331
0.832603
0.339603
0.782388
2.61473
0.229731
0.818738
0.977753
0.197598
1.14757
1.00088
0.882625
1.42869
0.228301
1.81589
1.52827
0.888046
0.682012
0.481834
0.84312
2.40485
0.68286
1.42047
0.391044
0.36054
0.21468
1.05178
0.189034
1.19206
1.3279
1.47812
0.837715
0.787149
0.183517
1.57864
0.537331
1.04577
0.609521
0.898247
0.999705
1.93016
0.64907
0.469796
1.31358
1.5219
1.57667
1.23728
0.280336
0.582963
0.627662
1.61171
1.90853
2.16144
0.678979
1.88194
0.231284
2.661
0.488554
1.76564
0.769411
0.575348
1.13084
0.0600196
0.774224
0.896791
1.50476
0.179486
0.849537
0.409157
1.43575
1.37575
2.7081
0.138196
0.484102
0.745884
0.194445
0.571368
2.94041
1.79485
0.317565
1.81123
0.462423
0.934348
1.09626
0.684274
1.60225
1.06165
0.586208
0.213918
0.144418
0.420024
0.285064
0.104644
0.6954
0.136195
1.21687
0.863632
0.597057
1.3028
0.666162
0.609974
0.92794
0.170867
0.837462
0.73246
2.2395
3.59292
0.328617
0.666433
0.694837
1.41798
1.03344
0.945904
1.34693
1.20741
0.934235
0.425572
0.756102
0.962106
0.659572
0.565763
0.550514
1.05667
0.719611
0.795127
2.7054
0.740269
0.892139
0.453928
0.356861
1.33601
0.483804
0.47615
0.28993
1.22889
1.67298
1.57364
1.464
1.68157
0.966421
0.384137
0.406519
0.124442
0.0524179
1.39286
0.553972
1.56307
1.02015
0.834519
0.723514
1.30795
1.97666
1.00669
0.574006
0.236874
0.472731
0.774132
0.669858
1.34192
1.25604
0.460642
1.16632
2.32175
0.874663
2.02468
1.13183
1.36503
1.21435
1.48946
1.03652
1.31508
0.151794
1.8425
0.350524
0.705901
0.679971
1.25012
0.359579
0.960853
1.19424
0.843267
1.61012
0.500393
1.93822
1.43905
0.668741
0.785949
0.694648
0.868595
0.543744
1.09717
1.51839
2.22449
0.717165
0.966354
0.912803
0.639966
0.525321
1.15588
0.525381
0.907507
1.37048
0.770642
0.775312
0.219285
1.44072
2.4335
0.753578
0.355997
2.55545
1.19945
0.362704
0.648754
0.844589
2.23716
0.908129
0.536208
1.2577
2.13064
0.403454
0.515439
0.782076
1.406
0.22133
0.290744
1.54686
0.941051
1.29171
0.502443
0.619402
0.493734
0.664853
0.542201
0.122355
0.472138
0.497236
0.265941
1.80462
1.97626
1.25929
0.292565
1.01264
0.499963
1.67155
0.373973
0.709085
0.536344
1.81612
0.220014
2.8307
0.445149
1.18202
1.21521
0.190754
0.576629
2.32968
1.78946
0.252229
0.648131
1.59845
1.06597
0.55968
1.25923
0.317002
0.208194
1.4126
0.556659
0.632189
0.684587
0.546319
1.54515
2.55212
0.520511
1.2647
2.59746
0.634276
1.38633
0.611047
1.32979
0.544757
2.10991
2.47212
1.01133
0.376988
0.166738
0.942409
0.183223
1.84966
1.42722
0.261184
0.663469
1.09751
0.361191
1.45387
0.751355
0.157978
1.44992
0.56357
0.981612
2.21299
0.428776
1.59013
0.114925
0.946375
0.978328
1.27782
0.779177
1.07922
0.410553
2.34089
0.262548
1.4888
0.724845
0.610011
1.16819
1.78438
0.283892
1.79015
0.388812
0.468057
1.61862
0.807895
1.50552
1.21268
1.32768
0.917264
0.676937
1.74387
0.778437
0.532983
0.578655
1.28752
1.09259
1.53406
0.713729
4.03697
0.260115
1.30044
1.7954
1.8541
0.686028
0.705609
0.675806
2.3563
3.74617
1.4317
0.725423
0.759643
0.31008
0.124178
0.637531
1.27936
1.00647
0.27103
0.544707
1.01496
1.71448
0.630753
0.715983
2.22597
0.445145
2.49773
2.05828
0.69137
0.616238
0.398503
2.04587
2.78203
0.731363
2.87455
2.37271
0.520807
1.86118
0.175565
0.379203
1.6447
1.01025
0.710728
0.898154
0.202519
0.110135
0.528388
1.30259
0.972104
1.4313
1.2251
0.974838
0.417004
1.80464
0.554098
1.06087
1.21534
1.78783
0.393513
0.480757
0.613036
1.05993
4.37032
1.56691
1.24348
1.74325
0.115031
1.16892
0.499991
0.31458
0.251896
0.572088
0.471604
0.525246
0.232087
0.745161
1.73783
0.377412
0.869519
1.1045
0.947914
0.973274
0.43202
0.865425
1.53163
1.37345
0.274562
1.05864
0.694009
1.26566
1.79582
1.4572
1.48468
2.22477
1.12305
1.13457
2.36575
2.37405
1.3111
1.41523
1.54434
0.713234
0.483475
0.192884
0.23494
1.77603
0.229771
0.699192
0.808964
2.9055
0.632038
1.4406
1.84177
0.933533
1.72577
1.03261
0.763151
0.460011
0.783933
0.573399
1.25175
1.62761
2.02315
0.853354
0.352816
0.426034
0.291458
0.848551
1.02485
0.857191
0.672278
0.528244
0.582598
0.63868
1.19228
0.665785
1.23146
0.765844
0.274801
0.391154
0.583593
1.39106
0.275053
0.590307
0.486114
0.928464
0.197803
1.57711
1.89374
0.529397
0.494004
0.790308
1.59754
0.834345
1.50776
0.368528
1.98931
2.39442
0.349316
0.547192
1.46134
0.939943
0.469055
2.6062
0.64124
0.230176
1.00854
1.04776
1.36023
0.768055
1.20834
0.275111
0.606015
0.470749
1.03867
0.648619
1.05343
0.574015
0.414799
2.18158
0.456672
0.35091
0.253463
2.24256
1.23344
0.209289
0.164034
0.432443
1.08152
0.864055
0.705794
0.517823
0.140124
0.581806
0.838108
1.05388
0.111722
0.330687
0.206548
1.60378
0.269207
0.324087
1.41196
0.625088
0.449213
0.620814
0.408556
0.310151
1.47674
0.642753
0.530658
2.22709
1.32819
0.716828
0.596165
0.197725
0.503323
1.45655
0.619265
1.03252
1.20302
4.02519
0.5558
1.02282
0.728031
1.76937
0.373582
0.51411
2.3603
1.73651
1.12739
0.189095
0.429727
1.85136
0.380884
1.05656
0.149015
0.770232
1.59399
1.02695
0.132597
0.638212
0.86718
0.627793
1.55826
3.03615
0.66981
0.908906
2.76046
1.63651
0.36149
0.988215
0.814843
1.08197
0.211702
0.301089
2.87232
1.12296
0.985856
0.0613679
0.701464
0.886652
0.096939
0.687568
0.535216
0.585442
2.40213
0.311908
0.539431
0.377721
0.238215
0.584328
1.17166
0.322816
0.60482
0.416181
1.76752
1.519
0.43045
2.3258
0.210447
0.637993
0.771791
0.219307
0.913418
1.89025
0.525861
1.17026
0.993333
0.663673
0.492546
0.500514
1.08092
0.630862
1.07973
0.312026
0.597603
1.44459
1.70982
1.64503
0.764446
0.530167
0.249677
0.450283
0.226882
0.242165
0.960494
1.15361
0.975775
0.362592
0.433739
2.37235
2.45403
2.12743
0.309835
2.38528
0.834243
1.20867
0.657189
0.548194
0.725891
0.113591
0.687906
1.164
0.425467
1.12351
0.159912
1.49991
0.659509
1.05061
0.56962
1.71759
0.431746
1.09081
0.70109
1.0724
0.869302
1.21357
0.466113
0.232814
1.00211
0.138248
0.817439
2.16762
1.65962
0.937707
0.162726
0.836756
1.89824
0.518074
0.410059
2.64399
0.899834
1.57586
1.45085
0.761586
0.231955
0.83122
0.31635
1.92809
0.150297
0.822148
0.672486
1.23797
0.193054
2.09754
1.34896
1.32561
0.100915
0.422868
0.314772
0.611387
2.1753
0.283539
0.598647
0.416306
0.451633
0.106554
0.228811
1.30911
0.528211
1.45545
0.65226
1.88349
2.03428
0.43603
1.24318
0.804628
0.384597
1.74593
2.10038
0.930104
0.426714
0.770971
0.888243
0.781362
1.60334
1.02148
0.351614
1.54511
0.843912
1.05677
0.918381
1.13843
0.916804
0.945232
0.189335
1.1508
0.130339
1.4351
0.787026
1.10903
1.17305
0.0305177
1.06863
0.526449
0.16091
0.501613
0.475911
0.693458
1.68309
0.532627
0.493955
0.431461
1.70379
1.85676
0.20316
4.60865
1.03263
1.03472
1.49919
0.0527332
0.760392
1.62701
0.153897
0.95024
2.26329
0.309806
1.54044
1.19454
0.616623
0.484169
0.70476
1.61531
1.16504
1.16789
0.16597
0.48789
1.06017
0.631152
0.73683
0.808798
0.140539
1.56275
0.545541
0.634985
1.81148
2.26963
2.08875
0.492391
1.03122
1.53875
0.383231
1.88776
0.641552
1.24327
2.44978
1.04059
0.854054
0.393792
0.15109
1.68641
1.02927
0.45558
2.60104
0.443858
0.511336
2.95763
0.790978
5.07538
2.07578
1.39286
1.33775
1.13473
1.84997
3.14313
0.971788
0.562088
1.09845
0.259005
1.53696
0.436549
3.66248
0.594641
0.898679
2.02892
0.880675
2.31332
0.553355
1.68339
1.40164
0.530482
2.83147
0.796298
0.646484
0.244015
1.27486
0.629646
0.0664812
0.211443
0.528226
1.89682
0.560243
1.45866
0.525432
1.17677
0.204875
0.794514
0.826745
0.369576
0.741542
2.13667
0.897186
0.189722
1.86464
0.502105
1.42921
0.244493
1.17251
0.397409
0.207589
1.41477
1.04237
0.785252
1.20394
0.16018
0.843964
1.7803
0.485276
0.571458
0.335132
0.626272
1.75317
0.913156
2.29453
0.057942
0.266676
2.75341
1.74363
0.288519
0.555384
1.75053
1.31104
0.558537
1.53763
0.391115
1.727
0.699066
0.30478
1.11645
1.16309
1.15952
0.831988
0.484165
0.0995094
0.753269
0.559019
1.37466
1.87869
0.892099
0.985601
0.641773
0.724216
1.01826
1.26859
1.75703
0.61844
1.77433
0.779974
1.7574
1.30623
0.484715
0.712466
0.461419
0.913218
0.175216
0.189822
1.14215
2.22352
0.917426
0.572368
2.70335
0.714051
0.63097
0.789074
1.60929
0.057092
1.71633
1.0191
0.752893
0.485374
0.627932
1.64509
0.292084
2.31629
0.640428
0.389373
1.33471
0.668873
1.7089
0.521657
0.929438
0.474979
1.99797
0.700568
0.779084
0.440584
0.803465
0.520848
0.399248
1.89995
1.51824
0.449325
0.499642
0.824422
0.985177
0.261351
4.48704
0.635533
0.405463
1.09988
0.528421
1.5519
0.0488998
0.280023
1.16255
2.09689
0.572357
1.27535
0.38234
1.03041
3.0363
0.492093
0.428908
0.14122
2.6043
1.3163
1.79545
1.59555
0.188168
0.186085
0.405797
0.159495
1.04896
1.6427
0.658082
0.46135
1.25889
0.702672
1.26149
0.108123
1.03436
0.997079
0.138641
0.876753
2.62899
0.54352
0.780032
0.383666
0.848881
2.10858
0.980644
1.74295
0.269513
0.72616
1.39845
0.462377
0.71087
0.813375
1.46758
0.793858
1.328
0.360254
1.43811
1.44968
1.38766
0.307408
0.702463
0.881308
1.16199
0.654462
0.565718
1.13536
1.30294
0.447537
1.6688
0.682783
0.323992
0.056417
0.476614
1.21418
0.481731
0.241344
1.03259
1.53967
0.859796
0.980371
1.23811
0.744544
0.595767
0.235194
0.40202
0.310003
0.458764
0.4691
0.7104
0.496041
0.331444
0.424851
3.36147
2.17941
0.31661
0.587003
0.563363
4.01058
1.39949
0.286607
1.49537
0.785408
0.737531
1.2862
2.03429
1.59983
0.646731
1.08684
0.306128
1.79333
1.30076
0.904671
1.41353
1.54689
0.526404
0.782345
0.870275
1.10925
0.698751
0.125783
0.603208
1.54003
1.84297
0.659507
1.05408
1.13632
1.59824
0.571848
0.113737
2.46754
0.61117
0.466187
0.658496
0.167802
1.6213
0.946928
1.60201
0.620268
0.695569
0.971004
0.156878
1.71323
1.28143
1.21242
2.44599
0.965487
1.60909
1.86491
1.8201
0.535106
0.26082
0.696015
1.11579
0.12861
2.55623
1.38744
0.688187
1.79406
1.26639
1.98168
1.84524
0.496613
0.236389
0.991035
0.810512
0.448626
0.730086
0.489043
0.79166
1.71926
4.03608
0.419078
0.224833
0.551051
1.48863
0.440794
0.375645
0.261422
0.0826697
0.415586
0.853504
0.406793
0.916509
0.724524
0.535003
0.632697
0.209364
0.589918
1.2059
0.757675
1.66081
1.03645
0.571573
0.704764
0.220933
0.42005
1.14838
1.0206
0.666491
1.33329
1.41842
0.600133
0.555834
0.132328
0.71829
1.40377
0.767097
0.220239
0.608899
0.878802
0.708683
0.394379
0.719994
0.348428
0.649699
1.19748
0.208449
0.246522
0.859156
1.42694
0.367126
0.816435
0.699751
0.938139
0.618559
0.471504
0.367196
0.436261
0.713627
0.998489
2.03165
2.13722
0.251565
0.398547
0.415536
0.950376
1.2962
0.816625
0.324368
1.28542
0.825757
0.917433
0.559071
0.356147
0.299534
2.05137
1.43309
2.16155
0.877572
0.657145
0.0773743
0.791186
0.453142
0.592871
0.888381
0.913143
0.369098
1.37939
1.16701
1.01079
1.20079
0.237175
1.31501
2.45532
1.82086
1.83603
1.43347
0.360965
1.06569
0.766847
0.619392
0.634439
0.524625
0.700713
1.93143
0.777196
0.769313
0.654158
0.710844
0.338554
1.55379
0.854805
0.334679
0.937975
1.04319
0.36835
1.38569
0.577129
2.34207
2.11481
0.862642
1.18564
1.80439
1.54807
0.748809
1.25704
1.54801
2.0273
2.06307
0.608536
1.44904
0.99604
0.192438
1.40925
1.47199
2.11308
0.668332
1.70301
0.285451
0.75756
0.514096
0.578601
2.1998
1.85458
0.370114
0.492874
0.236529
0.420397
0.788956
0.413208
1.74722
1.34085
1.77482
1.91653
0.607225
0.955918
1.02512
3.45766
0.587797
0.847785
1.24085
0.06342
0.343937
0.222278
0.288884
0.779843
0.640557
0.431228
0.824337
1.96336
1.65457
0.351583
0.884689
1.03808
0.990045
0.520803
0.949007
0.738092
1.22346
0.654103
0.459852
0.876149
1.29518
1.27479
1.20409
0.659861
0.445783
1.02945
0.714198
0.753257
1.34214
0.561479
1.40673
1.48422
0.786092
2.94696
0.140235
3.80298
0.751461
0.409135
1.61148
1.32828
1.81474
0.338528
0.640168
1.75512
0.224202
1.35701
2.92342
2.6455
0.358135
0.481804
1.05672
0.478087
2.57398
2.44542
0.168632
1.09848
0.775947
0.22652
1.53809
0.986357
0.26372
1.81583
1.02412
0.787862
0.138419
0.713197
0.470921
0.899111
0.752918
0.705705
0.491025
1.08617
0.330294
0.879799
0.748657
0.579469
0.694575
0.535666
1.27416
0.814108
2.17276
0.809259
0.87063
0.155325
1.48877
0.936582
0.427169
1.07098
0.186612
0.401791
1.62139
2.60512
0.246383
0.85129
1.11393
1.6365
0.227341
1.19834
0.757023
0.521192
0.840032
0.369281
1.07402
0.71556
0.612424
0.529277
0.2434
0.997043
0.287257
0.264007
2.1366
0.788648
0.444845
0.552654
0.70981
1.79656
0.659087
0.687461
0.592316
0.425143
0.271311
1.0526
0.125383
0.608266
2.09684
1.23219
0.233576
0.509101
1.47374
0.893953
0.612682
1.24913
0.240771
0.403295
2.32974
2.17424
0.0309363
1.13748
0.383135
0.787946
1.75013
0.326867
1.68081
0.440917
1.8748
0.963446
1.44856
0.116554
0.445559
0.0748071
1.07671
0.290657
1.84358
0.0818433
2.0823
1.45559
0.448607
1.71411
0.670285
1.48422
0.328731
0.879978
0.238164
0.960863
0.675384
0.341892
2.10973
2.01076
1.6447
0.42253
0.999841
1.33146
0.677911
1.10144
1.41934
0.266744
0.303864
1.26381
0.477302
0.768435
1.33835
1.17708
2.61103
2.21181
0.440073
0.250226
2.44841
0.169607
0.867693
0.204309
1.08277
1.04526
0.310305
0.472623
0.61699
1.23601
0.795215
0.624459
1.11915
0.401345
2.64842
0.435556
0.439465
0.239582
0.996141
0.702959
1.00534
0.938789
0.409486
1.112
0.391052
0.329441
0.430181
1.26377
1.11063
0.260282
0.517431
1.98919
3.41027
0.911561
0.538482
1.26144
0.999911
0.767596
1.5767
0.344672
0.777391
0.686852
0.108993
0.723473
1.09545
1.1343
0.599693
1.53736
0.827049
0.182328
0.546927
1.9194
0.93333
0.45582
1.76922
3.48903
0.539779
0.368225
0.458625
1.1395
0.693121
0.907353
0.415651
1.27699
0.621035
1.16923
1.09978
0.782219
0.651955
0.163121
0.75533
0.952942
0.213821
0.282822
0.496778
1.06648
0.649675
0.696288
0.172238
0.608011
0.873071
1.29197
1.65561
0.243875
0.330137
0.413671
0.2608
0.149565
1.45121
0.898639
3.1315
1.55645
1.94919
1.65794
1.1372
1.52104
0.262447
0.446917
0.229116
1.24281
0.236084
0.646271
0.614117
0.216722
1.53803
1.15876
0.961077
0.856885
1.85621
0.888372
0.331924
2.07339
1.48609
0.740709
1.46704
1.56364
1.03439
1.15396
1.16979
0.12252
0.483177
0.447147
0.943835
0.527025
1.73083
0.586816
0.803526
0.724216
0.234339
0.981459
0.351857
0.517518
1.07005
0.0896031
0.347144
0.846395
1.10268
0.398319
0.570942
1.16067
1.29156
2.07964
0.788284
0.48411
0.22312
1.36627
1.49102
3.92788
1.88847
0.351338
1.91834
0.804164
1.61686
0.414897
0.56997
0.754114
0.776651
0.313468
0.276972
0.765586
1.52706
0.307792
0.205023
1.05528
0.306344
1.58688
1.04239
1.70055
0.514846
1.02113
0.380712
0.977524
2.22513
0.538014
0.154982
1.81253
0.938845
1.28155
2.51695
0.854226
0.190475
0.77856
1.25756
1.01703
1.96335
1.29611
0.211497
0.548597
0.545452
1.41154
1.52131
0.224517
1.52288
2.0136
0.128028
0.107517
0.78152
0.481033
1.02692
0.455424
1.42542
0.28038
0.39063
2.22562
1.98928
0.248974
1.37456
1.69893
0.634094
0.958441
1.62381
1.88783
1.21183
1.99144
1.37453
0.359911
2.80969
0.128767
0.812398
0.682945
1.55458
0.966884
1.65161
3.00783
1.07792
2.11661
2.10489
1.17924
0.488443
0.530618
0.691617
0.701578
1.32252
0.348535
1.48766
1.04287
3.32197
0.729835
0.532474
5.24435
0.911194
0.458254
0.762223
0.496299
1.14877
0.368146
1.22957
1.46405
0.636544
0.590394
0.76331
0.163011
0.474458
0.14578
0.395502
1.4849
1.32943
0.582298
0.927216
0.639106
0.526327
0.459341
0.435814
0.3881
0.698816
0.331439
0.262751
0.594051
1.44319
0.848411
0.719937
0.494495
0.187126
0.637391
2.14481
1.67054
1.26185
0.831032
0.945142
0.971573
1.07151
0.35621
0.486858
0.583656
1.13321
0.658222
0.428977
1.74689
0.745691
1.03945
1.66462
0.50148
0.324569
0.593767
1.606
0.802145
1.85813
1.0492
0.994425
0.525571
1.56418
0.681857
1.6479
0.226747
0.491283
1.17877
0.133114
0.357914
0.81184
1.85256
1.17179
1.61063
0.81976
1.09398
0.211161
1.61512
1.14309
0.561824
1.38009
3.38921
0.409519
0.637455
0.541054
0.938407
2.31059
0.849066
1.06803
0.583848
0.647541
0.818021
0.473002
1.32494
0.700792
0.725049
0.387538
0.800613
0.545281
1.06994
0.659839
2.87431
0.369406
0.492008
1.13462
0.988412
2.02675
2.19977
1.08877
1.65571
3.36175
1.13296
1.20303
0.480164
0.417713
0.877459
0.20961
1.21793
1.18429
0.802704
1.16584
0.520256
0.409383
0.991326
1.43564
0.0853709
1.14748
1.33696
0.521186
0.966895
1.60108
0.280337
0.465034
0.511511
0.717215
0.729468
1.55801
0.904728
1.13246
0.570788
0.7229
0.811622
1.15579
0.331445
0.338944
0.484557
0.313528
0.455383
0.886688
0.576094
0.490335
1.09328
0.877715
2.4144
1.49288
0.721182
0.526299
1.5212
0.673767
0.651865
0.21146
0.111887
2.23459
1.13186
0.513759
0.848489
0.581122
1.79915
0.736305
0.577856
1.4224
1.95853
0.364006
0.633513
0.636405
0.768777
1.31769
0.421721
0.281476
3.18204
0.915889
1.21094
1.10202
2.73359
0.576909
0.541542
0.638799
0.429288
2.0395
0.329388
1.35799
0.975284
1.11239
1.34861
1.17004
0.367398
0.93137
0.560896
0.828235
0.585049
0.830243
0.732914
0.368417
0.21429
1.76474
0.906955
1.08661
0.869851
0.310327
0.264837
0.554733
0.158986
0.25893
0.665509
2.72827
0.140009
0.0826109
0.419726
0.0655412
1.94248
0.371184
0.976749
0.162714
0.463467
1.28417
0.929074
0.571985
0.754858
1.65586
1.15968
0.995436
0.245797
1.54065
1.27409
1.33568
0.434635
1.63944
1.62052
2.08541
0.9016
1.19496
2.43961
1.04843
0.948929
0.952077
1.27864
0.661503
0.710875
2.77432
0.631252
1.90053
0.641226
1.42335
0.724568
1.70127
0.465886
0.593341
1.74766
0.224178
2.22776
0.864843
0.353328
0.0814098
4.21503
0.895284
0.111394
1.15178
0.16877
0.279447
1.41237
1.0186
1.67842
0.262131
1.04883
0.196423
0.524094
1.20461
2.63759
1.34969
0.829458
0.171562
0.282488
0.591436
2.05985
0.202224
0.388058
2.04314
0.748102
2.25904
0.865369
2.68285
0.501359
0.490507
1.10149
1.42737
0.803458
0.978873
0.183115
0.48922
0.0345611
0.885882
0.81857
2.01777
0.12539
1.68721
0.277326
0.635026
1.07955
1.24523
3.20233
0.400933
0.451044
0.386996
0.675134
0.567402
0.512399
1.51621
0.415822
1.1424
0.665802
0.538638
0.315258
0.432135
0.546076
0.876794
0.913625
0.446068
0.983185
0.516248
0.473259
0.32674
0.813866
1.71127
1.25767
0.441652
1.00957
0.630207
1.24614
1.08082
0.917976
0.538426
1.47708
0.419552
0.178563
0.757696
0.22544
0.344991
0.217996
1.54472
2.59108
0.454667
0.974382
2.22743
0.796741
1.17946
2.73628
1.59864
0.933097
0.351929
0.54808
0.315021
1.86425
0.134937
0.763341
1.06101
0.666913
2.80746
0.618714
1.06522
0.779397
1.47159
0.468985
0.287442
0.800967
2.62877
1.11688
1.27744
0.230318
1.72755
0.400257
0.530226
0.148605
1.89106
0.712595
0.807338
0.853635
0.538356
0.398301
2.98442
1.54431
1.2661
1.78639
1.11995
1.80106
0.823601
2.83024
2.08475
0.912043
0.381268
1.01526
0.40188
1.74783
0.488747
2.20451
0.506694
0.368866
0.530806
0.0400269
0.965471
0.180321
0.24675
1.20681
2.34431
1.36562
2.7018
0.171994
2.71477
1.05659
0.563008
0.472977
2.0656
0.898659
1.17999
1.95508
0.384572
1.01855
0.185275
0.836513
0.147972
0.647613
0.435288
2.56559
1.05444
0.627813
0.815077
0.670387
0.77969
0.357484
0.425867
1.19875
2.99055
2.14198
0.517436
1.03198
0.136923
1.23726
0.334523
1.07598
0.46831
1.66296
1.85932
0.19356
0.6877
0.816057
1.82481
0.491806
1.36839
0.728397
0.448457
0.575016
0.909171
0.592491
0.391354
1.51435
1.63762
1.38642
1.1569
0.109558
1.17605
1.38667
1.09058
1.56799
0.663102
0.549705
0.484521
1.91525
0.67464
0.0918461
1.13934
1.88827
0.833314
1.74519
2.73583
1.6271
1.0923
1.07042
0.968621
0.206408
0.472138
1.31693
0.824239
0.162007
0.635648
1.07748
1.59846
0.588564
1.19977
1.24151
0.946273
0.315468
2.82974
0.524758
2.29039
0.373088
0.0540947
1.1131
0.449509
0.64959
1.98576
1.76776
0.734107
0.150115
0.378458
1.09787
2.28162
1.80098
0.589457
0.565332
0.320868
0.382842
0.604154
1.63992
0.296073
0.49867
3.4585
0.477125
0.435533
0.0862707
0.186844
0.89152
1.20215
1.06315
1.12368
0.427468
0.192747
0.298016
1.50498
0.486727
2.15089
0.862707
1.29292
0.307502
0.376356
2.24251
0.36793
1.48274
1.0539
0.699894
0.736399
0.507579
0.834198
0.221249
0.69243
1.24299
2.58922
0.132959
0.638521
1.29035
0.546202
0.937329
0.845291
1.0847
1.37682
1.26765
0.446378
0.87549
0.608722
0.93943
0.663585
0.0547854
0.580081
1.24226
1.18861
0.515383
1.11785
1.4046
1.63698
2.17349
0.539371
0.734855
0.191365
1.57054
1.7991
1.5072
1.75111
0.737459
0.888326
0.279305
0.0755614
0.992969
1.83334
0.658631
1.16593
3.15527
0.56799
0.395221
1.10367
1.02247
2.03942
0.427948
0.224069
0.581845
0.427054
0.283746
1.71107
0.914906
1.08509
0.93379
0.201889
1.07318
0.908076
1.38521
0.42154
0.121472
1.80657
0.976754
0.109668
0.314773
0.537508
0.603396
0.559446
1.2457
2.19374
0.291242
2.26907
0.971289
0.982307
3.29702
1.41644
0.812799
1.77384
0.162485
2.8667
0.671878
0.263612
1.28903
1.03453
1.43188
1.36069
0.902046
1.07499
1.14306
0.341271
0.992743
1.25421
0.228144
1.24728
1.8376
0.26674
0.128207
1.00286
1.12953
0.304132
0.311707
0.816203
1.07451
0.762327
0.148157
1.28741
0.272561
0.951289
0.281367
0.791419
0.548006
2.09658
0.693648
1.95379
0.491959
0.253267
1.47362
1.1691
0.67059
1.80041
0.687982
1.19928
0.226695
0.749423
1.70572
3.26292
0.711902
0.0798335
0.286861
0.198099
0.525504
1.17547
0.901171
0.509097
1.54635
1.13024
0.678237
1.64018
1.41555
0.943587
0.124598
1.13083
1.07371
1.91797
0.136749
2.10405
1.59259
0.143955
2.24989
0.042368
0.426854
0.591893
0.754579
0.691421
1.324
1.06185
1.61989
2.16644
0.579618
1.33394
0.960368
1.2226
0.621607
0.342855
0.174197
0.986859
1.09321
0.305039
1.1375
1.0081
1.5536
0.56203
0.828329
0.846402
0.892039
1.2997
0.693545
0.607755
0.136418
0.31247
0.822417
0.844065
2.18833
0.26132
1.34902
0.385741
0.680454
0.0755378
0.71323
2.16872
0.882812
2.33885
0.322099
0.678931
0.641975
1.10584
2.16493
0.671661
0.907811
0.48147
0.418769
0.62491
0.57591
0.789637
0.0390963
0.779121
0.183033
1.36149
0.557752
1.0986
0.471319
0.673963
0.319317
0.61843
0.961048
0.85379
1.33747
0.510903
0.41982
0.791568
1.39552
0.907537
1.10161
1.5626
1.13048
0.266796
1.42345
0.80601
0.755833
2.66417
1.14958
1.69234
0.83017
0.408438
1.60207
1.17767
1.88128
1.10851
2.91741
0.525511
1.17608
2.05025
1.5512
0.315549
0.76818
0.365465
0.208693
1.33089
1.78872
2.17334
0.272909
0.165889
0.652527
0.729055
0.639602
0.441966
0.373498
0.7022
2.27734
1.16667
0.521944
0.572879
1.50938
0.647399
1.26518
2.30752
0.761284
1.31521
0.0805429
0.436112
0.809611
1.50745
2.159
0.619326
0.313822
0.136292
0.597795
0.212431
0.314719
0.329528
0.321663
0.0895764
0.231734
2.24912
0.869953
0.507807
0.468677
1.22261
0.72753
0.980803
1.2749
2.68037
2.34085
0.802686
0.0177598
1.44955
0.62315
1.99199
0.300987
0.862674
0.225432
0.183203
1.13587
3.37967
0.89307
0.657745
0.233581
0.944155
1.06974
3.93093
0.626884
0.0759001
2.51956
0.255136
0.58044
1.76548
1.21954
0.744249
1.84781
0.747782
2.25445
1.52954
0.313941
0.308462
1.089
1.52441
0.151867
0.878826
0.381224
0.435965
0.120904
0.291797
0.910919
2.30203
0.487885
0.962914
2.8477
1.3795
2.07766
2.50682
0.555058
0.307368
0.260133
1.47191
1.38395
0.806927
0.29243
0.737458
0.846404
1.68608
0.265064
0.539113
0.765427
1.05432
2.45442
3.32088
0.270436
1.34411
3.02525
0.896825
1.12654
0.681662
0.8043
1.32508
1.34267
0.904489
