0.265938
0.0150986
0.0281933
0.451859
0.728447
0.323816
0.158784
0.542836
0.854261
0.0822656
0.101199
0.490378
0.700648
0.526677
0.453918
0.38381
0.15924
0.575666
0.135166
0.0667093
0.114742
0.874913
0.56606
0.844646
0.517082
0.106871
0.591667
0.778483
0.268654
0.687176
0.497217
0.838297
0.0414901
0.100118
0.717403
0.585951
0.705709
0.113253
0.0391925
0.50453
0.304557
0.708001
0.768689
0.867907
0.505374
0.677038
0.444971
0.817381
0.461462
0.0348928
0.181861
0.664751
0.0273026
0.386181
0.0142771
0.358687
0.487864
0.573205
0.100205
0.426395
0.319549
0.814489
0.131795
0.834144
0.142232
0.337648
0.658206
0.303403
0.813948
0.54947
0.505567
0.285347
0.646205
0.0752348
0.351682
0.55295
0.781246
0.69625
0.499542
0.140682
0.894464
0.133859
0.687593
0.976904
0.3057
0.740402
0.538241
0.2499
0.261422
0.0898416
0.11003
0.46753
0.263442
0.996076
0.582995
0.861682
0.765411
0.0649414
0.939159
0.707024
0.951049
0.102141
0.638183
0.130419
0.48193
0.80587
0.737587
0.850271
0.610341
0.577859
0.142399
0.177913
0.665817
0.0544668
0.133905
0.615956
0.13255
0.310969
0.933445
0.987647
0.0481423
0.504232
0.685831
0.619318
0.699615
0.0248721
0.247536
0.473717
0.216915
0.719028
0.855674
0.000587344
0.0324635
0.257928
0.922101
0.943498
0.871588
0.782308
0.598532
0.436307
0.265747
0.186721
0.618023
0.862539
0.0597101
0.150324
0.42889
0.466468
0.255608
0.736462
0.461169
0.332147
0.2599
0.200353
0.134014
0.728583
0.351679
0.845547
0.0245282
0.00458691
0.368722
0.295023
0.542768
0.16053
0.326592
0.487582
0.0312822
0.287757
0.279863
0.826457
0.936224
0.51719
0.255934
0.103061
0.55558
0.630654
0.812388
0.658962
0.801661
0.641626
0.67863
0.454157
0.831818
0.432924
0.250716
0.656629
0.684287
0.839723
0.342417
0.58997
0.0546723
0.686191
0.702305
0.562254
0.881251
0.427951
0.251117
0.595858
0.761144
0.831886
0.859889
0.386567
0.650248
0.0570789
0.580067
0.0993391
0.532338
0.509672
0.573507
0.671863
0.470257
0.760398
0.313162
0.116346
0.836697
0.872569
0.89336
0.511671
0.694673
0.833193
0.179563
0.745485
0.857893
0.959329
0.937957
0.0381998
0.677354
0.62093
0.630258
0.454242
0.109558
0.241523
0.0728275
0.23187
0.129805
0.0768025
0.194253
0.249928
0.535522
0.902316
0.453444
0.362314
0.0829905
0.545009
0.591277
0.889468
0.628225
0.655819
0.991883
0.137818
0.379966
0.634312
0.452516
0.455993
0.869412
0.980354
0.250072
0.720239
0.115791
0.267159
0.412981
0.11649
0.506274
0.515971
0.643366
0.155028
0.868881
0.0228202
0.688723
0.673608
0.322602
0.0659359
0.656532
0.471052
0.933229
0.738725
0.0392393
0.636059
0.648579
0.143935
0.530095
0.722499
0.0636241
0.992372
0.239997
0.955857
0.374255
0.323139
0.0683422
0.575214
0.486263
0.556881
0.852129
0.316982
0.190796
0.770254
0.851163
0.682406
0.104862
0.20649
0.175958
0.908873
0.680022
0.287123
0.200239
0.0497438
0.947616
0.343956
0.812116
0.979508
0.206788
0.934413
0.755975
0.857409
0.953097
0.830067
0.228636
0.136606
0.840201
0.876354
0.464913
0.786807
0.183395
0.116146
0.144502
0.351882
0.738685
0.462464
0.15823
0.792149
0.480579
0.313652
0.389747
0.922048
0.580366
0.751646
0.720281
0.46226
0.447728
0.18066
0.189319
0.251628
0.704256
0.685986
0.10202
0.63549
0.438594
0.163231
0.542507
0.246465
0.649165
0.936054
0.127463
0.760728
0.980114
0.600378
0.531869
0.343123
0.736301
0.0664354
0.172247
0.64007
0.729796
0.984523
0.995187
0.748215
0.237961
0.109701
0.361678
0.643773
0.68517
0.76507
0.0310868
0.323038
0.508722
0.888958
0.941532
0.255726
0.91529
0.590891
0.283586
0.722689
0.22702
0.493588
0.918223
0.887714
0.574461
0.108253
0.862919
0.885188
0.603988
0.189721
0.945819
0.293355
0.386133
0.463904
0.109614
0.764963
0.0629156
0.736465
0.75574
0.617663
0.150107
0.50873
0.195906
0.316363
0.476662
0.580832
0.180843
0.135761
0.128965
0.355627
0.783165
0.15671
0.571856
0.718806
0.0189398
0.0643427
0.409844
0.415894
0.616149
0.074716
0.567689
0.136891
0.611669
0.472081
0.515427
0.321698
0.0344806
0.598936
0.513601
0.687971
0.0829955
0.270238
0.653237
0.237841
0.918865
0.202238
0.124126
0.00726678
0.687474
0.532314
0.0450859
0.974251
0.564183
0.392104
0.180678
0.638596
0.661766
0.971659
0.768727
0.0313704
0.38369
0.922918
0.779005
0.918132
0.353768
0.298544
0.471528
0.243749
0.198162
0.665207
0.847565
0.352293
0.222057
0.383263
0.181197
0.0329222
0.150951
0.278129
0.446015
0.228337
0.554237
0.669415
0.241323
0.438796
0.014512
0.755358
0.37454
0.0107149
0.446099
0.111611
0.139754
0.0695206
0.816068
0.150802
0.583688
0.703173
0.714402
0.0543992
0.675539
0.89298
0.309704
0.339452
0.770884
0.796039
0.984424
0.924307
0.525406
0.388786
0.859282
0.529969
0.383787
0.670105
0.199271
0.374456
0.823503
0.987817
0.771171
0.419463
0.0221155
0.39295
0.241347
0.601301
0.858319
0.947077
0.0279077
0.367212
0.938569
0.720511
0.237181
0.945613
0.418485
0.840854
0.723511
0.762947
0.985956
0.806163
0.435217
0.594899
0.684354
0.694822
0.288275
0.876603
0.941616
0.621513
0.302014
0.222048
0.865003
0.448001
0.815479
0.900307
0.661707
0.407577
0.675642
0.725052
0.0205591
0.898111
0.46457
0.629682
0.976931
0.601955
0.445975
0.875233
0.687428
0.569142
0.0149662
0.280374
0.637727
0.627085
0.299865
0.636495
0.0393137
0.0355956
0.181752
0.297044
0.950971
0.67658
0.575117
0.185694
0.369581
0.1461
0.279148
0.685891
0.0216954
0.201144
0.210484
0.244277
0.6708
0.309783
0.229728
0.388098
0.722315
0.172486
0.159802
0.223963
0.0150118
0.542009
0.766991
0.510433
0.658356
0.393127
0.456709
0.894265
0.303506
0.311757
0.965988
0.840547
0.483647
0.121913
0.372292
0.797272
0.757639
0.391164
0.961309
0.998351
0.93942
0.0995568
0.801323
0.465172
0.262431
0.878415
0.873876
0.811178
0.950758
0.685421
0.143642
0.638558
0.352449
0.348405
0.567545
0.0492789
0.0103194
0.256255
0.515563
0.13868
0.244692
0.681268
0.893688
0.519491
0.913224
0.269533
0.1321
0.814338
0.875932
0.527097
0.556482
0.688793
0.678503
0.458486
0.144083
0.0642134
0.392216
0.585867
0.643786
0.49576
0.201482
0.502894
0.0951903
0.828023
0.965947
0.914776
0.218059
0.806759
0.827951
0.209146
0.4822
0.644926
0.181203
0.320933
0.148912
0.085072
0.624967
0.735014
0.657672
0.395227
0.530706
0.555516
0.593478
0.264947
0.644609
0.709078
0.507615
0.671473
0.808049
0.496228
0.192894
0.558904
0.936007
0.221654
0.967556
0.367633
0.356563
0.788082
0.152807
0.975471
0.45742
0.603551
0.508778
0.030118
0.251416
0.508252
0.912927
0.685817
0.374165
0.660929
0.232375
0.781985
0.544283
0.328931
0.0852392
0.0516201
0.499642
0.598987
0.152103
0.211744
0.69014
0.372821
0.752623
0.112807
0.845709
0.244167
0.627888
0.510761
0.203508
0.489128
0.0692204
0.632631
0.395146
0.363986
0.730208
0.348334
0.456658
0.0235786
0.391005
0.408899
0.292906
0.885615
0.571408
0.491096
0.335072
0.314231
0.889619
0.48398
0.674376
0.628713
0.333385
0.00347522
0.205644
0.115522
0.76465
0.122529
0.307816
0.795032
0.851943
0.00851568
0.33088
0.936214
0.76913
0.97475
0.124653
0.896722
0.186454
0.443458
0.477551
0.872592
0.800152
0.704277
0.545287
0.0572461
0.609338
0.012035
0.0210266
0.926488
0.781099
0.533633
0.279531
0.683255
0.893234
0.615526
0.336723
0.0183873
0.974104
0.646533
0.989832
0.382722
0.654594
0.9372
0.697838
0.939087
0.210955
0.185131
0.85186
0.694102
0.830774
0.55984
0.263796
0.329084
0.31778
0.691632
0.631067
0.693223
0.123577
0.0136235
0.0465389
0.433069
0.233441
0.267528
0.415282
0.859075
0.435563
0.481727
0.982048
0.847595
0.983706
0.460039
0.602415
0.706614
0.95627
0.533576
0.412213
0.763214
0.772825
0.934174
0.138808
0.634155
0.623894
0.210761
0.397396
0.298059
0.991312
0.350137
0.337751
0.184869
0.193792
0.0582049
0.332766
0.428062
0.913281
0.539668
0.879202
0.486379
0.0885682
0.273255
0.331738
0.739701
0.268843
0.0611869
0.800677
0.0093563
0.585338
0.037938
0.767555
0.764365
0.726637
0.512488
0.435825
0.975534
0.714129
0.304715
0.229306
0.999141
0.608727
0.591018
0.341119
0.747447
0.497254
0.823628
0.951397
0.877016
0.884655
0.81563
0.272651
0.346705
0.852818
0.0288231
0.515737
0.920205
0.653582
0.0600117
0.233929
0.874531
0.616419
0.545013
0.30362
0.0935068
0.923057
0.596828
0.512131
0.047763
0.70343
0.529509
0.789535
0.970301
0.530044
0.212942
0.454184
0.315479
0.440125
0.833045
0.321861
0.731992
0.524465
0.129906
0.505594
0.0858275
0.535268
0.0426798
0.525627
0.24243
0.247621
0.950236
0.743863
0.469636
0.044646
0.862656
0.890293
0.47201
0.687453
0.648834
0.784878
0.636794
0.999374
0.994162
0.470678
0.391887
0.479738
0.740214
0.524596
0.383387
0.124681
0.69252
0.931965
0.116926
0.148889
0.176048
0.699865
0.821969
0.269226
0.510422
0.409881
0.546714
0.844178
0.263872
0.71117
0.234379
0.795856
0.378373
0.83495
0.0371689
0.926769
0.946589
0.546627
0.0658811
0.253095
0.128629
0.484883
0.730978
0.300098
0.14378
0.980476
0.791441
0.152478
0.836454
0.581977
0.083306
0.350714
0.529634
0.490855
0.949334
0.620242
0.93262
0.742551
0.839916
0.778813
0.108634
0.550595
0.0142835
0.0727202
0.933641
0.0132538
0.258037
0.447332
0.24898
0.0912642
0.971761
0.883145
0.841331
0.0942609
0.70604
0.665525
0.445053
0.0246929
0.457023
0.263443
0.780817
0.152141
0.93616
0.0476191
0.00403611
0.727659
0.136942
0.277945
0.276257
0.365393
0.29523
0.249197
0.0881653
0.354433
0.639608
0.0368099
0.70606
0.0233933
0.92157
0.483602
0.0928888
0.738354
0.776152
0.685298
0.934502
0.61473
0.571904
0.757756
0.202546
0.477575
0.0511989
0.810918
0.884197
0.893632
0.130359
0.241392
0.139012
0.571634
0.522788
0.333814
0.89398
0.403434
0.0723157
0.0958064
0.605081
0.68446
0.949574
0.826605
0.0992974
0.363753
0.18908
0.437858
0.723174
0.75593
0.852564
0.528288
0.777339
0.1933
0.725045
0.902044
0.881312
0.268062
0.620609
0.0726329
0.616659
0.242948
0.737228
0.488083
0.822103
0.99342
0.103302
0.144885
0.201158
0.55397
0.957742
0.043566
0.546818
0.512299
0.261912
0.911436
0.640858
0.634028
0.723012
0.830818
0.655484
0.181722
0.388417
0.13549
0.236981
0.35879
0.629188
0.164254
0.105211
0.573288
0.154664
0.397613
0.336418
0.15974
0.481474
0.0790936
0.0428415
0.668379
0.318129
0.783397
0.110764
0.649008
0.82574
0.404422
0.354298
0.308228
0.28772
0.781362
0.887663
0.759767
0.884021
0.4632
0.87187
0.542821
0.94248
0.952531
0.867281
0.345989
0.0612116
0.908917
0.791974
0.60661
0.0980601
0.189032
0.574322
0.98808
0.348427
0.933208
0.77978
0.270484
0.83022
0.072379
0.226059
0.491143
0.919267
0.240857
0.473407
0.278425
0.491624
0.972992
0.339439
0.240363
0.998372
0.788221
0.649218
0.473786
0.697612
0.100842
0.355407
0.193248
0.677375
0.318204
0.171087
0.0540718
0.808604
0.722997
0.826155
0.841163
0.761585
0.199557
0.0203251
0.164637
0.501233
0.207165
0.791095
0.962866
0.951394
0.99034
0.189284
0.750646
0.897267
0.431238
0.359926
0.420476
0.695641
0.495029
0.0204927
0.233178
0.408823
0.417153
0.226247
0.613517
0.899854
0.871853
0.684493
0.159298
0.960347
0.803274
0.852739
0.509451
0.330485
0.571527
0.913386
0.497431
0.56225
0.962858
0.399023
0.409324
0.0269877
0.550712
0.843423
0.708346
0.338098
0.207011
0.105886
0.78489
0.316742
0.30308
0.868789
0.118546
0.0466497
0.578913
0.804626
0.638808
0.123585
0.788018
0.770091
0.456836
0.892038
0.251948
0.487861
0.892252
0.168874
0.311593
0.0548379
0.686345
0.979805
0.487722
0.458225
0.294503
0.384722
0.826516
0.433586
0.473234
0.15348
0.490844
0.46394
0.276817
0.392254
0.967442
0.654204
0.779835
0.135833
0.315661
0.43534
0.0381112
0.243433
0.425069
0.528064
0.153932
0.900884
0.236022
0.954008
0.952738
0.783201
0.987106
0.905793
0.307382
0.0172227
0.682518
0.416249
0.130855
0.959391
0.736259
0.596535
0.536268
0.330109
0.982471
0.995202
0.639628
0.191068
0.495048
0.773514
0.431244
0.789318
0.706323
0.960999
0.508735
0.501655
0.644325
0.27001
0.160737
0.481624
0.429957
0.685914
0.196399
0.531415
0.917003
0.34369
0.381135
0.991271
0.165776
0.741558
0.682366
0.764542
0.680611
0.973565
0.537084
0.0887397
0.59632
0.887739
0.782027
0.339348
0.571881
0.552668
0.961515
0.437564
0.562457
0.457687
0.64109
0.655697
0.133717
0.950886
0.768965
0.510919
0.0141397
0.661917
0.672934
0.652082
0.329464
0.346191
0.0572995
0.22413
0.825
0.663094
0.44105
0.0954137
0.471542
0.95886
0.391868
0.916237
0.502967
0.916831
0.166667
0.509794
0.20109
0.872095
0.94266
0.253165
0.897425
0.228425
0.656908
0.46628
0.6924
0.48377
0.978975
0.377049
0.509301
0.243135
0.501581
0.863811
0.230502
0.807894
0.697622
0.190666
0.953814
0.667657
0.376898
0.552192
0.722403
0.830659
0.569658
0.0429254
0.506508
0.413055
0.222191
0.18123
0.552059
0.424817
0.537129
0.270782
0.481512
0.0544598
0.920904
0.505821
0.476296
0.937428
0.475294
0.0549258
0.44686
0.52045
0.919888
0.53499
0.983492
0.489855
0.35728
0.861023
0.975051
0.755086
0.961245
0.883578
0.698934
0.265226
0.517089
0.365261
0.757884
0.238171
0.778722
0.468497
0.020397
0.607384
0.303409
0.202393
0.482976
0.704352
0.225864
0.287151
0.204578
0.616699
0.250588
0.12642
0.875215
0.169303
0.85591
0.423839
0.59964
0.101928
0.664707
0.238525
0.749768
0.451267
0.463591
0.650666
0.631218
0.23365
0.231578
0.813812
0.80413
0.768831
0.526786
0.0226622
0.498879
0.0436152
0.900069
0.94785
0.195039
0.700887
0.851186
0.71255
0.327086
0.0256917
0.878053
0.745995
0.701962
0.812309
0.0238576
0.988775
0.73938
0.517909
0.0998513
0.0928948
0.472206
0.578939
0.521845
0.711136
0.486567
0.281437
0.982938
0.16655
0.97357
0.888089
0.499673
0.00153551
0.859314
0.741152
0.688235
0.80075
0.848811
0.345792
0.394844
0.843098
0.152684
0.713792
0.432257
0.551658
0.872062
0.889672
0.543174
0.269087
0.424724
0.123503
0.670872
0.888776
0.150688
0.786326
0.986024
0.523758
0.203348
0.19093
0.183434
0.307458
0.09695
0.984737
0.579233
0.110505
0.645357
0.880828
0.232509
0.349619
0.512161
0.00227058
0.378798
0.988335
0.938558
0.00448381
0.0584129
0.521224
0.381936
0.0374274
0.0810524
0.335923
0.462534
0.297094
0.989274
0.909579
0.674453
0.83357
0.0353693
0.273208
0.385747
0.0265381
0.406281
0.930449
0.564503
0.960439
0.0251165
0.713683
0.976258
0.238849
0.700315
0.0744135
0.0745119
0.635342
0.627841
0.116233
0.940447
0.606981
0.190093
0.773885
0.129506
0.973484
0.51839
0.313595
0.578742
0.023331
0.743477
0.576629
0.46642
0.636984
0.568918
0.8152
0.459472
0.562769
0.552571
0.688596
0.718955
0.244689
0.0274417
0.0153576
0.661544
0.241784
0.159699
0.638322
0.317587
0.610002
0.421877
0.58348
0.423807
0.110675
0.415377
0.317105
0.600164
0.891487
0.139182
0.971191
0.263502
0.63953
0.570831
0.963635
0.721908
0.0711137
0.869499
0.441924
0.288383
0.0950858
0.166643
0.788676
0.584469
0.817575
0.28291
0.311771
0.526644
0.654373
0.775549
0.874891
0.0720819
0.747192
0.421647
0.186083
0.635926
0.362394
0.99144
0.738814
0.388687
0.362488
0.343348
0.8845
0.327282
0.714885
0.328057
0.506465
0.23327
0.528615
0.541178
0.467805
0.252079
0.633573
0.899889
0.0310254
0.931522
0.24036
0.594354
0.313196
0.949448
0.900143
0.904265
0.470459
0.460283
0.637578
0.367882
0.530275
0.738964
0.72647
0.00757884
0.844921
0.557085
0.744432
0.883003
0.168252
0.167892
0.062487
0.760132
0.908239
0.800487
0.237939
0.720126
0.635564
0.784401
0.479408
0.123
0.294709
0.677729
0.693869
0.49372
0.536332
0.607803
0.014838
0.0868593
0.341903
0.224616
0.213147
0.5539
0.723739
0.703935
0.227627
0.196671
0.242142
0.828387
0.0994525
0.622158
0.778669
0.748453
0.884168
0.567616
0.23973
0.22768
0.338835
0.558941
0.342605
0.37289
0.184157
0.686644
0.468
0.624591
0.0246985
0.888496
0.767016
0.437952
0.232662
0.940501
0.709694
0.142141
0.576614
0.0716399
0.387144
0.165626
0.576671
0.395079
0.866133
0.616367
0.618984
0.819865
0.38633
0.286297
0.048144
0.872405
0.235079
0.905576
0.715663
0.984396
0.6877
0.0191719
0.891873
0.830583
0.824175
0.530194
0.799226
0.731568
0.593238
0.803904
0.205333
0.948488
0.866276
0.524975
0.0886404
0.83113
0.985992
0.238456
0.0790042
0.650983
0.454942
0.891205
0.556683
0.936796
0.819347
0.652812
0.499479
0.0819308
0.782823
0.979898
0.588518
0.728626
0.337997
0.160282
0.0640102
0.241237
0.842619
0.517835
0.365443
0.714522
0.00847515
0.877744
0.853956
0.14867
0.639742
0.806656
0.712864
0.353396
0.48278
0.29327
0.425942
0.981161
0.96777
0.881084
0.669161
0.96526
0.0768493
0.484216
0.80336
0.151795
0.612238
0.105705
0.862169
0.633758
0.216334
0.0509308
0.587153
0.257668
0.475245
0.820595
0.922596
0.984378
0.0853389
0.23088
0.853694
0.720294
0.552835
0.214452
0.618748
0.336807
0.309474
0.69507
0.368848
0.776196
0.949048
0.60973
0.164536
0.282655
0.912792
0.00327986
0.821179
0.24684
0.174989
0.787654
0.23281
0.229974
0.008874
0.606704
0.263556
0.226019
0.858223
0.861837
0.598639
0.883762
0.71953
0.63623
0.75127
0.4693
0.677258
0.527593
0.0422322
0.996857
0.66029
0.501683
0.276079
0.854129
0.837822
0.269883
0.158788
0.0283644
0.990065
0.551975
0.519437
0.80066
0.722093
0.306218
0.0526208
0.587011
0.493041
0.708199
0.684493
0.0023766
0.469023
0.671657
0.535497
0.714522
0.444108
0.0813438
0.715266
0.212048
0.183292
0.921452
0.404206
0.179386
0.1048
0.123373
0.572743
0.162547
0.222452
0.432712
0.639937
0.00408484
0.60492
0.835068
0.911453
0.973546
0.576205
0.229826
0.952145
0.439101
0.685776
0.966104
0.486423
0.604082
0.728775
0.639256
0.982152
0.524769
0.314078
0.992463
0.919243
0.057481
0.584733
0.897659
0.686789
0.247239
0.521333
0.943379
0.0632716
0.129106
0.0406274
0.0931584
0.94002
0.097592
0.981711
0.874649
0.131887
0.508871
0.599199
0.512947
0.220478
0.58335
0.812107
0.947208
0.989971
0.00947116
0.0499337
0.601267
0.395524
0.919369
0.86128
0.669516
0.55767
0.587731
0.679137
0.300156
0.067426
0.740357
0.350706
0.899401
0.136801
0.660492
0.724689
0.551231
0.714895
0.229947
0.137944
0.675597
0.644079
0.987911
0.855077
0.180115
0.943264
0.551545
0.0940245
0.861351
0.22171
0.106058
0.32926
0.266002
0.549185
0.893864
0.1196
0.932059
0.494669
0.937159
0.18338
0.417181
0.810791
0.809315
0.170258
0.02602
0.855369
0.789825
0.292268
0.129221
0.431848
0.826136
0.319639
0.601986
0.580196
0.483104
0.468182
0.595882
0.898512
0.555413
0.359674
0.709317
0.318769
0.787153
0.886117
0.973651
0.649867
0.691833
0.72049
0.976143
0.545568
0.769832
0.0645278
0.1692
0.418509
0.422289
0.588195
0.958051
0.924925
0.972496
0.382233
0.724873
0.365016
0.809154
0.00701135
0.464421
0.214194
0.609751
0.676727
0.320717
0.210222
0.705306
0.472864
0.891653
0.316247
0.196918
0.846072
0.792409
0.461796
0.685687
0.0587981
0.442126
0.39127
0.155438
0.566024
0.382771
0.0366893
0.345463
0.458253
0.394842
0.549148
0.0304356
0.235956
0.200475
0.0986227
0.117519
0.490456
0.318324
0.567591
0.976142
0.0816315
0.552842
0.759822
0.502329
0.582877
0.278438
0.317437
0.12386
0.969817
0.950543
0.438828
0.280913
0.528917
0.693419
0.12543
0.343641
0.929183
0.150342
0.121265
0.896877
0.414672
0.525502
0.16608
0.744835
0.623884
0.607901
0.538023
0.746224
0.0168504
0.973146
0.148056
0.0321364
0.0906812
0.155996
0.355415
0.603901
0.194604
0.739982
0.0468686
0.542763
0.927401
0.604401
0.864408
0.843739
0.831238
0.306176
0.434454
0.436871
0.809999
0.275999
0.361152
0.473708
0.727477
0.415073
0.0675758
0.097291
0.717427
0.249583
0.428567
0.311136
0.506169
0.212521
0.820805
0.316167
0.557987
0.27315
0.658849
0.862763
0.0589843
0.13846
0.786157
0.305059
0.0177724
0.942354
0.999333
0.652249
0.348923
0.769911
0.410297
0.961552
0.39127
0.807135
0.859222
0.852991
0.478085
0.351636
0.901555
0.159393
0.906158
0.575424
0.382268
0.13682
0.838407
0.725356
0.812815
0.100688
0.618767
0.526151
0.870586
0.639408
0.883759
0.780494
0.692672
0.977629
0.333632
0.624673
0.237331
0.870931
0.594989
0.399058
0.996087
0.337764
0.19003
0.652069
0.571077
0.265775
0.0552054
0.154357
0.057078
0.630751
0.560327
0.915645
0.412292
0.867807
0.710822
0.747866
0.849844
0.436059
0.719434
0.801305
0.172395
0.387965
0.864541
0.330663
0.50101
0.830049
0.371608
0.559351
0.268453
0.548663
0.729696
0.455474
0.0645493
0.247353
0.560298
0.283599
0.00164906
0.244722
0.971071
0.442466
0.932227
0.0254555
0.738682
0.0495729
0.975249
0.603301
0.0654852
0.416533
0.426272
0.592871
0.842999
0.620895
0.927847
0.51551
0.0361889
0.185954
0.607287
0.970275
0.0877284
0.0138548
0.250274
0.640133
0.148264
0.48187
0.129255
0.900465
0.891132
0.528488
0.159605
0.245133
0.997968
0.865176
0.0848027
0.506978
0.841608
0.610365
0.52131
0.555319
0.0871418
0.832012
0.207748
0.902697
0.929788
0.100647
0.640634
0.514816
0.444506
0.311149
0.536241
0.628754
0.398223
0.0628219
0.986913
0.0507063
0.138886
0.846183
0.688671
0.200528
0.500006
0.442894
0.769567
0.039427
0.62509
0.292547
0.265831
0.371508
0.209579
0.325669
0.552124
0.230269
0.771391
0.833977
0.566652
0.997296
0.493469
0.49312
0.670691
0.370545
0.138239
0.535154
0.791142
0.590987
0.125625
0.371687
0.11586
0.704717
0.611063
0.496888
0.203031
0.807666
0.221493
0.273735
0.742142
0.885041
0.835692
0.967271
0.335887
0.17973
0.666916
0.0942254
0.186556
0.133974
0.0631722
0.486891
0.250365
0.446246
0.432392
0.31704
0.708132
0.238873
0.981398
0.308258
0.0865252
0.77852
0.390187
0.316252
0.302615
0.637209
0.894249
0.929245
0.704014
0.100552
0.691258
0.505991
0.901766
0.465779
0.20457
0.61741
0.0642228
0.537034
0.0108646
0.898399
0.234231
0.000115649
0.565569
0.27673
0.182362
0.793014
0.0362406
0.0725727
0.00500765
0.400553
0.285883
0.920338
0.963726
0.978373
0.446618
0.438192
0.443145
0.109107
0.606808
0.362484
0.0372394
0.0366997
0.32537
0.99594
0.972366
0.606595
0.315842
0.530063
0.81072
0.522164
0.445981
0.552658
0.776898
0.542137
0.818919
0.0186351
0.396107
0.989465
0.188001
0.542533
0.36486
0.487419
0.264429
0.179992
0.789234
0.720913
0.966123
0.236495
0.874147
0.745825
0.595287
0.127926
0.737568
0.911189
0.994926
0.190343
0.820821
0.761811
0.501047
0.585974
0.0906445
0.764309
0.963832
0.287983
0.257598
0.728566
0.150245
0.4755
0.101764
0.228811
0.761236
0.679527
0.890102
0.982321
0.303859
0.55462
0.135857
0.306157
0.763759
0.294845
0.591129
0.699322
0.943992
0.268048
0.537224
0.0138341
0.395979
0.431549
0.95825
0.276777
0.897559
0.255076
0.0222152
0.168626
0.668007
0.172217
0.077654
0.581784
0.0929896
0.687504
0.885724
0.176995
0.212678
0.0790393
0.487208
0.992507
0.0586516
0.771435
0.5467
0.978516
0.971105
0.74494
0.474301
0.83358
0.0548899
0.346474
0.506722
0.184786
0.114789
0.348557
0.299105
0.422964
0.827304
0.552974
0.656992
0.290203
0.0444448
0.36635
0.701463
0.50023
0.377068
0.0125777
0.0429358
0.60251
0.37013
0.0384526
0.129708
0.296432
0.364818
0.879412
0.681949
0.249978
0.654241
0.0657473
0.522277
0.933529
0.797811
0.468913
0.828611
0.268571
0.388381
0.334
0.178076
0.2065
0.495802
0.958361
0.193067
0.356455
0.177067
0.216748
0.26911
0.104044
0.489233
0.877804
0.0420624
0.404662
0.415682
0.202006
0.879006
0.664011
0.974095
0.772178
0.848481
0.371725
0.877044
0.218693
0.0935923
0.937414
0.730973
0.515035
0.204031
0.466572
0.560417
0.10707
0.62481
0.950137
0.0115108
0.29138
0.0710776
0.937969
0.908731
0.183308
0.716787
0.604146
0.803748
0.241762
0.123437
0.0402643
0.064237
0.79169
0.663002
0.450309
0.108454
0.171839
0.912273
0.954189
0.209791
0.118798
0.156031
0.192585
0.39181
0.581274
0.892077
0.587942
0.232379
0.362392
0.896446
0.648657
0.725489
0.552914
0.953023
0.267772
0.947489
0.603564
0.405031
0.694752
0.28338
0.767806
0.0298373
0.348771
0.937355
0.424084
0.812534
0.462667
0.834909
0.0737387
0.59363
0.735547
0.683081
0.44174
0.543768
0.734737
0.65812
0.634582
0.381982
0.198957
0.110066
0.504815
0.267956
0.0977257
0.891369
0.72482
0.5839
0.209048
0.918167
0.292717
0.254771
0.96933
0.750698
0.708281
0.870076
0.775853
0.132404
0.513121
0.355624
0.101265
0.260654
0.652165
0.145226
0.498651
0.187061
0.766863
0.222325
0.590584
0.179522
0.37711
0.69811
0.670806
0.545405
0.47016
0.0803044
0.796165
0.64564
0.531099
0.536147
0.871284
0.359248
0.979614
0.391183
0.859992
0.729687
0.499675
0.115393
0.995403
0.987022
0.258803
0.0695424
0.773125
0.548501
0.626984
0.412956
0.136396
0.315976
0.056121
0.56133
0.103967
0.879223
0.321832
0.33776
0.125823
0.773568
0.631894
0.0464134
0.621679
0.308249
0.160002
0.836906
0.874861
0.665074
0.578658
0.29537
0.100321
0.857675
0.0687129
0.728675
0.929982
0.0389006
0.221841
0.290686
0.579548
0.752635
0.0912156
0.279597
0.865528
0.658019
0.468953
0.615103
0.285406
0.526107
0.079106
0.841783
0.282147
0.845411
0.793745
0.814949
0.280012
0.00351061
0.947072
0.478087
0.264076
0.973357
0.297656
0.463842
0.711643
0.867572
0.849385
0.426472
0.16971
0.180871
0.484242
0.482263
0.276993
0.474681
0.79955
0.491292
0.588888
0.530502
0.513106
0.411044
0.185083
0.377124
0.85417
0.998013
0.196827
0.255217
0.268253
0.791912
0.52754
0.601331
0.0191331
0.809257
0.0686073
0.998006
0.581608
0.575813
0.512727
0.140421
0.510911
0.0738377
0.789579
0.0113103
0.395829
0.559795
0.511389
0.340082
0.917797
0.866831
0.40609
0.160338
0.531389
0.245835
0.289264
0.889998
0.155577
0.677512
0.907367
0.263759
0.041265
0.220047
0.167307
0.97874
0.899201
0.813335
0.513411
0.807259
0.89243
0.168313
0.15293
0.828259
0.396645
0.211978
0.565218
0.379852
0.906699
0.974429
0.325886
0.294796
0.23327
0.889762
0.272642
0.309831
0.524363
0.98946
0.940166
0.506252
0.714569
0.303619
0.971695
0.916667
0.0223538
0.516062
0.818493
0.601746
0.0723465
0.265097
0.877062
0.54714
0.324613
0.819112
0.668774
0.5473
0.67392
0.718711
0.587089
0.12842
0.485622
0.554064
0.942047
0.722294
0.826118
0.683296
0.807504
0.347787
0.308976
0.39703
0.779248
0.504535
0.615387
0.953825
0.906588
0.758115
0.38119
0.865655
0.459324
0.427489
0.512487
0.7725
0.998525
0.110215
0.0568266
0.837448
0.563967
0.641416
0.194821
0.601742
0.273118
0.0275629
0.624369
0.102287
0.814471
0.380879
0.201586
0.368042
0.249076
0.765927
0.0131289
0.428426
0.213952
0.92427
0.636516
0.0944475
0.524518
0.239817
0.969841
0.0763659
0.743414
0.126719
0.170119
0.700814
0.43237
0.749669
0.639454
0.462582
0.412854
0.0159439
0.0679054
0.924752
0.779772
0.908111
0.927988
0.755127
0.958858
0.161318
0.883215
0.802545
0.559634
0.140623
0.906179
0.575752
0.907875
0.55961
0.802873
0.948127
0.168947
0.825336
0.83101
0.688228
0.089551
0.626578
0.420988
0.979569
0.252423
0.638695
0.118064
0.570154
0.987308
0.541797
0.940855
0.866292
0.811564
0.988141
0.791008
0.0956148
0.553513
0.664782
0.466982
0.706633
0.678199
0.539937
0.565385
0.198603
0.294377
0.023709
0.148928
0.494131
0.848051
0.789705
0.792218
0.342237
0.544914
0.973703
0.475695
0.79231
0.503849
0.37519
0.992825
0.886356
0.907066
0.0298907
0.994068
0.911498
0.829001
0.395251
0.659592
0.0261592
0.814281
0.601098
0.136372
0.167587
0.921838
0.375981
0.378288
0.86714
0.113633
0.883305
0.692765
0.101469
0.266891
0.714361
0.145911
0.406639
0.421734
0.517632
0.750241
0.149174
0.30368
0.43177
0.0138539
0.709918
0.813488
0.775883
0.645187
0.176612
0.654971
0.884154
0.879611
0.398736
0.142926
0.00732077
0.638397
0.529117
0.535414
0.702581
0.381028
0.712983
0.973119
0.863613
0.621078
0.794826
0.758009
0.677394
0.415518
0.861014
0.707387
0.414529
0.197508
0.342265
0.589779
0.551095
0.812502
0.141902
0.066769
0.675224
0.964569
0.866323
0.47956
0.749581
0.130674
0.402888
0.548945
0.286608
0.72054
0.66315
0.389763
0.958263
0.432597
0.787915
0.931532
0.123534
0.685109
0.153306
0.110475
0.139103
0.207441
0.438194
0.247927
0.451219
0.599681
0.283857
0.518234
0.0865035
0.368579
0.823316
0.966575
0.908521
0.801683
0.863912
0.263314
0.934492
0.44608
0.711537
0.344817
0.0674146
0.028651
0.624432
0.828314
0.154543
0.725037
0.4304
0.106154
0.601177
0.807517
0.841982
0.297362
0.522869
0.148978
0.0239747
0.705057
0.189537
0.821601
0.727399
0.509203
0.287964
0.313515
0.180534
0.496127
0.197215
0.622454
0.454214
0.538936
0.333611
0.818719
0.384611
0.114694
0.882996
0.465764
0.687945
0.662143
0.509532
0.629568
0.639907
0.303647
0.429686
0.90019
0.776269
0.101661
0.491339
0.91219
0.314649
0.286537
0.430989
0.0250649
0.371337
0.941184
0.533339
0.06946
0.178532
0.589716
0.629567
0.0575463
0.179392
0.611419
0.292257
0.3929
0.53048
0.95653
0.671226
0.0118675
0.769132
0.313472
0.526859
0.878655
0.459053
0.674294
0.42339
0.892992
0.919103
0.640636
0.917923
0.323705
0.732354
0.250026
0.00172373
0.844051
0.845745
0.493727
0.504954
0.82432
0.581932
0.923655
0.0569634
0.161572
0.827527
0.156619
0.300506
0.242127
0.72521
0.997638
0.0947255
0.00460041
0.226936
0.107595
0.519898
0.0840117
0.363559
0.389666
0.63426
0.97345
0.71093
0.788612
0.553601
0.560454
0.598223
0.18037
0.857819
0.520895
0.581774
0.138586
0.311492
0.342732
0.723869
0.230679
0.0605248
0.38325
0.55401
0.218265
0.882651
0.732805
0.189623
0.1837
0.681303
0.880893
0.0496538
0.713249
0.581314
0.590549
0.660014
0.343738
0.978674
0.0373737
0.132517
0.498206
0.389049
0.431353
0.563359
0.0403182
0.510879
0.00338977
0.563908
0.779308
0.555187
0.612972
0.782657
0.137766
0.488037
0.246496
0.135761
0.603402
0.681981
0.473887
0.724171
0.341197
0.784713
0.379541
0.4236
0.731419
0.997915
0.666251
0.891452
0.877437
0.934509
0.350416
0.400565
0.0199901
0.712067
0.744912
0.297615
0.994682
0.773949
0.00283684
0.965036
0.539253
0.344342
0.329811
0.566274
0.527409
0.561186
0.742452
0.358245
0.676279
0.740871
0.852456
0.401629
0.513294
0.365719
0.20472
0.684583
0.432581
0.110825
0.0279936
0.250748
0.526622
0.308525
0.420573
0.296142
0.0205955
0.860331
0.762793
0.436185
0.00792952
0.82773
0.0130237
0.664334
0.69806
0.251147
0.213296
0.804663
0.422319
0.553112
0.43245
0.535315
0.550671
0.976187
0.155249
0.017592
0.569147
0.593473
0.150434
0.652197
0.642388
0.620963
0.7033
0.00181459
0.793515
0.0740824
0.0816159
0.125922
0.599253
0.66945
0.739295
0.784018
0.21522
0.607125
0.290145
0.647963
0.276547
0.214822
0.163473
0.949841
0.393567
0.0362725
0.261919
0.161861
0.680634
0.849997
0.27611
0.298789
0.0866594
0.267211
0.685908
0.346921
0.775783
0.339837
0.228033
0.908626
0.941557
0.279154
0.787466
0.316245
0.202771
0.616335
0.546786
0.778029
0.0668731
0.508078
0.793659
0.292575
0.270046
0.390063
0.251057
0.483819
0.492164
0.700617
0.0852256
0.699263
0.849707
0.235604
0.00939253
0.869206
0.508669
0.0582535
0.00190809
0.0900345
0.0195553
0.385648
0.180029
0.672041
0.813709
0.0246631
0.117503
0.639983
0.438952
0.657889
0.387061
0.207138
0.246275
0.414741
0.0880824
0.531634
0.530181
0.940808
0.544019
0.734338
0.704078
0.742077
0.90145
0.493677
0.558542
0.478884
0.929289
0.974031
0.572573
0.572325
0.518008
0.986346
0.663339
0.824711
0.0486604
0.374445
0.674186
0.513126
0.492814
0.0762181
0.788442
0.764997
0.588652
0.190108
0.361226
0.046942
0.205722
0.904553
0.295077
0.779307
0.770135
0.198419
0.92869
0.821367
0.801107
0.827112
0.810981
0.654935
0.855104
0.961394
0.0133951
0.232181
0.850791
0.789732
0.57904
0.758185
0.440344
0.932207
0.07363
0.16761
0.103378
0.302736
0.215026
0.151841
0.490063
0.411207
0.408723
0.627976
0.470343
0.488633
0.368012
0.250513
0.81545
0.373717
0.480683
0.593101
0.623795
0.101333
0.298558
0.0200495
0.90246
0.52194
0.540285
0.980553
0.242982
0.151486
0.848707
0.854117
0.619984
0.555939
0.737723
0.821003
0.0461885
0.821334
0.674353
0.200517
0.408946
0.613674
0.0131781
0.872697
0.281779
0.713828
0.944506
0.761778
0.0586963
0.097699
0.115374
0.805213
0.326791
0.154571
0.983452
0.658988
0.120444
0.686198
0.0864561
0.803399
0.453532
0.251488
0.540833
0.324794
0.388351
0.218584
0.479235
0.975597
0.674312
0.715935
0.521103
0.080971
0.697223
0.351
0.438077
0.295937
0.861474
0.060312
0.087841
0.357872
0.541639
0.394628
0.57748
0.9687
0.0645774
0.711049
0.0798692
0.32757
0.714696
0.579773
0.332566
0.0734742
0.108625
0.812177
0.635107
0.34942
0.295402
0.131297
0.133506
0.132984
0.156888
0.0435188
0.814587
0.0662468
0.882127
0.996026
0.371075
0.841218
0.958964
0.638863
0.853028
0.241298
0.975364
0.830356
0.673323
0.597673
0.97931
0.963316
0.433863
0.490576
0.856422
0.936342
0.503527
0.714208
0.513628
0.495344
0.0955886
0.942087
0.189534
0.227157
0.517375
0.194258
0.250064
0.857867
0.522793
0.543042
0.893204
0.00784813
0.48253
0.829799
0.519298
0.65406
0.0592057
0.237939
0.582501
0.374939
0.866473
0.0197194
0.70222
0.287398
0.301597
0.554965
0.0773581
0.368472
0.438757
0.183898
0.925986
0.681733
0.0923275
0.265077
0.102776
0.652677
0.411537
0.930543
0.278866
0.866113
0.624857
0.717584
0.37523
0.456534
0.75747
0.230017
0.311394
0.75029
0.710476
0.208
0.775389
0.773058
0.396826
0.75658
0.565956
0.0907562
0.526037
0.2984
0.250665
0.396242
0.935874
0.28021
0.28904
0.633454
0.371422
0.387461
0.471923
0.267138
0.566344
0.523821
0.330009
0.718118
0.111985
0.0168076
0.087082
0.805658
0.601004
0.246948
0.517333
0.240568
0.0651815
0.402274
0.670169
0.422251
0.923121
0.475138
0.527862
0.793066
0.112091
0.493092
0.157761
0.233683
0.367814
0.765
0.426794
0.0392109
0.773513
0.489022
0.695599
0.149724
0.731037
0.178075
0.655646
0.928642
0.886803
0.184858
0.386538
0.952644
0.717165
0.232384
0.282594
0.218172
0.353616
0.763717
0.436827
0.758965
0.688896
0.50872
0.804196
0.939799
0.200176
0.724947
0.641093
0.333026
0.573402
0.809442
0.699616
0.942343
0.90071
0.509485
0.0272669
0.114482
0.706423
0.800753
0.288054
0.432341
0.561148
0.0748982
0.801017
0.526924
0.761196
0.915116
0.227217
0.55109
0.144177
0.174333
0.485162
0.15241
0.21188
0.948709
0.215282
0.448623
0.438229
0.408036
0.342847
0.686769
0.0213524
0.259469
0.120875
0.0516748
0.931967
0.24306
0.804169
0.233084
0.420985
0.754531
0.865251
0.771574
0.152294
0.136227
0.684256
0.445903
0.765265
0.951532
0.917918
0.759275
0.357947
0.647377
0.486703
0.30624
0.496822
0.306471
0.241601
0.988615
0.752156
0.994373
0.0295898
0.887547
0.247704
0.721526
0.934517
0.435181
0.586882
0.878297
0.0122069
0.365405
0.0304296
0.679401
0.667563
0.917017
0.677622
0.596717
0.958926
0.728745
0.337627
0.796527
0.301127
0.774717
0.931729
0.464862
0.232555
0.168027
0.771757
0.745596
0.790822
0.492283
0.514711
0.379001
0.502857
0.945827
0.5667
0.46864
0.653577
0.596463
0.237946
0.983256
0.186761
0.697918
0.0406719
0.385062
0.865118
0.721095
0.647719
0.34056
0.945181
0.567968
0.635216
0.894731
0.0969737
0.584328
0.129496
0.260389
0.327189
0.346568
0.747712
0.884447
0.675765
0.800405
0.112824
0.500399
0.0956727
0.865401
0.0551009
0.166799
0.559633
0.934041
0.171221
0.935989
0.649446
0.289895
0.454261
0.81363
0.97628
0.00422449
0.45792
0.481326
0.275152
0.658843
0.109684
0.192036
0.154204
0.755634
0.502302
0.047283
0.718159
0.0369898
0.401848
0.169022
0.803307
0.439675
0.913356
0.136197
0.755005
0.976704
0.809937
0.421641
0.66319
0.583454
0.99546
0.800328
0.080801
0.627423
0.940241
0.0726574
0.537025
0.273868
0.678286
0.630336
0.893372
0.786625
0.0268607
0.967453
0.76604
0.84529
0.496613
0.192039
0.0617731
0.453671
0.28404
0.816135
0.0742247
0.533166
0.627298
0.8942
0.710167
0.0279379
0.479696
0.145463
0.125009
0.642172
0.199661
0.646998
0.428923
0.185233
0.027446
0.538466
0.981248
0.0764025
0.242021
0.860342
0.14314
0.671574
0.759672
0.985268
0.946972
0.690393
0.711085
0.333089
0.924685
0.770981
0.346893
0.326901
0.993969
0.843605
0.0724021
0.398734
0.727147
0.0340104
0.0689501
0.744532
0.138369
0.777329
0.859064
0.320033
0.154033
0.996341
0.32124
0.029789
0.732011
0.9818
0.532322
0.364529
0.938826
0.0718051
0.854478
0.967514
0.670491
0.582619
0.801774
0.244875
0.821433
0.571823
0.299197
0.570538
0.994385
0.949455
0.334258
0.672295
0.948878
0.883284
0.0164187
0.126721
0.272267
0.216258
0.489579
0.648502
0.808982
0.229503
0.743687
0.051734
0.503731
0.201118
0.367671
0.81082
0.0241077
0.143944
0.870859
0.386761
0.0677603
0.325172
0.0357867
0.647233
0.0879174
0.803995
0.482818
0.438484
0.466365
0.553821
0.325799
0.712515
0.321452
0.702139
0.546472
0.529444
0.275556
0.119843
0.0506583
0.103561
0.955694
0.774479
0.797164
0.110048
0.815299
0.836808
0.885563
0.391501
0.316149
0.0615973
0.994834
0.579209
0.587219
0.172534
0.49337
0.9601
0.590807
0.244363
0.273031
0.0688171
0.503439
0.926154
0.745249
0.264439
0.606259
0.977352
0.294069
0.167918
0.342023
0.338686
0.0965981
0.900803
0.417547
0.835114
0.851409
0.0957025
0.71414
0.765831
0.324674
0.568151
0.335714
0.891631
0.425521
0.178104
0.115129
0.653045
0.918432
0.00351722
0.27289
0.470848
0.00228321
0.641
0.356304
0.476782
0.432509
0.788118
0.978078
0.436278
0.203134
0.703721
0.836401
0.552084
0.0762858
0.547928
0.867688
0.530225
0.454005
0.739788
0.711214
0.155586
0.705458
0.511893
0.723222
0.728266
0.53523
0.867457
0.0570546
0.274281
0.217509
0.642963
0.534363
0.342217
0.407401
0.740927
0.59829
0.46424
0.123974
0.621511
0.209089
0.684858
0.69837
0.533681
0.481317
0.789815
0.781379
0.837723
0.753292
0.50231
0.664308
0.13872
0.926948
0.612658
0.409195
0.238949
0.840735
0.08499
0.802994
0.456082
0.380285
0.111249
0.607162
0.379985
0.450053
0.9857
0.600231
0.296292
0.00176414
0.835423
0.6058
0.338698
0.438841
0.603427
0.13051
0.899061
0.00518362
0.336745
0.942927
0.286359
0.555752
0.534059
0.4108
0.349763
0.448111
0.964369
0.655462
0.441514
0.459883
0.544268
0.521544
0.271942
0.617189
0.277399
0.409813
0.888151
0.822578
0.292408
0.561719
0.0822618
0.125473
0.198546
0.265592
0.303409
0.53014
0.500341
0.495009
0.815064
0.251025
0.0202367
0.976422
0.0169931
0.386812
0.172688
0.871895
0.0568584
0.89562
0.673144
0.878054
0.0139399
0.535734
0.66508
0.277713
0.876811
0.829509
0.278443
0.498026
0.494312
0.0714484
0.920568
0.15943
0.797464
0.612819
0.928918
0.0425462
0.417866
0.0108881
0.0234144
0.424164
0.820653
0.746237
0.880383
0.875297
0.0886879
0.920633
0.362074
0.880171
0.306772
0.203291
0.883697
0.999333
0.274232
0.0665907
0.148263
0.206282
0.101249
0.533596
0.248987
0.387213
0.605176
0.958102
0.806574
0.688499
0.710293
0.201079
0.407528
0.776015
0.0669355
0.601851
0.829172
0.452687
0.548681
0.733291
0.223042
0.252857
0.270644
0.661799
0.0827136
0.350045
0.315552
0.607526
0.103019
0.603022
0.880856
0.0397341
0.25967
0.0172655
0.399883
0.586575
0.0719795
0.976786
0.0791956
0.146879
0.18384
0.936026
0.875516
0.441556
0.392446
0.952522
0.257591
0.330368
0.00990954
0.556697
0.116326
0.661368
0.0556917
0.532645
0.261741
0.549259
0.999487
0.728882
0.345297
0.847929
0.513185
0.0054302
0.444865
0.463099
0.511136
0.796626
0.52701
0.0334546
0.380968
0.939745
0.543768
0.601933
0.109482
0.768903
0.921209
0.130673
0.523032
0.851205
0.953692
0.229998
0.278573
0.966167
0.335853
0.138941
0.906091
0.28725
0.355395
0.896209
0.117238
0.471543
0.65124
0.578871
0.916971
0.22512
0.837326
0.482889
0.599262
0.580437
0.532505
0.915171
0.445169
0.760703
0.657747
0.820081
0.498793
0.245085
0.405988
0.451999
0.95696
0.0877007
0.606079
0.626103
0.911442
0.250795
0.745678
0.347279
0.023761
0.725548
0.549729
0.665908
0.44416
0.538375
0.499142
0.991988
0.316285
0.851009
0.192073
0.58713
0.602009
0.702476
0.0780426
0.0375694
0.937355
0.422349
0.319266
0.89959
0.667547
0.24829
0.746561
0.829219
0.140058
0.556469
0.877969
0.0073691
0.448634
0.679319
0.461747
0.914908
0.964272
0.328389
0.10305
0.0834355
0.663009
0.916631
0.253004
0.649613
0.123409
0.808913
0.603762
0.895157
0.433102
0.915257
0.0736377
0.701324
0.584545
0.740344
0.818879
0.444899
0.382106
0.646143
0.715597
0.490032
0.70895
0.77155
0.565676
0.483264
0.152416
0.852272
0.849228
0.252991
0.556346
0.632709
0.534643
0.583383
0.810111
0.165328
0.533079
0.52915
0.00505379
0.0265213
0.521246
0.533044
0.554255
0.2845
0.634489
0.392794
0.701517
0.346665
0.938007
0.307284
0.417344
0.971757
0.509897
0.741
0.526526
0.60576
0.714635
0.827433
0.223328
0.608166
0.0145158
0.351656
0.251772
0.16409
0.0708796
0.0934834
0.962194
0.983554
0.444212
0.278383
0.359228
0.996812
0.836254
0.0949693
0.945196
0.857043
0.358141
0.435819
0.607128
0.321374
0.992701
0.161454
0.62238
0.62875
0.388884
0.953319
0.850208
0.428329
0.930746
0.107037
0.774124
0.203123
0.117549
0.0372623
0.858133
0.517753
0.536636
0.654182
0.93103
0.802193
0.874482
0.681728
0.424916
0.239908
0.667395
0.190514
0.331518
0.102182
0.921959
0.604451
0.923445
0.472832
0.822718
0.918089
0.494126
0.619695
0.883406
0.259542
0.633043
0.64097
0.887027
0.898014
0.561522
0.763934
0.504438
0.690597
0.654342
0.587988
0.692021
0.374138
0.965887
0.399108
0.864159
0.337412
0.0245741
0.663364
0.83946
0.0779054
0.670329
0.126455
0.000910263
0.696623
0.757694
0.266351
0.725906
0.972315
0.258647
0.798019
0.574848
0.961226
0.957596
0.612388
0.0255734
0.0862989
0.475766
0.0145657
0.660411
0.426016
0.889001
0.946026
0.0144216
0.721672
0.463796
0.537746
0.0449734
0.545598
0.939432
0.820899
0.0580468
0.383193
0.893727
0.661865
0.505668
0.0687566
0.767016
0.401279
0.337906
0.288115
0.460337
0.643328
0.444559
0.647532
0.602666
0.0112278
0.454844
0.254961
0.788001
0.276095
0.983061
0.731517
0.661559
0.366339
0.92586
0.15214
0.687631
0.629188
0.149702
0.407447
0.917614
0.0695556
0.779494
0.905363
0.910076
0.827534
0.141018
0.131306
0.106039
0.0365271
0.457162
0.318676
0.0588944
0.560174
0.793591
0.0247453
0.742809
0.53746
0.042244
0.65729
0.155462
0.74009
0.375922
0.569756
0.186292
0.50139
0.465661
0.0712575
0.491995
0.417636
0.59206
0.135113
0.315064
0.625309
0.776128
0.507392
0.863108
0.664801
0.284583
0.80524
0.25726
0.664529
0.815247
0.76268
0.0341304
0.700262
0.732748
0.456746
0.780671
0.0521976
0.702034
0.775819
0.384475
0.0154175
0.66234
0.939996
0.439095
0.704811
0.40843
0.134352
0.0569311
0.689332
0.116909
0.572679
0.369296
0.517104
0.39682
0.0932321
0.648822
0.445754
0.185856
0.939462
0.744243
0.633644
0.792503
0.156522
0.498571
0.308092
0.242955
0.216413
0.312142
0.105962
0.878542
0.467282
0.951269
0.948502
0.819669
0.900994
0.187077
0.00302093
0.827353
0.881556
0.629431
0.00492714
0.520778
0.928028
0.10594
0.439334
0.52286
0.670745
0.690207
0.755198
0.485555
0.689166
0.727626
0.318992
0.0789827
0.302479
0.317884
0.590035
0.805928
0.447964
0.224315
0.865374
0.224689
0.693506
0.280602
0.71701
0.0337765
0.0548297
0.400983
0.215285
0.102796
0.708938
0.27277
0.45527
0.442694
0.715658
0.878117
0.502758
0.21914
0.500562
0.969774
0.346067
0.0552743
0.855132
0.483939
0.94173
0.28072
0.532803
0.239111
0.106856
0.605167
0.840235
0.926257
0.438291
0.475836
0.838252
0.782197
0.196977
0.573857
0.491667
0.0504154
0.222204
0.376227
0.175569
0.623643
0.440651
0.22533
0.910423
0.538618
0.88385
0.0806499
0.330888
0.319898
0.768264
0.157466
0.183957
0.767244
0.0367619
0.471302
0.809761
0.526715
0.689661
0.297255
0.0108968
0.712603
0.597378
0.518931
0.60998
0.644997
0.603372
0.487565
0.195453
0.281879
0.38265
0.449447
0.646529
0.657123
0.47347
0.846459
0.312223
0.244891
0.372594
0.274287
0.71824
0.970978
0.770951
0.925722
0.629226
0.0535755
0.568893
0.688753
0.661608
0.106444
0.879297
0.353475
0.601608
0.259946
0.902119
0.656976
0.530558
0.389224
0.404099
0.116452
0.910561
0.979627
0.0991323
0.129131
0.27185
0.459423
0.00434993
0.920726
0.121623
0.896855
0.818708
0.275978
0.434126
0.357403
0.478259
0.16537
0.573616
0.668199
0.697413
0.377739
0.954497
0.216996
0.889176
0.971732
0.0841057
0.256056
0.219259
0.0688049
0.00991084
0.176254
0.507436
0.431727
0.46936
0.709332
0.531603
0.0166878
0.301396
0.00847689
0.271685
0.771733
0.726416
0.207511
0.476311
0.303112
0.957657
0.181336
0.338455
0.474388
0.0119446
0.795683
0.189125
0.777077
0.500333
0.569512
0.0915439
0.558793
0.277238
0.161898
0.641693
0.464175
0.00660238
0.87631
0.722912
0.190318
0.580733
0.0445558
0.459703
0.743425
0.735682
0.962329
0.174624
0.574428
0.699119
0.406373
0.247029
0.442291
0.0541041
0.734307
0.846534
0.684627
0.695147
0.372785
0.479801
0.25256
0.500553
0.014868
0.0271865
0.782842
0.574925
0.106473
0.805784
0.934169
0.274356
0.893957
0.495619
0.911256
0.0795266
0.276046
0.293441
0.651031
0.312626
0.45534
0.169499
0.567818
0.00540817
0.575715
0.82153
0.47238
0.439383
0.476621
0.0402496
0.623344
0.2352
0.864142
0.384091
0.575097
0.825856
0.718787
0.938569
0.196338
0.885067
0.914464
0.607127
0.996909
0.194512
0.751417
0.913966
0.672362
0.636936
0.503833
0.232313
0.917369
0.830246
0.902201
0.18968
0.337986
0.423493
0.619621
0.719507
0.382891
0.530485
0.874574
0.769587
0.195052
0.170976
0.920781
0.453853
0.144156
0.131861
0.844762
0.826418
0.429196
0.279384
0.266699
0.314741
0.838586
0.194427
0.429696
0.990866
0.727256
0.931833
0.112149
0.57286
0.127583
0.805288
0.809763
0.588877
0.171423
0.174422
0.865854
0.228089
0.587656
0.281839
0.495489
0.739668
0.783681
0.995039
0.921443
0.984932
0.156536
0.810708
0.744786
0.0297352
0.952273
0.354193
0.993424
0.0837056
0.749801
0.751805
0.46752
0.218363
0.942671
0.283032
0.627148
0.164659
0.290515
0.467794
0.596678
0.107876
0.478678
0.763337
0.300541
0.238699
0.833829
0.107615
0.360559
0.327102
0.975049
0.141376
0.396711
0.672371
0.720432
0.778593
0.657908
0.329257
0.41117
0.302128
0.500389
0.866232
0.757213
0.984969
0.818085
0.395697
0.0560832
0.742485
0.957454
0.0147555
0.300438
0.0916084
0.420853
0.864709
0.28831
0.0316516
0.435657
0.982341
0.806196
0.889966
0.555501
0.16976
0.599651
0.934065
0.33596
0.914059
0.914829
0.0992443
0.916585
0.574343
0.530346
0.69479
0.32775
0.721175
0.450513
0.829067
0.463625
0.730805
0.753655
0.649425
0.0175074
0.0405314
0.844098
0.66082
0.0147136
0.368269
0.811158
0.420178
0.809337
0.663329
0.426792
0.0732001
0.0990292
0.530001
0.0957548
0.496885
0.377111
0.762823
0.794198
0.443331
0.660856
0.833304
0.587545
0.976341
0.841776
0.521973
0.00469245
0.798222
0.787778
0.215258
0.568486
0.645436
0.733731
0.971013
0.75307
0.872144
0.528287
0.555356
0.0749286
0.443184
0.118993
0.991451
0.849841
0.8439
0.0691336
0.43133
0.192812
0.623858
0.879208
0.52695
0.33851
0.383816
0.060333
0.0671756
0.458532
0.668032
0.0593758
0.0630413
0.39764
0.333616
0.705785
0.27264
0.599185
0.150473
0.433506
0.396611
0.801427
0.473235
0.380088
0.851163
0.629087
0.373395
0.98724
0.612575
0.151996
0.396974
0.987176
0.56849
0.91518
0.610731
0.877795
0.019147
0.34856
0.52724
0.0439889
0.326916
0.232148
0.283668
0.605434
0.564587
0.823041
0.737504
0.552481
0.680362
0.0487457
0.299807
0.616965
0.967308
0.948719
0.936949
0.115829
0.253201
0.320064
0.137924
0.360643
0.43769
0.717904
0.287643
0.459797
0.990994
0.906161
0.0473988
0.923116
0.453946
0.286604
0.480945
0.537774
0.47405
0.395672
0.956015
0.802958
0.575871
0.298596
0.693182
0.728114
0.764911
0.583739
0.341917
0.111591
0.739269
0.0282712
0.471532
0.27493
0.438655
0.13678
0.425147
0.541269
0.870378
0.321074
0.869373
0.0786319
0.560102
0.0723475
0.571255
0.80112
0.993539
0.0623095
0.656238
0.210037
0.424753
0.590496
0.774136
0.896044
0.276904
0.469544
0.370875
0.101969
0.870541
0.513817
0.497313
0.60963
0.669905
0.880785
0.366752
0.264849
0.895191
0.126473
0.00251245
0.851059
0.932737
0.900063
0.817734
0.577848
0.17922
0.548283
0.581491
0.137285
0.942052
0.764017
0.90749
0.724758
0.91736
0.938117
0.831677
0.405645
0.178582
0.607508
0.119575
0.173804
0.101399
0.791534
0.278301
0.588324
0.261361
0.933258
0.675966
0.243226
0.0751812
0.380845
0.245289
0.929002
0.289729
0.0299705
0.740206
0.249485
0.79775
0.981435
0.914326
0.883251
0.588259
0.335316
0.00717023
0.502597
0.803328
0.936433
0.986076
0.618161
0.221257
0.804643
0.744811
0.993104
0.337089
0.83247
0.269681
0.612947
0.352451
0.223216
0.234126
0.00783227
0.573387
0.0925228
0.87625
0.661135
0.171972
0.0892499
0.87192
0.616611
0.188374
0.137484
0.479179
0.686262
0.696729
0.19693
0.956824
0.989754
0.861624
0.926363
0.328722
0.206839
0.271746
0.363104
0.372357
0.83614
0.521673
0.155676
0.370389
0.0226547
0.0590244
0.868257
0.0117203
0.89434
0.328064
0.681823
0.916298
0.74334
0.196969
0.121829
0.85733
0.364296
0.497769
0.825916
0.855771
0.14143
0.647418
0.813916
0.13398
0.434644
0.136554
0.128769
0.366045
0.985981
0.018779
0.379825
0.897878
0.640848
0.22611
0.844429
0.496071
0.999154
0.862773
0.980903
0.804658
0.681899
0.845512
0.993838
0.84602
0.876969
0.0887732
0.394543
0.617833
0.528388
0.570772
0.145937
0.852175
0.926799
0.223692
0.208183
0.275004
0.172374
0.799033
0.251697
0.911542
0.797969
0.266882
0.526607
0.0225135
0.199515
0.484135
0.827295
0.742596
0.0181769
0.848476
0.028775
0.260081
0.506529
0.44806
0.565829
0.978192
0.59727
0.296089
0.649883
0.305316
0.942113
0.0479661
0.0526961
0.0237929
0.821236
0.0487858
0.416305
0.29388
0.41705
0.531286
0.667926
0.688747
0.533101
0.628699
0.0255201
0.8744
0.10928
0.901569
0.979512
0.010504
0.683771
0.0896771
0.640067
0.238124
0.78232
0.545492
0.964936
0.0412086
0.734632
0.508816
0.0540545
0.341653
0.940477
0.236722
0.24382
0.153278
0.60512
0.670709
0.892672
0.936942
0.56188
0.434995
0.162835
0.645135
0.282245
0.615752
0.819622
0.216128
0.480447
0.0390707
0.0446837
0.0904003
0.945401
0.182808
0.854345
0.509607
0.130455
0.929906
0.196193
0.973456
0.508636
0.0730231
0.840349
0.544126
0.322487
0.755664
0.36626
0.691392
0.843856
0.295579
0.857927
0.273526
0.987099
0.462874
0.252576
0.976958
0.622292
0.127639
0.938983
0.238136
0.402611
0.06833
0.376777
0.209276
0.697864
0.929742
0.818649
0.789662
0.316031
0.0940115
0.180868
0.928626
0.254928
0.304368
0.647826
0.336791
0.571185
0.952576
0.543457
0.158796
0.55419
0.169397
0.592737
0.0225786
0.375705
0.373687
0.072564
0.865032
0.0344352
0.339664
0.0620282
0.938049
0.168594
0.70169
0.502446
0.0377729
0.764017
0.168787
0.928915
0.107304
0.192705
0.572867
0.3051
0.491959
0.784898
0.699946
0.555313
0.0477818
0.331489
0.0957503
0.222809
0.508788
0.753348
0.608261
0.676864
0.715186
0.537002
0.210704
0.836279
0.921444
0.455257
0.988913
0.27219
0.0859465
0.256199
0.395212
0.503656
0.158385
0.260314
0.754118
0.416703
0.510937
0.655147
0.309052
0.0388625
0.107431
0.378168
0.048585
0.810714
0.292549
0.14585
0.33877
0.34346
0.450968
0.890977
0.677017
0.173552
0.693054
0.737965
0.303594
0.86438
0.347215
0.960624
0.0587608
0.00987074
0.775569
0.0677688
0.825179
0.220629
0.994595
0.345161
0.683647
0.381242
0.109795
0.599304
0.04128
0.625231
0.715877
0.407903
0.43957
0.255627
0.443039
0.447723
0.458725
0.824398
0.735846
0.163906
0.516342
0.75923
0.942915
0.54241
0.793751
0.184129
0.800884
0.582403
0.86182
0.219726
0.561469
0.427566
0.638031
0.275098
0.200952
0.350078
0.375325
0.266786
0.451323
0.890482
0.716444
0.839964
0.60405
0.598926
0.169812
0.445284
0.182803
0.812848
0.367877
0.372867
0.400386
0.713718
0.318274
0.798518
0.766879
0.157979
0.683064
0.699132
0.978042
0.25798
0.521324
0.693249
0.182089
0.836957
0.473744
0.913871
0.514082
0.293679
0.0918903
0.785282
0.234493
0.339233
0.925105
0.821402
0.464619
0.918649
0.549445
0.463793
0.148057
0.468344
0.398746
0.613085
0.974491
0.707129
0.95017
0.364559
0.288723
0.290937
0.406121
0.929389
0.901794
0.912603
0.850946
0.606679
0.868788
0.487413
0.262646
0.672712
0.0646421
0.778459
0.514046
0.284349
0.359064
0.685062
0.360413
0.970673
0.667103
0.100814
0.605875
0.434699
0.654666
0.0596157
0.362651
0.535286
0.648417
0.299187
0.22711
0.20465
0.796109
0.508781
0.925849
0.321659
0.924167
0.674524
0.633065
0.25421
0.240795
0.0313283
0.795663
0.860535
0.150204
0.270396
0.462082
0.560577
0.310771
0.587941
0.30047
0.92221
0.739744
0.802049
0.68625
0.726857
0.511073
0.675073
0.381675
0.265063
0.401136
0.479281
0.832732
0.651196
0.918752
0.110666
0.352599
0.130136
0.438447
0.222964
0.295456
0.976527
0.786108
0.110637
0.568011
0.863905
0.469086
0.761368
0.765927
0.118126
0.882456
0.627639
0.114125
0.584588
0.062319
0.391239
0.958381
0.855612
0.917164
0.128662
0.494076
0.153032
0.0896248
0.799959
0.888506
0.47797
0.642514
0.505636
0.0866556
0.867435
0.302461
0.268889
0.986428
0.284636
0.928327
0.643258
0.896324
0.271856
0.815109
0.814377
0.283647
0.87265
0.231136
0.310863
0.790216
0.251666
0.769885
0.3717
0.810093
0.0793011
0.449071
0.500211
0.0331273
0.184804
0.499101
0.988563
0.171448
0.701689
0.159445
0.0986728
0.484198
0.325899
0.972793
0.168591
0.048393
0.179029
0.679425
0.867343
0.309216
0.821022
0.233303
0.991592
0.0683726
0.300525
0.27101
0.0862102
0.490235
0.784046
0.867464
0.436176
0.147015
0.691056
0.12991
0.933585
0.779408
0.711271
0.354191
0.441674
0.980273
0.328899
0.553752
0.684557
0.046689
0.169206
0.349936
0.670091
0.889879
0.664138
0.878454
0.143338
0.211282
0.161077
0.636543
0.665197
0.683669
0.0333937
0.402401
0.366936
0.124447
0.860841
0.555669
0.154644
0.588808
0.00593145
0.586458
0.692658
0.886515
0.499202
0.291037
0.602373
0.649973
0.0481775
0.323716
0.349538
0.133704
0.0943016
0.334385
0.792351
0.255975
0.458119
0.0161974
0.513862
0.820538
0.44049
0.883123
0.211059
0.667342
0.898021
0.576633
0.561531
0.951432
0.301762
0.76726
0.294929
0.563834
0.0433335
0.29177
0.475089
0.580228
0.102158
0.790339
0.220306
0.714853
0.867644
0.739538
0.88082
0.199202
0.563632
0.093666
0.837294
0.897212
0.897943
0.645745
0.021393
0.379298
0.712592
0.315273
0.585203
0.143683
0.401462
0.696854
0.112114
0.201075
0.459506
0.914644
0.776138
0.302253
0.90477
0.89373
0.983924
0.631097
0.55171
0.0713434
0.494575
0.719986
0.697785
0.0371257
0.683862
0.551224
0.107701
0.0402998
0.534643
0.636892
0.0397937
0.379021
0.783769
0.638486
0.161954
0.758606
0.283104
0.584148
0.661543
0.354789
0.540632
0.720987
0.68247
0.848308
0.254898
0.727567
0.846907
0.62954
0.756997
0.600484
0.368978
0.946754
0.0994273
0.681116
0.879591
0.447819
0.207481
0.63504
0.197928
0.520709
0.319572
0.836838
0.954788
0.469238
0.827499
0.615389
0.151084
0.98251
0.681784
0.716478
0.782658
0.903434
0.502882
0.646368
0.847769
0.0261936
0.344417
0.246601
0.0499443
0.826149
0.254151
0.860026
0.896481
0.638596
0.0927659
0.192994
0.658008
0.0640514
0.876782
0.839729
0.689829
0.215057
0.743161
0.261601
0.220002
0.979296
0.678893
0.624847
0.0874234
0.621468
0.764734
0.582253
0.676869
0.865683
0.850334
0.093302
0.964566
0.894007
0.466345
0.437912
0.0812935
0.486616
0.202269
0.384544
0.95029
0.555005
0.707472
0.186154
0.600696
0.540947
0.533887
0.828192
0.836503
0.248027
0.0156775
0.341086
0.60481
0.536114
0.712995
0.583876
0.11067
0.557329
0.229632
0.742888
0.330329
0.678899
0.699776
0.875496
0.84772
0.476465
0.335461
0.638646
0.0545799
0.962414
0.19812
0.318391
0.792511
0.0279632
0.0255357
0.332124
0.962108
0.633859
0.386487
0.390608
0.872434
0.0105425
0.682658
0.831627
0.952539
0.670903
0.260338
0.589735
0.600406
0.7625
0.978892
0.634064
0.515011
0.775421
0.510764
0.244452
0.861744
0.179481
0.0771589
0.429829
0.483949
0.711666
0.569015
0.315233
0.424063
0.0119667
0.535004
0.0970791
0.992874
0.571844
0.464198
0.82133
0.167603
0.692413
0.433808
0.875497
0.257434
0.745372
0.471502
0.771427
0.504038
0.604091
0.99301
0.0685945
0.945753
0.999001
0.170892
0.653078
0.735071
0.803287
0.977759
0.0200926
0.833689
0.143329
0.491276
0.651269
0.197779
0.743632
0.569738
0.443924
0.194502
0.267074
0.582736
0.819209
0.951918
0.525933
0.0447151
0.458855
0.936934
0.463874
0.939495
0.414638
0.485054
0.608988
0.586728
0.887733
0.882612
0.357191
0.0888695
0.542736
0.44464
0.766495
0.867621
0.527841
0.763164
0.547301
0.366516
0.11189
0.751818
0.362243
0.631983
0.182822
0.51939
0.360183
0.815898
0.911364
0.609949
0.740406
0.45137
0.268126
0.299266
0.971494
0.079937
0.360111
0.891588
0.689866
0.0480166
0.760918
0.178533
0.109656
0.29541
0.153729
0.170792
0.541094
0.137078
0.161855
0.0670625
0.110479
0.455736
0.651771
0.263385
0.491229
0.597754
0.970156
0.516152
0.101556
0.475367
0.400386
0.545982
0.227614
0.957505
0.94483
0.206344
0.538062
0.269061
0.675463
0.545302
0.832141
0.659858
0.133951
0.77233
0.192431
0.551937
0.359222
0.322474
0.298383
0.385173
0.300329
0.310953
0.0187471
0.771232
0.828409
0.0227697
0.780587
0.805029
0.955928
0.420252
0.0685531
0.598313
0.834982
0.61938
0.918218
0.574743
0.738834
0.931985
0.828122
0.739528
0.600435
0.350574
0.241855
0.104854
0.325618
0.626983
0.978115
0.4671
0.522607
0.63276
0.765847
0.701223
0.468355
0.16216
0.644902
0.22631
0.00908731
0.327693
0.410239
0.0247588
0.0795954
0.189957
0.718669
0.942821
0.00405167
0.150264
0.869103
0.495559
0.560053
0.215439
0.756816
0.23405
0.765583
0.724008
0.954507
0.252634
0.772745
0.113235
0.372
0.621104
0.378295
0.324686
0.294965
0.579179
0.21383
0.415943
0.82252
0.0428235
0.351288
0.697968
0.554324
0.314687
0.0143504
0.487597
0.778634
0.491124
0.454204
0.495494
0.0616539
0.69905
0.428584
0.510229
0.931729
0.416831
0.6844
0.844245
0.904811
0.33009
0.42369
0.838522
0.24414
0.697847
0.935959
0.347391
0.139957
0.464809
0.881817
0.716999
0.205758
0.416513
0.556534
0.410472
0.806432
0.755985
0.759827
0.606141
0.46945
0.460651
0.530717
0.194978
0.910973
0.68953
0.323277
0.4283
0.680651
0.0428136
0.518886
0.722096
0.457398
0.474408
0.280278
0.921195
0.197354
0.624877
0.408203
0.682579
0.94747
0.935693
0.287331
0.976267
0.715093
0.440165
0.397675
0.354435
0.565772
0.0726945
0.883254
0.341085
0.567367
0.822886
0.941922
0.688284
0.486034
0.367918
0.428745
0.379489
0.665291
0.884745
0.118543
0.0909823
0.398458
0.668927
0.0881626
0.710067
0.671171
0.721159
0.161672
0.721285
0.457202
0.514022
0.286568
0.48305
0.0690023
0.284581
0.0196025
0.207034
0.38428
0.13399
0.409042
0.807649
0.300789
0.330041
0.847042
0.60156
0.440772
0.0359606
0.780807
0.406302
0.0809195
0.418052
0.332819
0.117692
0.388311
0.0617976
0.175641
0.949268
0.38171
0.852649
0.691603
0.710961
0.41346
0.112224
0.24657
0.712452
0.401573
0.63736
0.0134142
0.929309
0.274665
0.339246
0.356807
0.203291
0.0831288
0.0495413
0.467451
0.604784
0.656114
0.533247
0.31038
0.214002
0.441956
0.263529
0.596983
0.933444
0.874921
0.667465
0.440891
0.388416
0.0974996
0.595689
0.619811
0.272868
0.687657
0.111387
0.41333
0.828122
0.966058
0.399491
0.264004
0.582379
0.979385
0.885922
0.927835
0.515532
0.0815919
0.406322
0.221383
0.839303
0.592946
0.507049
0.285792
0.396012
0.953485
0.387835
0.791438
0.98527
0.468349
0.450953
0.487655
0.838095
0.751229
0.408209
0.71611
0.989785
0.611749
0.0725044
0.178331
0.880312
0.924366
0.63976
0.571096
0.463985
0.200574
0.920259
0.339979
0.175091
0.621901
0.732937
0.382073
0.915707
0.356012
0.814972
0.153549
0.854633
0.46872
0.061813
0.374472
0.207704
0.77614
0.794969
0.909357
0.670647
0.887444
0.808744
0.943176
0.0640286
0.522607
0.0805314
0.243522
0.699254
0.222487
0.806969
0.0437172
0.565331
0.790893
0.570786
0.311
0.654339
0.428958
0.327484
0.259337
0.481999
0.46876
0.0604132
0.777526
0.417072
0.0323939
0.576611
0.788452
0.0147884
0.699646
0.34982
0.721663
0.766285
0.446177
0.563263
0.524844
0.0457865
0.517327
0.721251
0.684738
0.483838
0.551857
0.199973
0.268101
0.348252
0.905329
0.864641
0.190339
0.0110568
0.703444
0.0193374
0.904587
0.362086
0.359122
0.260835
0.0766038
0.646777
0.0100967
0.71762
0.139441
0.112391
0.191293
0.266134
0.943468
0.904502
0.882515
0.879808
0.0378426
0.631761
0.419477
0.690953
0.91355
0.0856115
0.396662
0.695514
0.249036
0.842681
0.113924
0.526706
0.73933
0.377511
0.0343513
0.242696
0.339291
0.264582
0.556224
0.648856
0.0607419
0.850096
0.803545
0.996228
0.150271
0.130834
0.472782
0.810408
0.326331
0.600811
0.622104
0.610949
0.526972
0.534129
0.956282
0.0389322
0.537558
0.988087
0.167076
0.733887
0.124646
0.0644375
0.475444
0.661551
0.55985
0.394844
0.147465
0.617944
0.306856
0.0619165
0.598044
0.606144
0.265485
0.278239
0.151789
0.639379
0.387041
0.0778341
0.714224
0.363351
0.232346
0.388783
0.852592
0.464051
0.64371
0.419807
0.146747
0.0427859
0.119113
0.981368
0.418439
0.562406
0.654614
0.753326
0.571987
0.318194
0.171409
0.592768
0.489769
0.0408196
0.547967
0.639767
0.650006
0.730132
0.584912
0.524558
0.0183628
0.336949
0.759054
0.61176
0.174216
0.801056
0.660443
0.547401
0.651013
0.21935
0.808263
0.92004
0.900718
0.716537
0.832492
0.532075
0.156372
0.736683
0.481835
0.431546
0.504531
0.93767
0.736669
0.714583
0.649797
0.279406
0.599349
0.316792
0.834502
0.0335414
0.503019
0.117134
0.0643627
0.746936
0.292198
0.135197
0.800856
0.258972
0.421134
0.273737
0.447096
0.955847
0.39505
0.710292
0.828879
0.951562
0.0194915
0.848601
0.227829
0.879727
0.167515
0.782415
0.849408
0.683415
0.435413
0.987499
0.613919
0.0789236
0.115972
0.834689
0.271365
0.276715
0.723542
0.306682
0.707471
0.758462
0.175755
0.708827
0.293695
0.278696
0.459696
0.300923
0.822532
0.285011
0.941628
0.660456
0.263684
0.290336
0.643475
0.641665
0.798085
0.698847
0.999702
0.349402
0.57573
0.654463
0.486941
0.338272
0.858563
0.774342
0.716693
0.918551
0.829266
0.43277
0.198215
0.049769
0.766916
0.512579
0.0826555
0.785622
0.626621
0.337574
0.327787
0.961452
0.646157
0.592293
0.381051
0.0553715
0.491235
0.332983
0.641848
0.580184
0.913668
0.260374
0.575257
0.55548
0.923745
0.981452
0.820908
0.554156
0.278384
0.410801
0.353339
0.407548
0.588063
0.285558
0.553467
0.187335
0.694363
0.180903
0.763168
0.765346
0.0316866
0.761118
0.803502
0.69578
0.545088
0.286457
0.29767
0.88566
0.194088
0.776649
0.176974
0.442459
0.151218
0.522191
0.15526
0.0427847
0.244128
0.805448
0.396598
0.389165
0.950354
0.371849
0.203219
0.955913
0.0120728
0.160438
0.915559
0.81854
0.390753
0.502046
0.912022
0.369373
0.443875
0.0182295
0.659869
0.00624469
0.711788
0.0567195
0.206367
0.208867
0.105002
0.0876789
0.785526
0.962672
0.352293
0.124077
0.793858
0.332586
0.798216
0.139573
0.17064
0.615644
0.733803
0.515486
0.0850809
0.304245
0.834293
0.787865
0.134152
0.869914
0.609071
0.0758678
0.308977
0.835816
0.406795
0.399241
0.581779
0.856299
0.047075
0.137704
0.855229
0.580922
0.871624
0.806611
0.42628
0.372692
0.444107
0.435865
0.240547
0.805577
0.519178
0.613457
0.713154
0.0211625
0.706394
0.818025
0.398505
0.121122
0.651551
0.299786
0.404318
0.859821
0.943055
0.415542
0.232818
0.93497
0.439325
0.0767671
0.231353
0.515052
0.639059
0.582208
0.551662
0.557909
0.132112
0.48598
0.426342
0.639198
0.346209
0.86341
0.615888
0.0024669
0.73412
0.100493
0.47234
0.350709
0.436034
0.525765
0.586732
0.415026
0.230599
0.358853
0.286986
0.858239
0.401843
0.757427
0.148801
0.805066
0.863184
0.549371
0.461751
0.847125
0.578029
0.541779
0.511932
0.268144
0.801694
0.260937
0.32581
0.396115
0.963095
0.412373
0.860673
0.244899
0.847127
0.227908
0.687503
0.194205
0.0887204
0.814477
0.122929
0.516584
0.525141
0.420449
0.127828
0.641851
0.570554
0.628757
0.669524
0.608336
0.091448
0.46804
0.679414
0.0478209
0.107266
0.555109
0.23416
0.0545765
0.570165
0.0526789
0.620885
0.572358
0.262764
0.509812
0.958511
0.576666
0.983253
0.769645
0.950516
0.81933
0.372332
0.956699
0.0198971
0.631119
0.403799
0.127519
0.874579
0.0444453
0.356812
0.173142
0.789243
0.00739573
0.378
0.845474
0.354746
0.823606
0.1098
0.844233
0.894737
0.187493
0.610326
0.404689
0.405402
0.714892
0.441204
0.0835911
0.931868
0.0252523
0.593432
0.922063
0.415717
0.949659
0.316349
0.996844
0.863211
0.961511
0.0890166
0.838226
0.292797
0.502631
0.323201
0.233881
0.391624
0.461933
0.0279153
0.64819
0.681231
0.0178997
0.931103
0.618552
0.768191
0.647539
0.49735
0.951797
0.910815
0.00710548
0.172821
0.899599
0.611532
0.183678
0.0203392
0.462441
0.65825
0.488111
0.887519
0.934131
0.367799
0.401378
0.306903
0.286405
0.58006
0.796869
0.605667
0.195085
0.0309314
0.345716
0.0687923
0.771436
0.382991
0.682186
0.53772
0.386657
0.670481
0.97905
0.339099
0.52204
0.94461
0.98249
0.946804
0.156781
0.179527
0.112661
0.0251844
0.7903
0.180839
0.185711
0.44145
0.413308
0.457961
0.79856
0.148007
0.374843
0.3786
0.98781
0.417842
0.580618
0.986656
0.883906
0.383011
0.396916
0.670778
0.592429
0.0118363
0.275969
0.425736
0.213696
0.117366
0.87135
0.227158
0.933641
0.489427
0.339982
0.485449
0.56309
0.275444
0.851539
0.568999
0.255669
0.0101546
0.92321
0.870823
0.788924
0.639039
0.101363
0.186374
0.547944
0.141326
0.410846
0.591575
0.91069
0.300937
0.733331
0.346407
0.2108
0.381781
0.360198
0.356427
0.864443
0.240065
0.0510395
0.627004
0.0165646
0.272289
0.330606
0.136258
0.51881
0.793532
0.945376
0.294686
0.932759
0.425517
0.50311
0.283228
0.200474
0.0255195
0.617722
0.166575
0.688575
0.00188606
0.317202
0.833258
0.447221
0.655057
0.139734
0.0556239
0.0927301
0.788474
0.994603
0.796976
0.989818
0.304348
0.408113
0.2946
0.0503012
0.10649
0.775081
0.359493
0.0597204
0.366403
0.414111
0.168386
0.978028
0.27871
0.9569
0.962067
0.0277812
0.765374
0.421324
0.355578
0.882087
0.331609
0.414558
0.229003
0.0998722
0.295057
0.631688
0.689411
0.739257
0.987801
0.159074
0.630809
0.328495
0.0706691
0.218381
0.694466
0.0118572
0.822746
0.711146
0.63993
0.545186
0.916101
0.215692
0.439638
0.1288
0.71554
0.575068
0.938045
0.976721
0.233461
0.679742
0.269322
0.579546
0.41698
0.931415
0.974214
0.278806
0.0638337
0.770249
0.933731
0.8947
0.188938
0.809026
0.850837
0.504187
0.647782
0.952389
0.535792
0.226453
0.0374442
0.45194
0.129679
0.117761
0.831238
0.379104
0.546
0.494006
0.0677374
0.3645
0.702886
0.579523
0.137036
0.688058
0.908136
0.123592
0.932907
0.597904
0.364214
0.236851
0.234445
0.933753
0.967709
0.289636
0.2286
0.234093
0.143383
0.300857
0.888672
0.174166
0.601484
0.253082
0.00462796
0.727914
0.831717
0.527221
0.259416
0.34256
0.510444
0.894821
0.320178
0.78609
0.429976
0.880137
0.642159
0.459007
0.159996
0.856662
0.962679
0.791599
0.4895
0.928694
0.408
0.972418
0.310248
0.829197
0.0812386
0.424656
0.495539
0.0082357
0.997433
0.0727708
0.475637
0.465381
0.553928
0.0865459
0.556854
0.274916
0.360582
0.174512
0.987195
0.150609
0.414045
0.000158122
0.718439
0.689908
0.211033
0.445944
0.602222
0.424517
0.603858
0.44114
0.204427
0.690387
0.872484
0.245758
0.815092
0.226674
0.70517
0.446163
0.825969
0.837655
0.347074
0.626669
0.169453
0.327816
0.114424
0.549873
0.654146
0.0784289
0.521325
0.677469
0.956009
0.310192
0.38593
0.619691
0.860661
0.413566
0.150284
0.398613
0.70161
0.275077
0.160119
0.687675
0.369336
0.739162
0.42252
0.0428128
0.814311
0.0824361
0.224642
0.821273
0.639142
0.408192
0.508266
0.400908
0.645594
0.367178
0.824451
0.52984
0.514739
0.656546
0.530104
0.374634
0.0648825
0.828418
0.342867
0.971385
0.633237
0.445524
0.870179
0.351735
0.413009
0.35258
0.919015
0.304106
0.36612
0.493558
0.640071
0.385185
0.410238
0.40816
0.447845
0.919811
0.703003
0.303128
0.489032
0.977108
0.24097
0.839392
0.727335
0.00144903
0.849147
0.834549
0.713419
0.379347
0.621201
0.688055
0.273308
0.864509
0.611369
0.136499
0.854774
0.74641
0.176325
0.987044
0.515688
0.872156
0.887224
0.713869
0.636079
0.212891
0.915836
0.596375
0.720847
0.356532
0.75009
0.696716
0.185364
0.0162721
0.987972
0.0916395
0.0530712
0.933736
0.73798
0.969805
0.0329221
0.147345
0.23133
0.466983
0.694034
0.867573
0.00668976
0.330429
0.343013
0.684323
0.311972
0.979046
0.882517
0.717241
0.998084
0.462893
0.253038
0.953031
0.443504
0.835319
0.117479
0.396699
0.202078
0.0512667
0.0427864
0.954401
0.834131
0.61979
0.585941
0.978547
0.456095
0.697684
0.143455
0.111832
0.0886389
0.350714
0.133006
0.0928191
0.0285368
0.471717
0.720751
0.314772
0.814752
0.879811
0.784699
0.601163
0.473004
0.887003
0.728509
0.471258
0.642319
0.969107
0.965152
0.369478
0.917764
0.884541
0.928853
0.330925
0.760228
0.821149
0.118061
0.417136
0.070194
0.997781
0.412035
0.201362
0.909961
0.090212
0.448149
0.488511
0.768651
0.282785
0.623723
0.354504
0.546182
0.466617
0.941768
0.172604
0.404468
0.81752
0.819573
0.406076
0.583723
0.803211
0.706611
0.0891377
0.964495
0.607459
0.216581
0.749943
0.796828
0.442521
0.988876
0.364569
0.809858
0.580446
0.897776
0.240534
0.520495
0.90503
0.982077
0.639051
0.609323
0.0119314
0.751447
0.74036
0.825247
0.413508
0.735059
0.175444
0.0858943
0.192414
0.388212
0.885934
0.795633
0.855254
0.0976298
0.284067
0.413024
0.432117
0.0788244
0.474281
0.939262
0.723574
0.710583
0.231945
0.212016
0.593639
0.292739
0.233504
0.0871446
0.331761
0.552755
0.0728974
0.154969
0.25151
0.392065
0.414743
0.417603
0.157324
0.501101
0.414884
0.167823
0.298301
0.447643
0.629147
0.445005
0.551116
0.74064
0.0336039
0.15581
0.350126
0.993584
0.652359
0.961044
0.235527
0.679499
0.446427
0.0388491
0.650089
0.823734
0.530302
0.000289876
0.0178027
0.280098
0.0783026
0.68715
0.326421
0.658124
0.243887
0.923207
0.95904
0.410947
0.481384
0.087542
0.832762
0.669576
0.426618
0.668822
0.866352
0.9543
0.212676
0.748756
0.181248
0.460255
0.177873
0.125717
0.41515
0.97336
0.429087
0.969143
0.174763
0.115048
0.875966
0.404001
0.460427
0.248509
0.0268586
0.143027
0.252909
0.433289
0.0689434
0.56239
0.160419
0.935452
0.232417
0.772152
0.786974
0.352417
0.0073822
0.0535288
0.412925
0.978999
0.944255
0.276379
0.692364
0.926811
0.182283
0.797153
0.794066
0.234566
0.83056
0.063065
0.0726569
0.012115
0.342488
0.37469
0.691171
0.00534943
0.204858
0.617253
0.267677
0.0299989
0.889884
0.360369
0.635977
0.896477
0.0320262
0.615068
0.148651
0.850404
0.286956
0.2629
0.971247
0.5183
0.0596217
0.240423
0.786734
0.927929
0.160121
0.948272
0.923379
0.63935
0.0245189
0.000386227
0.716891
0.366122
0.143575
0.748193
0.905536
0.895354
0.152464
0.387299
0.927317
0.558057
0.182208
0.730186
0.440263
0.104036
0.748205
0.725958
0.425298
0.463685
0.998501
0.814344
0.467534
0.616322
0.566445
0.471906
0.763587
0.434047
0.727111
0.568216
0.993603
0.952902
0.85895
0.0921392
0.25712
0.779555
0.332216
0.595303
0.0379973
0.23098
0.5107
0.462227
0.778043
0.00416018
0.346469
0.454104
0.650445
0.579379
0.508083
0.454117
0.987776
0.789331
0.706803
0.00364856
0.39648
0.871055
0.124674
0.0666065
0.648012
0.411363
0.0110948
0.967943
0.149914
0.670414
0.66525
0.0657132
0.248259
0.312681
0.381065
0.345724
0.282334
0.298691
0.376241
0.654889
0.595744
0.0223658
0.290609
0.063417
0.404218
0.364014
0.210926
0.185285
0.234185
0.533282
0.205063
0.978162
0.68923
0.983618
0.530241
0.343988
0.591165
0.592768
0.675777
0.984276
0.502702
0.244073
0.525135
0.623386
0.599517
0.150966
0.645642
0.560477
0.55726
0.201184
0.164029
0.177572
0.196352
0.435494
0.145108
0.616718
0.133015
0.914664
0.798953
0.411897
0.574056
0.783245
0.294495
0.958412
0.0266824
0.643452
0.206575
0.829557
0.340794
0.459722
0.57728
0.0823753
0.833452
0.395988
0.795355
0.774297
0.843745
0.233433
0.710336
0.352735
0.91738
0.535549
0.977691
0.76108
0.816511
0.447471
0.110948
0.876589
0.990538
0.084165
0.285956
0.0767721
0.232851
0.74251
0.946743
0.60816
0.598086
0.749447
0.703936
0.260664
0.782066
0.435061
0.0535112
0.356657
0.995917
0.517055
0.890229
0.93985
0.727096
0.841956
0.617227
0.457096
0.909445
0.90737
0.487776
0.297243
0.0645713
0.566605
0.440383
0.884743
0.476596
0.688299
0.543741
0.190237
0.876783
0.924716
0.849107
0.552895
0.304966
0.967013
0.20655
0.615739
0.548714
0.286746
0.846344
0.430145
0.0126241
0.151759
0.321988
0.832562
0.119001
0.151493
0.977722
0.9473
0.873934
0.280759
0.317804
0.00488245
0.44189
0.239806
0.550528
0.935589
0.256258
0.658563
0.846378
0.720696
0.0579468
0.809556
0.332585
0.0467693
0.410349
0.621084
0.0475679
0.166963
0.704495
0.742549
0.65661
0.25226
0.866679
0.568913
0.998933
0.108348
0.242452
0.741253
0.966997
0.602376
0.191935
0.164334
0.938122
0.119194
0.434442
0.197738
0.269757
0.948242
0.174322
0.780879
0.172266
0.758625
0.479757
0.959409
0.682722
0.78796
0.63331
0.925063
0.231827
0.55638
0.49496
0.315673
0.331903
0.795052
0.988888
0.418334
0.781402
0.792233
0.224603
0.0668055
0.201257
0.921228
0.477349
0.633125
0.0675778
0.104581
0.174749
0.510907
0.216915
0.236975
0.465088
0.0202414
0.264004
0.954017
0.0827057
0.59692
0.833277
0.882481
0.688829
0.545698
0.966434
0.895447
0.169537
0.341313
0.6872
0.647861
0.440192
0.473464
0.295555
0.477521
0.967674
0.893124
0.497809
0.785663
0.714401
0.186431
0.583007
0.390924
0.674118
0.356697
0.31334
0.680097
0.157449
0.431298
0.446082
0.227257
0.950428
0.643512
0.442699
0.956422
0.272957
0.503905
0.199151
0.888015
0.873923
0.224154
0.958286
0.510421
0.789416
0.459912
0.0049628
0.298379
0.340184
0.688567
0.517941
0.771853
0.340462
0.441597
0.936528
0.63328
0.62519
0.497331
0.427703
0.287279
0.675297
0.654872
0.200384
0.753432
0.0360805
0.218835
0.353415
0.416635
0.493296
0.411519
0.164605
0.97676
0.612795
0.896808
0.888003
0.584404
0.686321
0.969955
0.540021
0.675879
0.688479
0.979799
0.29262
0.110232
0.274191
0.663746
0.0806527
0.495028
0.774807
0.468775
0.153654
0.165312
0.633237
0.000421427
0.499494
0.220087
0.709036
0.601155
0.433935
0.859848
0.744798
0.0439907
0.938299
0.513035
0.282829
0.489183
0.4453
0.863394
0.129985
0.462955
0.285162
0.837461
0.668582
0.667647
0.631002
0.293836
0.888981
0.131438
0.901208
0.954449
0.867188
0.480581
0.720284
0.882301
0.827612
0.114433
0.897827
0.358412
0.121886
0.648683
0.803765
0.630224
0.0308641
0.249013
0.998443
0.950176
0.776033
0.208795
0.177104
0.321303
0.43248
0.351732
0.223894
0.109847
0.398356
0.303893
0.41175
0.335077
0.931723
0.338269
0.158074
0.134741
0.157415
0.0266655
0.0353992
0.230306
0.422848
0.234757
0.380568
0.74787
0.397755
0.681833
0.441133
0.525353
0.729768
0.191093
0.795596
0.0602324
0.15339
0.432014
0.192998
0.999228
0.877872
0.174862
0.0416384
0.985381
0.929973
0.32901
0.757167
0.670958
0.386881
0.0304055
0.933724
0.657475
0.495235
0.207026
0.861608
0.386407
0.333103
0.0308792
0.970417
0.894258
0.637937
0.826426
0.17353
0.650685
0.806384
0.932052
0.330116
0.174144
0.888816
0.00625136
0.782714
0.990737
0.0765279
0.854916
0.48639
0.961815
0.0427053
0.270826
0.0901469
0.716718
0.285877
0.0800625
0.589595
0.519486
0.979179
0.760393
0.12522
0.472216
0.799234
0.0301277
0.092155
0.581212
0.749829
0.817827
0.0510638
0.422396
0.469233
0.347476
0.737431
0.44535
0.183434
0.763082
0.66644
0.325597
0.0147392
0.0426401
0.987187
0.155527
0.356017
0.904136
0.0739252
0.0679217
0.461792
0.194913
0.230249
0.493204
0.18098
0.807824
0.357955
0.511824
0.161074
0.629819
0.695022
0.495143
0.0951921
0.266022
0.102619
0.718698
0.272835
0.379087
0.881114
0.136836
0.350149
0.242303
0.877936
0.751944
0.799655
0.547068
0.530391
0.68818
0.762981
0.371245
0.434656
0.350987
0.24938
0.463437
0.675367
0.050419
0.940317
0.30723
0.27147
0.788185
0.825025
0.695343
0.132899
0.123615
0.958715
0.381628
0.474838
0.179578
0.665382
0.623069
0.953773
0.931625
0.268552
0.62693
0.280465
0.416881
0.0995278
0.851575
0.793781
0.846818
0.183996
0.263448
0.666791
0.722143
0.130389
0.736208
0.939539
0.809489
0.729866
0.218843
0.464694
0.597938
0.426958
0.744183
0.802317
0.927159
0.836893
0.162848
0.953909
0.654983
0.981715
0.254319
0.0857613
0.266694
0.91012
0.889138
0.715534
0.445523
0.279275
0.715867
0.538462
0.0173969
0.640829
0.66345
0.621281
0.014834
0.324202
0.843119
0.21988
0.505978
0.590661
0.381621
0.263977
0.404666
0.190427
0.715872
0.538259
0.784523
0.547224
0.0433554
0.870167
0.801438
0.88162
0.28664
0.961686
0.690339
0.933739
0.147127
0.784452
0.41847
0.231348
0.863906
0.258582
0.391756
0.650957
0.148725
0.976575
0.535553
0.323783
0.646543
0.391449
0.486738
0.637774
0.100585
0.696052
0.390593
0.480201
0.327894
0.767795
0.711365
0.157706
0.00112245
0.38551
0.827098
0.233431
0.168872
0.444739
0.242974
0.351538
0.232936
0.262695
0.747726
0.901917
0.757777
0.0888662
0.448024
0.94223
0.755809
0.592452
0.508118
0.376944
0.930429
0.0104839
0.727428
0.136302
0.445102
0.593809
0.406717
0.551101
0.0175132
0.421517
0.852373
0.73666
0.128182
0.163628
0.38525
0.442953
0.716961
0.208842
0.861363
0.26503
0.471189
0.147087
0.951054
0.512368
0.457493
0.969959
0.204468
0.487848
0.905532
0.746644
0.166389
0.912913
0.125345
0.82545
0.373463
0.147666
0.258102
0.834881
0.321384
0.492157
0.469545
0.602786
0.746834
0.922858
0.661327
0.423035
0.616235
0.227689
0.381963
0.378595
0.806298
0.671576
0.668782
0.335795
0.824759
0.476112
0.566726
0.0715818
0.246771
0.861639
0.289187
0.254291
0.495408
0.914229
0.869447
0.795898
0.804411
0.746228
0.876227
0.713043
0.767295
0.366067
0.730068
0.0148016
0.867635
0.315963
0.473753
0.372932
0.337821
0.836384
0.853987
0.177044
0.113705
0.341147
0.315504
0.941129
0.514926
0.0107075
0.264493
0.473503
0.528756
0.913665
0.715637
0.470192
0.620997
0.233935
0.405391
0.619141
0.221821
0.806218
0.560927
0.442421
0.286955
0.543979
0.906065
0.145471
0.433699
0.687284
0.027629
0.0318621
0.384013
0.713885
0.00207597
0.581261
0.0691966
0.763411
0.995597
0.235166
0.487076
0.445291
0.422768
0.104316
0.946542
0.766126
0.919362
0.173878
0.847775
0.858094
0.813186
0.764732
0.760489
0.358968
0.640485
0.794523
0.876557
0.235583
0.451011
0.210099
0.495866
0.0108461
0.787613
0.429192
0.092288
0.611302
0.150024
0.985733
0.706055
0.165131
0.0102529
0.228174
0.394277
0.223327
0.810031
0.938041
0.686141
0.129589
0.329435
0.3375
0.345626
0.113612
0.0789771
0.016768
0.123166
0.520469
0.362987
0.868067
0.9283
0.214508
0.0363922
0.851894
0.296202
0.314765
0.0953013
0.1894
0.939283
0.141496
0.688133
0.873568
0.326658
0.597865
0.211051
0.879861
0.843677
0.600666
0.380763
0.448523
0.344488
0.939517
0.799449
0.776516
0.484594
0.821378
0.999769
0.523997
0.738694
0.989229
0.460224
0.991635
0.571154
0.739043
0.00916459
0.600271
0.900753
0.352941
0.50462
0.49918
0.324911
0.77987
0.0209029
0.495509
0.0473352
0.095992
0.0443293
0.943424
0.0614899
0.0389161
0.65087
0.321657
0.823913
0.313124
0.298369
0.683207
0.818225
0.394709
0.924091
0.357739
0.443593
0.114455
0.422532
0.759134
0.410053
0.668162
0.43515
0.0869851
0.105736
0.0970647
0.578146
0.457354
0.504918
0.310472
0.850665
0.556764
0.366673
0.905043
0.806493
0.44242
0.456404
0.294128
0.159047
0.425416
4.93582e-05
0.826532
0.562326
0.042995
0.715338
0.883116
0.328593
0.577625
0.687073
0.534537
0.484573
0.198066
0.663531
0.772865
0.728368
0.0200664
0.617161
0.048933
0.144375
0.807601
0.671875
0.717419
0.797149
0.911646
0.757244
0.780344
0.110264
0.780447
0.0814408
0.200789
0.0140833
0.0376996
0.163176
0.112244
0.707352
0.933574
0.640239
0.961378
0.230584
0.805138
0.259488
0.385854
0.32205
0.0706215
0.699791
0.242831
0.866313
0.915571
0.503899
0.373077
0.0159173
0.0539952
0.184612
0.521624
0.352986
0.266027
0.280785
0.355976
0.561866
0.483634
0.99424
0.151135
0.5281
0.331986
0.233005
0.776932
0.803048
0.70686
0.081374
0.863926
0.436506
0.304981
0.544234
0.081882
0.459362
0.307572
0.971218
0.388382
0.191152
0.587142
0.924179
0.849707
0.16864
0.959357
0.946084
0.562839
0.175155
0.887605
0.226804
0.584045
0.649146
0.575949
0.515793
0.269771
0.935729
0.120805
0.746895
0.63953
0.40719
0.0537472
0.12841
0.26455
0.626344
0.574243
0.293071
0.662625
0.388195
0.574983
0.347325
0.537763
0.796882
0.39339
0.125533
0.647962
0.381739
0.42642
0.929679
0.227014
0.712362
0.323981
0.774633
0.244263
0.840634
0.587314
0.387604
0.283604
0.199224
0.857016
0.621518
0.289651
0.0612742
0.951677
0.697764
0.101403
0.273978
0.439384
0.924896
0.714352
0.39705
0.973741
0.846135
0.129731
0.502407
0.243076
0.718168
0.919483
0.338758
0.761808
0.853959
0.118965
0.168355
0.128552
0.67891
0.523843
0.895543
0.194536
0.827294
0.0870908
0.899517
0.892907
0.687944
0.966308
0.747001
0.495026
0.406566
0.347331
0.403466
0.661038
0.347945
0.859649
0.111707
0.871888
0.764004
0.00145789
0.410558
0.358113
0.221779
0.212288
0.189533
0.322821
0.00584582
0.180351
0.801185
0.594213
0.978503
0.667709
0.384702
0.495052
0.482646
0.00279754
0.213208
0.997097
0.000182895
0.756946
0.30369
0.608296
0.0950565
0.725507
0.181271
0.0466161
0.305435
0.81778
0.746636
0.869766
0.203882
0.871747
0.0530568
0.794381
0.885806
0.704963
0.573081
0.547043
0.212234
0.252973
0.558393
0.494874
0.728872
0.699011
0.422427
0.913481
0.284075
0.73727
0.975488
0.129258
0.91715
0.116795
0.80664
0.642128
0.997426
0.370384
0.344422
0.0707332
0.244644
0.0353672
0.067331
0.897987
0.00200561
0.0195577
0.121408
0.720352
0.783116
0.26117
0.101433
0.36475
0.960052
0.0873751
0.0481453
0.834787
0.757869
0.209964
0.609335
0.740992
0.195551
0.0322196
0.829007
0.472644
0.958074
0.708528
0.906425
0.852119
0.561088
0.433954
0.464614
0.00344136
0.709428
0.887378
0.0635924
0.448201
0.0530378
0.15785
0.783733
0.453525
0.177137
0.304463
0.304386
0.994142
0.664753
0.796767
0.846297
0.605692
0.444969
0.22299
0.18609
0.307486
0.863945
0.0110167
0.458677
0.724438
0.431344
0.562236
0.129121
0.760456
0.914393
0.637326
0.0482396
0.546277
0.256176
0.448427
0.333742
0.936682
0.0336353
0.502735
0.587543
0.25468
0.162415
0.513416
0.035214
0.119382
0.0872464
0.756252
0.139401
0.551763
0.523947
0.122171
0.398087
0.786589
0.166826
0.220503
0.912409
0.64391
0.836789
0.555712
0.13748
0.400364
0.982777
0.767609
0.472371
0.976122
0.893203
0.834386
0.179779
0.200733
0.52446
0.0379402
0.948444
0.879941
0.578618
0.337064
0.337299
0.451445
0.899267
0.947372
0.703649
0.94238
0.908988
0.655028
0.0710732
0.633454
0.658686
0.368112
0.00779134
0.858379
0.0414042
0.215048
0.953035
0.44336
0.253351
0.120116
0.756666
0.796874
0.0435753
0.114316
0.413468
0.127888
0.530624
0.974587
0.224786
0.890649
0.197979
0.33066
0.771711
0.671786
0.397183
0.747963
0.219751
0.352706
0.544235
0.00459754
0.397714
0.655382
0.915605
0.754301
0.824707
0.927003
0.2285
0.835549
0.139144
0.209331
0.187923
0.885874
0.171218
0.898934
0.031384
0.792703
0.873369
0.417945
0.400577
0.406282
0.378245
0.72105
0.186164
0.311742
0.205718
0.758815
0.364233
0.167324
0.923758
0.452078
0.276776
0.931826
0.935083
0.71525
0.778356
0.400303
0.283881
0.662371
0.620306
0.922954
0.944975
0.559408
0.284462
0.484447
0.680344
0.2265
0.0914444
0.862009
0.652806
0.477797
0.143424
0.159521
0.220346
0.503798
0.836595
0.33651
0.062239
0.697186
0.0812168
0.526695
0.59381
0.80021
0.753065
0.988282
0.813103
0.067755
0.493943
0.871178
0.811374
0.709904
0.973997
0.954973
0.410421
0.671669
0.787
0.842079
0.222309
0.95268
0.90244
0.425536
0.0387674
0.449083
0.144689
0.839402
0.244916
0.653267
0.578195
0.496518
0.030232
0.569903
0.485606
0.585057
0.872834
0.651209
0.338785
0.799171
0.153915
0.328468
0.755582
0.794193
0.0890088
0.385084
0.851166
0.463132
0.43196
0.699646
0.0439641
0.615135
0.824985
0.162414
0.643504
0.890603
0.16175
0.368649
0.280507
0.070652
0.0464881
0.206676
0.256581
0.535682
0.236018
0.0332284
0.479105
0.110231
0.927173
0.765406
0.0621462
0.416673
0.702191
0.0757021
0.641112
0.0724999
0.890733
0.768476
0.660735
0.434938
0.789447
0.313641
0.514957
0.358874
0.557452
0.0432082
0.574231
0.732035
0.356537
0.461822
0.430262
0.933972
0.324628
0.923027
0.688686
0.287593
0.875547
0.174416
0.383641
0.895301
0.441155
0.228993
0.58062
0.743582
0.666378
0.0851945
0.449854
0.794134
0.00492454
0.0585817
0.475292
0.0363499
0.133849
0.124867
0.425966
0.641512
0.317536
0.583681
0.138138
0.825963
0.233913
0.568495
0.387658
0.597687
0.474207
0.139855
0.490828
0.933147
0.307594
0.752247
0.545799
0.220342
0.947596
0.281482
0.171115
0.0272692
0.770886
0.197596
0.437897
0.836324
0.242628
0.182487
0.620882
0.654563
0.935914
0.992388
0.0730139
0.103618
0.45528
0.779927
0.589551
0.353938
0.463318
0.702029
0.170227
0.144708
0.761615
0.387792
0.180208
0.0784883
0.607904
0.820383
0.0896872
0.759465
0.494244
0.150965
0.743584
0.423948
0.519211
0.818779
0.451828
0.165113
0.531735
0.664338
0.0402249
0.261108
0.395774
0.212878
0.774246
0.462812
0.232358
0.349682
0.143941
0.277358
0.266441
0.740961
0.727276
0.594818
0.0868993
0.762943
0.549852
0.653265
0.58426
0.73353
0.818244
0.933175
0.64616
0.897199
0.878078
0.633261
0.667992
0.0529524
0.460897
0.830292
0.0970973
0.75162
0.429369
0.0952646
0.313493
0.593196
0.470457
0.463772
0.117423
0.954318
0.651683
0.382207
0.621748
0.253531
0.0462739
0.122254
0.331852
0.0570713
0.316983
0.629191
0.252503
0.536417
0.262984
0.706034
0.824036
0.26249
0.885227
0.60317
0.912011
0.468595
0.987619
0.655647
0.726578
0.799252
0.147792
0.66778
0.92055
0.405762
0.974049
0.773567
0.917393
0.928632
0.795267
0.894105
0.179946
0.455016
0.657669
0.468615
0.294032
0.645603
0.0448381
0.558931
0.773477
0.735584
0.882176
0.829647
0.97845
0.530403
0.890165
0.30517
0.780127
0.497195
0.436817
0.624518
0.123044
0.911493
0.901929
0.0849067
0.672255
0.226761
0.866437
0.822287
0.744677
0.518458
0.809937
0.663673
0.890388
0.29788
0.538152
0.551075
0.20672
0.133437
0.337921
0.935289
0.850923
0.453984
0.407462
0.530954
0.600056
0.392275
0.939892
0.579802
0.742149
0.464807
0.323098
0.960671
0.342292
0.841662
0.202148
0.692752
0.00110771
0.657145
0.0438815
0.588996
0.820335
0.626093
0.727773
0.922207
0.338418
0.694735
0.41235
0.265912
0.844818
0.75857
0.310689
0.370714
0.5903
0.9684
0.338915
0.645834
0.0657193
0.821544
0.13407
0.052491
0.526647
0.256421
0.39677
0.90448
0.31691
0.14967
0.593152
0.0419351
0.031092
0.926457
0.911766
0.332994
0.11318
0.0635269
0.145204
0.607672
0.793642
0.874117
0.452963
0.487349
0.21668
0.553537
0.329677
0.597116
0.818549
0.629668
0.588533
0.198027
0.320582
0.955891
0.779261
0.119689
0.649697
0.613139
0.668192
0.184428
0.466088
0.617364
0.657827
0.172565
0.252908
0.379463
0.227309
0.270393
0.814809
0.313493
0.513968
0.260997
0.969153
0.86907
0.379335
0.261703
0.841886
0.264661
0.0290687
0.285996
0.864795
0.165719
0.272168
0.423362
0.896069
0.987191
0.566599
0.00533141
0.154568
0.0621695
0.330569
0.183912
0.391347
0.921681
0.794526
0.219521
0.16014
0.845598
0.590714
0.196
0.650582
0.798328
0.955498
0.492691
0.491678
0.138543
0.954462
0.196855
0.614948
0.0291142
0.599691
0.688889
0.801985
0.367434
0.649895
0.2393
0.263828
0.0592837
0.772903
0.88761
0.562345
0.479634
0.581175
0.803364
0.658224
0.565624
0.767785
0.338054
0.846366
0.891226
0.584755
0.0505204
0.0265338
0.656642
0.598759
0.0197735
0.0826736
0.321608
0.880441
0.0470253
0.254955
0.809796
0.351455
0.0981152
0.149463
0.157301
0.21482
0.159794
0.525614
0.173547
0.485221
0.0960525
0.0334876
0.286183
0.341026
0.0176908
0.663885
0.0670366
0.0324865
0.949699
0.5632
0.954706
0.562805
0.433071
0.0122184
0.0278039
0.441507
0.273006
0.450352
0.124477
0.0923517
0.492865
0.341161
0.588018
0.549235
0.127851
0.036484
0.040898
0.930323
0.655454
0.439105
0.102291
0.84882
0.378919
0.740328
0.275426
0.872972
0.129014
0.590675
0.4052
0.831449
0.308492
0.239274
0.364283
0.085295
0.0589995
0.159501
0.844242
0.734999
0.574447
0.892649
0.340342
0.450581
0.116859
0.934501
0.31401
0.52218
0.815504
0.826663
0.941182
0.615737
0.959028
0.779657
0.309963
0.338609
0.24091
0.450506
0.0751748
0.298249
0.714732
0.44561
0.72524
0.0664647
0.387511
0.960161
0.238776
0.0046159
0.163028
0.157277
0.131549
0.892135
0.885319
0.611128
0.00202593
0.831579
0.574037
0.785054
0.615224
0.046466
0.54341
0.203367
0.41559
0.480468
0.316198
0.0380003
0.882158
0.0539959
0.351184
0.321344
0.2415
0.0114496
0.270893
0.185804
0.300348
0.942765
0.0857233
0.409224
0.271091
0.198455
0.8477
0.322141
0.816409
0.919034
0.124177
0.735819
0.667438
0.61706
0.95801
0.125435
0.262471
0.0014831
0.780832
0.716033
0.255951
0.806554
0.681682
0.453864
0.462456
0.0371914
0.0216943
0.905151
0.985597
0.993941
0.550876
0.929833
0.751808
0.386931
0.755145
0.26942
0.394541
0.951571
0.377139
0.924977
0.0423276
0.370054
0.0554052
0.0610013
0.837852
0.581633
0.362301
0.0501301
0.393847
0.299465
0.646281
0.787442
0.471219
0.779655
0.860657
0.385547
0.197055
0.614941
0.755829
0.365476
0.533464
0.0257167
0.599389
0.255037
0.526846
0.23824
0.0483132
0.586025
0.331977
0.986008
0.416129
0.353502
0.993185
0.826246
0.748013
0.491915
0.508993
0.178876
0.637005
0.480769
0.496495
0.0885517
0.290144
0.181911
0.653006
0.468483
0.0954853
0.0154269
0.687226
0.763698
0.867372
0.904293
0.118402
0.79569
0.481781
0.58076
0.634283
0.213445
0.0860749
0.0903073
0.0277382
0.139742
0.214501
0.110735
0.22459
0.897246
0.60475
0.202419
0.854934
0.225842
0.340751
0.717332
0.146157
0.22929
0.0976266
0.934433
0.72394
0.952676
0.0977626
0.391396
0.949586
0.498239
0.169772
0.400118
0.606309
0.91042
0.708655
0.63753
0.638007
0.644997
0.945682
0.484131
0.962406
0.693771
0.736828
0.649414
0.503056
0.746605
0.961535
0.503581
0.0448088
0.986012
0.887981
0.575295
0.50456
0.0445731
0.712005
0.740756
0.0688244
0.5991
0.52567
0.804246
0.384168
0.283705
0.735725
0.257076
0.75381
0.801276
0.355812
0.0221681
0.90825
0.9927
0.469204
0.685504
0.350376
0.34764
0.737442
0.04234
0.152984
0.140555
0.257191
0.423205
0.192336
0.650671
0.891539
0.108714
0.574596
0.343018
0.878196
0.808393
0.0486194
0.486593
0.906646
0.500986
0.750316
0.471095
0.727069
0.464892
0.0991768
0.530041
0.879493
0.838846
0.13069
0.128812
0.392248
0.0350577
0.220243
0.843402
0.780756
0.488667
0.911464
0.0202136
0.773497
0.996298
0.438154
0.218736
0.700575
0.919248
0.213326
0.715779
0.106635
0.168573
0.897228
0.979148
0.00536367
0.734095
0.150389
0.756184
0.294993
0.869832
0.486077
0.492957
0.626935
0.426073
0.0733515
0.396571
0.793001
0.463467
0.377996
0.238018
0.206903
0.656124
0.290878
0.597229
0.945555
0.266475
0.164971
0.775015
0.133761
0.0511138
0.902793
0.106797
0.157468
0.449132
0.00110093
0.447529
0.637027
0.146718
0.0212753
0.661884
0.550554
0.656572
0.220125
0.023194
0.0422506
0.169624
0.611325
0.44217
0.861569
0.619808
0.253025
0.824196
0.0426842
0.859178
0.449328
0.972854
0.242463
0.998302
0.345528
0.166898
0.407817
0.471985
0.278645
0.656493
0.345055
0.108334
0.561649
0.139331
0.925975
0.493795
0.133724
0.044046
0.605512
0.0410078
0.858255
0.891774
0.567603
0.401404
0.00930359
0.820162
0.989646
0.96085
0.626944
0.699663
0.857832
0.0731342
0.568869
0.28047
0.618304
0.100568
0.0233689
0.0794998
0.261352
0.139825
0.416577
0.818888
0.662789
0.129638
0.64047
0.197468
0.00960263
0.699128
0.599481
0.620693
0.683476
0.174005
0.630895
0.70692
0.23971
0.384251
0.461921
0.372307
0.180481
0.801291
0.245221
0.984882
0.566585
0.784168
0.741554
0.351535
0.533451
0.76051
0.926431
0.509224
0.274018
0.655656
0.876579
0.752176
0.728224
0.177398
0.587392
0.827111
0.187589
0.248387
0.886251
0.524693
0.301358
0.256083
0.496963
0.211846
0.981649
0.382675
0.891912
0.379852
0.779168
0.324925
0.311629
0.689197
0.174575
0.675306
0.363301
0.90498
0.546173
0.28896
0.21344
0.635778
0.380972
0.502269
0.504999
0.982716
0.548516
0.213498
0.851321
0.611051
0.516442
0.918054
0.840453
0.879872
0.521145
0.863035
0.831673
0.480987
0.589979
0.819535
0.00608215
0.489255
0.52324
0.556748
0.865499
0.225423
0.471025
0.14833
0.0355549
0.260038
0.474571
0.67644
0.353125
0.0926165
0.58266
0.86887
0.994418
0.342477
0.10618
0.574933
0.173906
0.973508
0.849356
0.840302
0.717809
0.40056
0.271983
0.482493
0.74715
0.0146642
0.417176
0.518656
0.609087
0.411342
0.913585
0.296004
0.0417949
0.57287
0.666265
0.681632
0.974782
0.572508
0.12881
0.860189
0.136241
0.635826
0.8499
0.0616648
0.20134
0.179912
0.765156
0.512318
0.166021
0.792374
0.321375
0.903813
0.221726
0.0145787
0.74257
0.261422
0.045861
0.732186
0.74938
0.0333761
0.175028
0.393897
0.905663
0.0101685
0.213993
0.0888072
0.974553
0.0239995
0.929763
0.594465
0.613671
0.702132
0.820404
0.211448
0.224291
0.500376
0.221691
0.844275
0.497185
0.189341
0.267046
0.159893
0.279881
0.490534
0.549509
0.509664
0.843862
0.964556
0.80686
0.863391
0.87945
0.0610436
0.676859
0.467702
0.921046
0.689863
0.0197825
0.96836
0.142214
0.224338
0.606701
0.957397
0.201417
0.677779
0.407742
0.421237
0.113924
0.300705
0.224133
0.443367
0.928506
0.143149
0.0869765
0.291782
0.660381
0.54837
0.446369
0.203328
0.742097
0.143767
0.604839
0.738624
0.875341
0.943438
0.673606
0.466003
0.179266
0.664717
0.269568
0.352849
0.921091
0.497332
0.602147
0.978786
0.774969
0.276071
0.0553549
0.38686
0.784413
0.442726
0.0411873
0.874729
0.206857
0.205676
0.131336
0.584785
0.807616
0.999813
0.267255
0.636153
0.462126
0.518384
0.361999
0.477156
0.0437845
0.253137
0.655396
0.817418
0.349972
0.38016
0.737796
0.0865671
0.487304
0.92505
0.843736
0.992128
0.841393
0.110156
0.61859
0.0125253
0.045231
0.525222
0.518175
0.13027
0.688795
0.885906
0.908901
0.822669
0.741981
0.486511
0.0464973
0.288535
0.561056
0.566431
0.832731
0.574029
0.0892876
0.46582
0.646305
0.112285
0.525408
0.135154
0.837085
0.121986
0.805327
0.994472
0.53873
0.200384
0.115702
0.739109
0.327127
0.64606
0.131369
0.105954
0.619966
0.874325
0.447321
0.21307
0.422241
0.530652
0.871252
0.449775
0.575256
0.320849
0.87221
0.326817
0.721102
0.385355
0.968439
