0.577071
0.693051
0.511551
0.376741
0.637814
0.466106
0.41261
0.619422
0.481526
0.380063
0.50583
0.497587
0.536816
0.372695
0.287822
0.545522
0.431538
0.414235
0.414582
0.393363
0.490923
0.414756
0.490883
0.420205
0.496695
0.521758
0.443972
0.352179
0.435155
0.355518
0.374533
0.413435
0.479586
0.58623
0.510277
0.573865
0.526157
0.52647
0.590017
0.57731
0.469414
0.405001
0.409103
0.469218
0.53769
0.626285
0.628628
0.377254
0.522067
0.539232
0.696312
0.448534
0.274121
0.486515
0.589439
0.541914
0.404202
0.342253
0.350049
0.554553
0.507827
0.54373
0.657867
0.482566
0.444406
0.667237
0.53251
0.44256
0.589435
0.486682
0.366434
0.592996
0.414931
0.596582
0.494294
0.383052
0.497753
0.500967
0.670804
0.525972
0.422986
0.501819
0.363405
0.360068
0.48924
0.412598
0.510892
0.45258
0.521038
0.434271
0.535181
0.360874
0.474814
0.435767
0.438579
0.545851
0.551027
0.463086
0.528666
0.500419
0.394786
0.459008
0.480242
0.490283
0.517905
0.41867
0.499136
0.396584
0.580651
0.557877
0.564089
0.403975
0.443318
0.565972
0.395724
0.509917
0.485466
0.401158
0.378946
0.470295
0.58079
0.523447
0.5273
0.384229
0.432479
0.521513
0.542902
0.411128
0.57918
0.459971
0.448994
0.472031
0.474681
0.55042
0.54693
0.593914
0.561671
0.34334
0.505939
0.5015
0.675879
0.571126
0.500295
0.549848
0.443041
0.480443
0.370071
0.539282
0.516903
0.322253
0.441326
0.390766
0.438387
0.38055
0.580006
0.526113
0.398479
0.588607
0.488791
0.447398
0.42199
0.28962
0.443255
0.409894
0.555317
0.344654
0.495893
0.411824
0.57545
0.484887
0.484239
0.673514
0.513896
0.47001
0.530566
0.452123
0.519689
0.38543
0.520807
0.45235
0.41941
0.335213
0.542511
0.377372
0.355904
0.525807
0.426156
0.459068
0.525319
0.359962
0.489112
0.466292
0.746015
0.456272
0.482284
0.680972
0.58189
0.474888
0.379096
0.433012
0.643599
0.474457
0.35533
0.487815
0.478108
0.571848
0.454512
0.488559
0.641818
0.559863
0.522349
0.485652
0.484303
0.506639
0.468337
0.466859
0.435262
0.57385
0.553327
0.374952
0.610775
0.421919
0.526722
0.519171
0.498149
0.404279
0.401421
0.51886
0.64073
0.287045
0.651615
0.441045
0.461741
0.675309
0.378659
0.500148
0.313735
0.405443
0.281223
0.481047
0.529357
0.509322
0.493537
0.643048
0.528934
0.619014
0.462479
0.490648
0.497788
0.519286
0.601157
0.598824
0.305193
0.543016
0.501417
0.509842
0.459411
0.626333
0.565816
0.341586
0.578329
0.393731
0.524059
0.443184
0.539767
0.438697
0.460108
0.49352
0.433545
0.52517
0.562153
0.366144
0.58083
0.394576
0.523879
0.496342
0.564155
0.369952
0.614799
0.611776
0.410656
0.462892
0.380557
0.56847
0.515666
0.483393
0.448749
0.422902
0.3456
0.612321
0.457617
0.635037
0.317228
0.418784
0.586856
0.415133
0.451715
0.500379
0.482139
0.390527
0.520466
0.51569
0.395881
0.481232
0.447447
0.400748
0.621674
0.35151
0.65864
0.462062
0.421582
0.777459
0.460204
0.37844
0.514802
0.479538
0.50708
0.394813
0.430732
0.467712
0.554835
0.538799
0.485023
0.501997
0.468787
0.432458
0.406423
0.461418
0.432521
0.517751
0.755827
0.531312
0.527076
0.487281
0.504748
0.666299
0.554082
0.447104
0.484006
0.580568
0.600096
0.483443
0.41764
0.487282
0.472125
0.42014
0.80249
0.596304
0.500045
0.611312
0.59841
0.537988
0.461956
0.599098
0.513219
0.476832
0.442831
0.577227
0.593208
0.391384
0.521648
0.547604
0.394758
0.617136
0.571963
0.561804
0.383364
0.581343
0.567119
0.43747
0.388612
0.319052
0.453345
0.578803
0.680285
0.577008
0.67853
0.570713
0.502387
0.428071
0.465687
0.330474
0.426308
0.587021
0.359817
0.574049
0.517182
0.505777
0.654166
0.384218
0.541606
0.510825
0.653591
0.364514
0.410805
0.519591
0.432965
0.449292
0.518998
0.539411
0.509168
0.451271
0.607631
0.42913
0.515276
0.511201
0.605193
0.618023
0.531889
0.530086
0.540138
0.471175
0.417332
0.38533
0.618754
0.518524
0.747437
0.643337
0.456366
0.492867
0.525974
0.580264
0.541752
0.529233
0.395251
0.519841
0.43178
0.555424
0.637278
0.715155
0.683837
0.455248
0.420668
0.575196
0.44322
0.528338
0.46668
0.414413
0.454127
0.432394
0.465849
0.444715
0.436854
0.516638
0.299045
0.506882
0.388077
0.393099
0.465043
0.537477
0.471257
0.511479
0.390079
0.485585
0.563188
0.682672
0.430191
0.341371
0.440962
0.526993
0.348447
0.538025
0.399122
0.409588
0.468356
0.575488
0.585052
0.483941
0.420952
0.535932
0.474541
0.62356
0.602919
0.377531
0.25958
0.623423
0.471066
0.477255
0.504682
0.550335
0.475969
0.430418
0.601807
0.381509
0.484094
0.502097
0.510404
0.572285
0.489762
0.473572
0.338495
0.528344
0.450227
0.658211
0.371157
0.429053
0.500615
0.410859
0.389686
0.672914
0.569677
0.570578
0.591064
0.522645
0.609044
0.518508
0.493631
0.557336
0.4921
0.473467
0.518996
0.346523
0.595449
0.472772
0.527742
0.612169
0.445439
0.492337
0.550255
0.418411
0.431107
0.458477
0.524667
0.616919
0.527321
0.616792
0.399198
0.381691
0.549693
0.586032
0.581809
0.507559
0.525082
0.584746
0.468853
0.450397
0.495035
0.535865
0.436805
0.495536
0.398499
0.501832
0.455292
0.508006
0.466271
0.565663
0.630742
0.410406
0.602232
0.449024
0.511254
0.330347
0.562039
0.457193
0.605062
0.45088
0.44299
0.485323
0.65521
0.388131
0.480801
0.445902
0.377361
0.426734
0.559368
0.531272
0.548818
0.69475
0.564894
0.367882
0.515476
0.596679
0.580307
0.422982
0.577389
0.600144
0.581315
0.575205
0.578503
0.454956
0.661059
0.655237
0.454739
0.391712
0.412793
0.412035
0.417583
0.592069
0.313543
0.386177
0.535508
0.448364
0.488088
0.510329
0.528526
0.452719
0.440918
0.25493
0.554734
0.504013
0.510997
0.555349
0.522553
0.636684
0.454188
0.56752
0.626221
0.511914
0.352957
0.487608
0.430665
0.536013
0.491619
0.635221
0.517914
0.761459
0.454654
0.449286
0.481355
0.47458
0.5797
0.603502
0.584261
0.284155
0.537482
0.349553
0.390603
0.613695
0.367375
0.388544
0.472215
0.595685
0.656165
0.514637
0.477323
0.510124
0.533225
0.442289
0.529291
0.556122
0.429357
0.704901
0.566625
0.560526
0.408239
0.495818
0.728767
0.390494
0.565464
0.422581
0.567504
0.53897
0.574824
0.584813
0.488883
0.497068
0.456415
0.500233
0.510754
0.531862
0.495602
0.439736
0.49957
0.380892
0.642601
0.451394
0.407161
0.597246
0.493592
0.627277
0.581989
0.485257
0.35762
0.58129
0.635214
0.423125
0.548273
0.358521
0.39286
0.553927
0.541991
0.496911
0.591804
0.632084
0.590039
0.533201
0.547291
0.342129
0.37042
0.422113
0.53862
0.277167
0.568508
0.468293
0.670532
0.604452
0.467706
0.514867
0.651124
0.696607
0.43811
0.363137
0.600794
0.422954
0.593825
0.50013
0.526256
0.542667
0.547364
0.582158
0.451999
0.498954
0.559191
0.473263
0.429207
0.57251
0.536216
0.49017
0.507043
0.317107
0.3866
0.495311
0.558819
0.38667
0.438758
0.454159
0.448865
0.50056
0.466771
0.492848
0.385408
0.523346
0.556663
0.32934
0.348344
0.411091
0.459936
0.491529
0.464005
0.56441
0.511594
0.576195
0.414775
0.50835
0.276332
0.653876
0.450242
0.481659
0.402833
0.5091
0.476348
0.56742
0.423978
0.458234
0.545314
0.349526
0.489353
0.356054
0.394839
0.464104
0.342542
0.447242
0.470693
0.573072
0.383509
0.512946
0.530389
0.472508
0.64759
0.590579
0.522447
0.527808
0.586497
0.404668
0.558978
0.679602
0.489996
0.448125
0.479291
0.480469
0.613714
0.619332
0.306947
0.506666
0.490718
0.586119
0.437662
0.357595
0.651086
0.460719
0.60359
0.637607
0.541656
0.49027
0.521354
0.451383
0.751442
0.468006
0.564607
0.589353
0.46875
0.436204
0.462485
0.699938
0.522957
0.380736
0.505894
0.419655
0.333958
0.619028
0.474745
0.45173
0.379642
0.580882
0.548884
0.352785
0.508218
0.310198
0.539127
0.421681
0.516871
0.522779
0.615345
0.413781
0.577964
0.501283
0.29655
0.269003
0.342853
0.465585
0.421309
0.397051
0.353244
0.410641
0.490997
0.674545
0.539972
0.351866
0.566469
0.455291
0.52594
0.470384
0.531023
0.568047
0.647845
0.429778
0.57713
0.479836
0.382086
0.577487
0.536683
0.553388
0.552954
0.495243
0.397527
0.453726
0.602717
0.484216
0.513189
0.502557
0.33765
0.334413
0.53601
0.493899
0.493172
0.519539
0.64177
0.536715
0.484303
0.475637
0.459349
0.559127
0.561238
0.574528
0.402479
0.385409
0.448358
0.514019
0.490104
0.285409
0.419986
0.651203
0.54288
0.51261
0.506989
0.350615
0.498738
0.420736
0.321631
0.365651
0.480765
0.320954
0.458054
0.392157
0.393876
0.566285
0.434191
0.512691
0.578302
0.493175
0.486988
0.486167
0.500803
0.391245
0.653223
0.540716
0.449178
0.5024
0.537262
0.520166
0.38005
0.473651
0.496358
0.4518
0.459587
0.520635
0.512997
0.292644
0.574609
0.429741
0.558829
0.63352
0.558074
0.377409
0.510283
0.567323
0.286048
0.529533
0.613674
0.545382
0.51849
0.468211
0.616737
0.351175
0.266509
0.45644
0.520725
0.424135
0.504543
0.585026
0.436795
0.490549
0.375306
0.65393
0.464015
0.438641
0.56362
0.538889
0.493195
0.558687
0.585534
0.51237
0.367656
0.616422
0.731802
0.567081
0.623093
0.511777
0.43784
0.584373
0.545742
0.480371
0.481189
0.665223
0.330202
0.619656
0.525224
0.477096
0.522276
0.375534
0.464887
0.457169
0.472339
0.531111
0.454433
0.555112
0.412615
0.732279
0.414226
0.613286
0.556705
0.612705
0.566268
0.497639
0.488369
0.603572
0.616987
0.650345
0.583208
0.6039
0.508815
0.589037
0.653178
0.530489
0.454636
0.393892
0.519119
0.56019
0.344326
0.581689
0.437249
0.331486
0.50081
0.556664
0.506285
0.509861
0.532228
0.555474
0.67401
0.57738
0.482465
0.584223
0.59513
0.62888
0.767415
0.508263
0.552703
0.505371
0.37936
0.541676
0.567617
0.442355
0.464728
0.546975
0.546206
0.541869
0.586768
0.56298
0.254325
0.589873
0.46723
0.50891
0.493852
0.345269
0.59048
0.657009
0.568766
0.645968
0.517613
0.528228
0.574464
0.44626
0.502443
0.562184
0.475018
0.465859
0.368775
0.4726
0.535311
0.554604
0.679561
0.564172
0.472753
0.630494
0.621353
0.510205
0.448155
0.417799
0.697398
0.438753
0.426658
0.493869
0.56268
0.52742
0.544012
0.558378
0.374777
0.454687
0.485272
0.589472
0.543389
0.502686
0.533751
0.383047
0.544444
0.468979
0.527185
0.431621
0.364578
0.452205
0.55208
0.548256
0.739221
0.369692
0.540536
0.451377
0.560182
0.398276
0.467987
0.483199
0.612274
0.569029
0.484715
0.435596
0.345917
0.671221
0.485124
0.712654
0.534327
0.522125
0.601138
0.491615
0.46788
0.441037
0.411128
0.588478
0.509915
0.544601
0.332924
0.63897
0.420586
0.48503
0.405322
0.429966
0.428935
0.524625
0.581303
0.433423
0.715994
0.53287
0.419715
0.489723
0.519013
0.472849
0.569507
0.657525
0.571721
0.390663
0.42868
0.603049
0.5884
0.526271
0.402904
0.365813
0.448435
0.630759
0.598179
0.445306
0.448343
0.419715
0.507089
0.351656
0.503075
0.544226
0.275835
0.513093
0.478092
0.661281
0.493609
0.506685
0.536307
0.488017
0.488676
0.561487
0.444907
0.395778
0.445968
0.472618
0.699325
0.519062
0.515774
0.471003
0.515685
0.612799
0.536554
0.539231
0.486821
0.392646
0.558539
0.584347
0.495998
0.453764
0.578047
0.621115
0.479686
0.512591
0.461852
0.444413
0.506594
0.394904
0.580895
0.54975
0.412702
0.455941
0.444702
0.581421
0.656607
0.430824
0.431356
0.446377
0.629212
0.654961
0.379477
0.33846
0.596945
0.455938
0.422628
0.495007
0.546479
0.404468
0.614492
0.491142
0.536551
0.638711
0.564511
0.513837
0.592158
0.672628
0.464846
0.508442
0.578446
0.606319
0.565045
0.427261
0.784016
0.42853
0.502145
0.518247
0.48168
0.30499
0.720515
0.569531
0.511777
0.459996
0.554092
0.382494
0.37954
0.373925
0.368208
0.505079
0.541664
0.440254
0.480438
0.353244
0.383571
0.568392
0.549245
0.529363
0.40093
0.512234
0.522231
0.372381
0.577214
0.490198
0.496807
0.418068
0.61142
0.694429
0.426791
0.394082
0.452041
0.531444
0.408025
0.421336
0.427875
0.572404
0.53128
0.650574
0.46383
0.410085
0.475783
0.453652
0.398451
0.425199
0.543242
0.448139
0.384897
0.373504
0.449646
0.508899
0.601623
0.446016
0.486918
0.571688
0.50337
0.468945
0.463093
0.534005
0.325367
0.451764
0.389641
0.592664
0.569262
0.627317
0.507214
0.623509
0.541229
0.536146
0.563065
0.416446
0.511451
0.579536
0.448983
0.551285
0.487623
0.606192
0.489459
0.471784
0.448879
0.52222
0.5852
0.33456
0.613391
0.652228
0.553762
0.636272
0.593502
0.572222
0.591156
0.529282
0.544412
0.436481
0.667575
0.708209
0.591752
0.497128
0.566059
0.484782
0.322733
0.445658
0.711712
0.47664
0.475466
0.381516
0.495196
0.339601
0.329434
0.537981
0.479425
0.507767
0.392501
0.486416
0.441812
0.619242
0.439154
0.525331
0.532874
0.557318
0.461406
0.582084
0.549637
0.400518
0.565914
0.466321
0.49088
0.63488
0.443818
0.581829
0.679946
0.636083
0.546609
0.506229
0.346475
0.587607
0.552394
0.277338
0.525047
0.486624
0.570241
0.484947
0.468232
0.437107
0.611376
0.473539
0.333015
0.687108
0.4977
0.64419
0.669813
0.494731
0.461047
0.543747
0.546492
0.377385
0.428607
0.50041
0.537664
0.396897
0.446595
0.57348
0.601321
0.456345
0.558455
0.509997
0.487234
0.543474
0.456105
0.433972
0.448771
0.572743
0.631016
0.538518
0.573575
0.388658
0.671614
0.624085
0.358046
0.444714
0.327666
0.455879
0.512651
0.625208
0.571398
0.541982
0.523789
0.603885
0.447047
0.514484
0.575139
0.319265
0.570857
0.395545
0.346205
0.48893
0.515161
0.627584
0.494989
0.39443
0.413605
0.533242
0.469442
0.467297
0.527733
0.450197
0.490471
0.530157
0.52357
0.374719
0.556807
0.442746
0.663392
0.475124
0.425913
0.530933
0.503157
0.543128
0.449388
0.410246
0.517941
0.591729
0.547778
0.539119
0.611695
0.548818
0.397588
0.34869
0.3967
0.515335
0.709243
0.405736
0.582679
0.446664
0.673089
0.395787
0.463627
0.38022
0.55286
0.399887
0.537462
0.486999
0.361694
0.328392
0.482649
0.499363
0.751393
0.528901
0.627331
0.602738
0.705484
0.475451
0.598337
0.429252
0.312353
0.557708
0.585077
0.422967
0.405696
0.619647
0.489793
0.438206
0.532253
0.557356
0.491425
0.475893
0.515682
0.397714
0.493331
0.56184
0.542071
0.678965
0.460867
0.641746
0.5463
0.588332
0.526248
0.43944
0.515845
0.44086
0.525704
0.438841
0.374037
0.580385
0.355704
0.460177
0.519839
0.632998
0.546281
0.573709
0.585138
0.643296
0.643456
0.408255
0.660161
0.484218
0.399648
0.358806
0.306995
0.575039
0.458886
0.381233
0.542174
0.604258
0.698091
0.399023
0.571004
0.38236
0.589512
0.565914
0.685545
0.403888
0.563177
0.570836
0.719071
0.451609
0.489878
0.591365
0.444205
0.512895
0.530202
0.465607
0.508924
0.697538
0.596415
0.438776
0.360991
0.657096
0.382143
0.541203
0.491345
0.531274
0.497627
0.47303
0.442199
0.621926
0.611414
0.42375
0.425419
0.567623
0.58564
0.570998
0.467738
0.321584
0.481974
0.524009
0.565846
0.39576
0.426883
0.556756
0.258067
0.6091
0.413535
0.480495
0.599354
0.466236
0.576393
0.414044
0.599533
0.60412
0.533841
0.514139
0.425199
0.501187
0.521943
0.531473
0.585232
0.381582
0.344209
0.376935
0.267727
0.513494
0.480927
0.446124
0.458946
0.555892
0.31774
0.399672
0.376911
0.424575
0.484633
0.486342
0.455224
0.411587
0.398832
0.491522
0.515792
0.499393
0.571286
0.574693
0.609092
0.57291
0.49684
0.416879
0.551668
0.671147
0.470917
0.437201
0.464388
0.571086
0.665941
0.472538
0.560883
0.407059
0.301875
0.475129
0.540164
0.359546
0.5375
0.510935
0.425026
0.370543
0.510503
0.490758
0.62007
0.543706
0.320436
0.502829
0.539308
0.663961
0.472198
0.518719
0.510118
0.533333
0.409302
0.405472
0.471863
0.59008
0.333827
0.499653
0.36566
0.491958
0.639031
0.599954
0.4057
0.549242
0.41417
0.343074
0.518922
0.449145
0.499499
0.48409
0.562966
0.593174
0.490777
0.761507
0.543874
0.557907
0.472286
0.554844
0.554194
0.485269
0.58836
0.518103
0.475707
0.42089
0.376233
0.48696
0.513138
0.471058
0.545544
0.615103
0.357635
0.575418
0.507608
0.512125
0.4708
0.441542
0.473538
0.360673
0.418228
0.518842
0.534916
0.625635
0.490191
0.375905
0.631973
0.586799
0.487943
0.572097
0.357602
0.495205
0.526361
0.479079
0.533922
0.651064
0.643982
0.520722
0.462132
0.519205
0.694199
0.58351
0.553784
0.540317
0.428096
0.539054
0.508124
0.579273
0.61945
0.363405
0.348471
0.404368
0.612382
0.494673
0.451451
0.55491
0.616397
0.413619
0.61404
0.483025
0.393652
0.346615
0.460441
0.51531
0.278606
0.474269
0.486622
0.449934
0.377343
0.592243
0.505517
0.676343
0.48709
0.436062
0.458245
0.381834
0.567489
0.484107
0.401849
0.708263
0.433262
0.440216
0.414836
0.472007
0.609667
0.429498
0.558793
0.602367
0.421946
0.490796
0.415431
0.541849
0.439357
0.401836
0.539132
0.552487
0.662754
0.526137
0.418326
0.564658
0.468596
0.434403
0.555331
0.379865
0.47606
0.549994
0.621623
0.300874
0.299276
0.533391
0.529246
0.427588
0.53278
0.301918
0.522351
0.454164
0.381912
0.538576
0.515955
0.57346
0.615156
0.35029
0.510052
0.492928
0.544178
0.676395
0.641582
0.557795
0.528682
0.32033
0.297442
0.541923
0.493956
0.591567
0.329212
0.595318
0.413296
0.523331
0.45249
0.733869
0.657149
0.509829
0.586211
0.537978
0.594934
0.432254
0.632941
0.721075
0.540938
0.475757
0.400489
0.378163
0.386486
0.552726
0.536084
0.382261
0.618656
0.426047
0.642457
0.629444
0.490204
0.567402
0.56322
0.519906
0.612924
0.400028
0.493648
0.494636
0.371538
0.485553
0.560061
0.628622
0.509133
0.555621
0.522195
0.528634
0.467369
0.508633
0.530969
0.525203
0.461866
0.650308
0.599575
0.626109
0.359578
0.526522
0.636684
0.466152
0.362292
0.563134
0.402242
0.411843
0.587848
0.587996
0.571911
0.438652
0.515043
0.475137
0.466003
0.584095
0.593563
0.342933
0.480828
0.59609
0.528554
0.392034
0.460202
0.659092
0.479653
0.53263
0.405336
0.319424
0.353314
0.484357
0.622987
0.38736
0.439187
0.408545
0.272555
0.420809
0.30795
0.536698
0.548173
0.660276
0.548495
0.488645
0.614812
0.566072
0.513522
0.539066
0.438417
0.397889
0.638552
0.414496
0.477067
0.477787
0.511888
0.219812
0.338652
0.506708
0.551359
0.451098
0.603465
0.490844
0.574459
0.510961
0.537927
0.418797
0.555978
0.475379
0.306397
0.567563
0.513146
0.453201
0.577045
0.671197
0.541896
0.428206
0.608186
0.439573
0.485741
0.589186
0.523586
0.557339
0.425323
0.458612
0.507231
0.428821
0.54348
0.460225
0.375135
0.379765
0.497019
0.567911
0.457155
0.610232
0.39898
0.612811
0.325744
0.556133
0.5082
0.365228
0.459227
0.413711
0.498206
0.537881
0.279895
0.478152
0.434071
0.574916
0.555048
0.423307
0.660628
0.407081
0.522408
0.495716
0.372447
0.290201
0.368203
0.516548
0.407145
0.536724
0.452022
0.39621
0.627955
0.546337
0.580306
0.497091
0.525868
0.501543
0.560519
0.371564
0.500241
0.49044
0.53858
0.70899
0.531299
0.436731
0.488555
0.513331
0.637574
0.254071
0.578837
0.481046
0.652914
0.408181
0.513513
0.548701
0.635231
0.588573
0.609438
0.434856
0.544634
0.497241
0.523968
0.628017
0.250988
0.502028
0.53853
0.600339
0.437123
0.537693
0.409532
0.497024
0.478046
0.440653
0.638582
0.417667
0.460346
0.459096
0.444093
0.634736
0.658637
0.286333
0.628956
0.464685
0.644258
0.632019
0.664664
0.410459
0.539584
0.595892
0.51897
0.434072
0.360985
0.377096
0.547277
0.611167
0.464016
0.486637
0.490626
0.394628
0.402315
0.591262
0.455596
0.513085
0.461421
0.476576
0.411897
0.60626
0.591807
0.460907
0.587114
0.518982
0.441186
0.516658
0.358188
0.318367
0.411253
0.473113
0.666033
0.455346
0.512753
0.50626
0.481298
0.466493
0.476743
0.40254
0.431152
0.321265
0.44847
0.462065
0.501935
0.592278
0.430028
0.442915
0.741279
0.503472
0.673207
0.314383
0.413551
0.546884
0.416338
0.468527
0.569943
0.619719
0.407741
0.533856
0.571992
0.398232
0.5003
0.452482
0.485351
0.52524
0.510935
0.445427
0.50715
0.547545
0.527058
0.434921
0.510807
0.414768
0.458648
0.565325
0.429572
0.470847
0.466172
0.425804
0.634985
0.375201
0.365329
0.500738
0.516631
0.536222
0.481324
0.543237
0.490687
0.69168
0.497179
0.380768
0.549663
0.507797
0.749364
0.42977
0.544936
0.482489
0.443765
0.541135
0.435115
0.532563
0.407654
0.655474
0.542471
0.535851
0.707918
0.664037
0.479527
0.61631
0.539173
0.408011
0.518921
0.544349
0.541723
0.578447
0.499855
0.430115
0.510291
0.386329
0.349162
0.480354
0.49938
0.355073
0.537381
0.548955
0.556603
0.556015
0.620595
0.528497
0.595678
0.584073
0.505153
0.509201
0.46768
0.590734
0.520254
0.488892
0.5518
0.702547
0.435647
0.481881
0.652044
0.51562
0.398936
0.587446
0.578132
0.54273
0.507025
0.393785
0.369188
0.484841
0.424707
0.477282
0.386743
0.40072
0.513125
0.488599
0.595867
0.467023
0.662399
0.587923
0.444146
0.579468
0.603988
0.705462
0.449425
0.378578
0.51489
0.476578
0.567922
0.338669
0.36049
0.362449
0.521319
0.596415
0.536235
0.558489
0.438783
0.388122
0.578347
0.467681
0.479547
0.497905
0.575861
0.540982
0.542584
0.489981
0.523464
0.440877
0.379079
0.417385
0.437333
0.658511
0.474791
0.589292
0.482358
0.513355
0.374921
0.374889
0.534363
0.503644
0.332854
0.571055
0.468055
0.584638
0.562872
0.6242
0.500968
0.571584
0.58994
0.645996
0.453629
0.448946
0.578518
0.483727
0.361921
0.483497
0.486401
0.496133
0.592226
0.465063
0.565487
0.355105
0.493827
0.626548
0.39337
0.565107
0.544159
0.428181
0.479415
0.600846
0.506395
0.546233
0.495808
0.557184
0.568383
0.5125
0.524606
0.443746
0.647692
0.549216
0.410322
0.412715
0.447358
0.488512
0.525778
0.467189
0.48638
0.522566
0.496017
0.656764
0.601039
0.379065
0.31779
0.536863
0.448152
0.547938
0.43464
0.671519
0.507454
0.403436
0.491707
0.63084
0.582822
0.486882
0.449224
0.721985
0.484043
0.468826
0.466019
0.456361
0.512714
0.336135
0.298408
0.468401
0.495643
0.603821
0.557311
0.448076
0.462228
0.399424
0.526602
0.527704
0.541747
0.688542
0.505146
0.583895
0.5927
0.39491
0.468097
0.50027
0.537357
0.421343
0.461384
0.321013
0.565837
0.415127
0.396224
0.457076
0.438479
0.472085
0.584646
0.446087
0.333297
0.578879
0.47661
0.386341
0.475041
0.507169
0.586075
0.649929
0.29914
0.562223
0.426564
0.527578
0.240704
0.431664
0.453044
0.678504
0.526134
0.568343
0.500582
0.474945
0.450793
0.679013
0.332907
0.478424
0.656109
0.593749
0.714945
0.510637
0.516246
0.388988
0.589371
0.446522
0.38876
0.670911
0.392324
0.333008
0.493256
0.549677
0.54953
0.509521
0.512528
0.315081
0.450318
0.372991
0.554941
0.53948
0.640061
0.601195
0.705413
0.375724
0.575775
0.546316
0.693137
0.490224
0.366585
0.570838
0.422779
0.690621
0.519741
0.567898
0.49511
0.402676
0.62062
0.348265
0.463431
0.463385
0.415851
0.558709
0.451712
0.380883
0.504048
0.406963
0.45448
0.532754
0.467931
0.60433
0.440206
0.611926
0.341488
0.70843
0.619698
0.374726
0.470552
0.478298
0.486722
0.502831
0.506427
0.377143
0.595331
0.476206
0.619269
0.422261
0.55003
0.596534
0.617426
0.34699
0.431494
0.541542
0.535204
0.578863
0.38
0.523964
0.4662
0.436428
0.466562
0.540935
0.471636
0.502195
0.490881
0.609446
0.419835
0.451015
0.486123
0.58241
0.588226
0.424537
0.551228
0.431794
0.494855
0.478386
0.577336
0.486659
0.471442
0.43704
0.429012
0.453628
0.431367
0.532138
0.463698
0.466723
0.547774
0.445899
0.642199
0.366581
0.500913
0.517507
0.554504
0.562175
0.679234
0.394459
0.451777
0.460244
0.562205
0.433109
0.46745
0.450058
0.548657
0.395623
0.495938
0.507841
0.434309
0.489442
0.582072
0.452564
0.43526
0.597832
0.600837
0.371771
0.487386
0.61624
0.555947
0.484013
0.448887
0.611778
0.515081
0.667346
0.656505
0.447181
0.384758
0.527433
0.434352
0.353941
0.501799
0.383163
0.564551
0.411854
0.511591
0.403624
0.475242
0.516928
0.583877
0.441743
0.495711
0.431304
0.490021
0.393297
0.519517
0.555508
0.574668
0.494208
0.591479
0.604867
0.579766
0.595504
0.517225
0.681145
0.338179
0.477919
0.546591
0.592431
0.402927
0.453248
0.403596
0.386718
0.509485
0.626181
0.562802
0.437638
0.313017
0.649812
0.378775
0.577065
0.567822
0.30423
0.473819
0.443994
0.428235
0.57701
0.528383
0.459835
0.491526
0.555933
0.585258
0.507196
0.454636
0.599191
0.597127
0.655104
0.535735
0.480729
0.378875
0.323458
0.374075
0.584536
0.570564
0.611056
0.660431
0.52054
0.510866
0.534978
0.396025
0.547786
0.438182
0.366977
0.598188
0.621514
0.489444
0.640108
0.571587
0.546239
0.403859
0.583713
0.58765
0.645626
0.447396
0.387208
0.642213
0.493485
0.377764
0.265617
0.510526
0.542315
0.5308
0.487542
0.544911
0.403014
0.326741
0.426958
0.556574
0.450499
0.505509
0.324025
0.519899
0.546491
0.578141
0.509649
0.602788
0.586454
0.538546
0.598978
0.365886
0.509144
0.465105
0.538048
0.729721
0.583216
0.341941
0.55551
0.56241
0.447358
0.569189
0.500524
0.509562
0.482299
0.672087
0.523516
0.527845
0.501247
0.559266
0.476355
0.587364
0.538705
0.358107
0.382704
0.405927
0.587615
0.443562
0.480443
0.438471
0.485334
0.48821
0.301463
0.472874
0.496364
0.544653
0.377243
0.521968
0.313069
0.613502
0.501782
0.431369
0.536105
0.475259
0.5192
0.661656
0.557978
0.634146
0.616867
0.606919
0.422323
0.435582
0.593904
0.472807
0.347197
0.513271
0.449468
0.58631
0.674161
0.57095
0.318063
0.614629
0.340269
0.319489
0.605363
0.737098
0.383508
0.521481
0.295318
0.485149
0.512804
0.629322
0.567847
0.621293
0.542742
0.66344
0.458824
0.686876
0.364546
0.526354
0.49547
0.465618
0.465147
0.384944
0.548422
0.478376
0.394033
0.514358
0.666683
0.574933
0.504658
0.556647
0.426138
0.388585
0.567243
0.517128
0.661461
0.37465
0.479259
0.550975
0.41265
0.607406
0.61773
0.468212
0.461367
0.542163
0.425014
0.531476
0.531279
0.477866
0.550938
0.499221
0.365932
0.536549
0.455366
0.476822
0.57494
0.701812
0.385536
0.615841
0.364636
0.460019
0.472984
0.421941
0.565437
0.532854
0.54976
0.506159
0.470186
0.583793
0.479116
0.391754
0.553346
0.566991
0.560906
0.456371
0.510165
0.445326
0.448047
0.370944
0.510679
0.653046
0.451299
0.45442
0.490576
0.573004
0.281919
0.596165
0.397386
0.331781
0.364179
0.542564
0.486174
0.418657
0.533823
0.375053
0.536705
0.474277
0.62813
0.535372
0.578906
0.377453
0.484749
0.729382
0.513231
0.626874
0.628837
0.550073
0.657172
0.44896
0.582606
0.427676
0.411515
0.481683
0.332081
0.501696
0.505042
0.642387
0.399205
0.415545
0.541888
0.378425
0.472074
0.495873
0.551955
0.5532
0.433745
0.569999
0.554124
0.405036
0.404375
0.507665
0.519838
0.437589
0.288987
0.496944
0.618469
0.501219
0.632782
0.465234
0.295995
0.585413
0.368988
0.459058
0.557434
0.48084
0.554759
0.462654
0.576512
0.441522
0.494886
0.464176
0.440707
0.475773
0.430109
0.606615
0.466336
0.649541
0.607908
0.46233
0.409403
0.465533
0.562761
0.457262
0.588593
0.491439
0.52643
0.592507
0.574806
0.493744
0.395692
0.453852
0.447119
0.670414
0.446545
0.488207
0.440632
0.384201
0.454179
0.521412
0.602566
0.333841
0.423305
0.493808
0.52679
0.456034
0.532694
0.635018
0.563881
0.457268
0.442389
0.561742
0.426486
0.499157
0.505955
0.573812
0.563339
0.509641
0.689678
0.493446
0.507438
0.407944
0.454777
0.427324
0.474723
0.394165
0.548818
0.455021
0.571885
0.482769
0.632526
0.522143
0.550658
0.308435
0.504538
0.441495
0.518956
0.395768
0.558134
0.517444
0.596498
0.391688
0.502135
0.381564
0.50689
0.478915
0.406809
0.373361
0.664591
0.426225
0.311199
0.367654
0.491503
0.6292
0.579693
0.526634
0.344129
0.334303
0.564306
0.464101
0.421194
0.537434
0.568919
0.613477
0.438217
0.460993
0.389065
0.389237
0.397693
0.633922
0.394637
0.660017
0.461191
0.55773
0.524546
0.48512
0.565668
0.405947
0.475765
0.416196
0.655626
0.480487
0.510809
0.58162
0.473201
0.478757
0.606353
0.53942
0.419873
0.49074
0.46286
0.629553
0.549061
0.66343
0.544632
0.739788
0.453378
0.396602
0.388067
0.520504
0.471597
0.461752
0.281935
0.579124
0.36845
0.495717
0.478678
0.328968
0.557996
0.479909
0.343889
0.371568
0.383524
0.380729
0.408786
0.305389
0.481536
0.439578
0.586371
0.563914
0.304398
0.542377
0.587697
0.616662
0.328387
0.486652
0.383937
0.479356
0.616331
0.454439
0.56935
0.473621
0.534423
0.584611
0.468536
0.588795
0.551257
0.449023
0.490068
0.403007
0.596385
0.441234
0.561527
0.629292
0.46083
0.389888
0.504601
0.614388
0.530684
0.454075
0.552119
0.519756
0.417383
0.625692
0.513041
0.580443
0.657001
0.571854
0.510573
0.529395
0.581301
0.654318
0.518893
0.492044
0.512767
0.65562
0.484601
0.434954
0.614718
0.553596
0.531196
0.567473
0.458515
0.485268
0.512587
0.458213
0.387848
0.633019
0.521284
0.388136
0.612988
0.493711
0.39742
0.505689
0.615681
0.435204
0.567394
0.501064
0.460803
0.522726
0.519846
0.637969
0.479151
0.465132
0.568021
0.371501
0.404371
0.581206
0.530442
0.476552
0.426327
0.449362
0.677557
0.586794
0.485701
0.348281
0.544448
0.711556
0.515555
0.526676
0.415405
0.505824
0.582574
0.400484
0.37386
0.604118
0.553894
0.645812
0.622421
0.516149
0.387542
0.453842
0.666341
0.68277
0.400604
0.495156
0.586201
0.50401
0.607056
0.398522
0.580654
0.513561
0.646846
0.613496
0.429367
0.560329
0.471977
0.465354
0.51349
0.479147
0.44914
0.530151
0.452684
0.53877
0.629594
0.600274
0.602727
0.432556
0.48557
0.557009
0.447472
0.449946
0.491216
0.634477
0.367273
0.596782
0.420105
0.40423
0.539467
0.418773
0.438275
0.524738
0.503858
0.46186
0.501814
0.715581
0.398895
0.649982
0.54381
0.600136
0.346255
0.48651
0.392168
0.618596
0.64923
0.439752
0.345097
0.588082
0.402574
0.441935
0.505024
0.45897
0.429723
0.339386
0.507095
0.704315
0.421453
0.540813
0.460291
0.437816
0.314468
0.419943
0.645294
0.578208
0.698086
0.374986
0.493682
0.594627
0.563413
0.304689
0.430435
0.446483
0.616222
0.540839
0.431373
0.578018
0.578399
0.529212
0.376518
0.685125
0.332406
0.461801
0.429782
0.520519
0.459939
0.457001
0.517371
0.461013
0.543884
0.422903
0.497094
0.282933
0.408138
0.521271
0.405998
0.57151
0.641772
0.512758
0.754569
0.557978
0.583779
0.481778
0.424818
0.50197
0.536223
0.323842
0.462071
0.522149
0.543279
0.378337
0.573801
0.367824
0.350497
0.592375
0.423655
0.498962
0.383869
0.430725
0.50743
0.519656
0.415982
0.46461
0.505473
0.445963
0.282997
0.577622
0.620323
0.576368
0.560386
0.556785
0.539651
0.602085
0.488637
0.46521
0.335244
0.413271
0.566469
0.431468
0.4542
0.431191
0.714803
0.389019
0.426137
0.46865
0.588825
0.443497
0.460433
0.471809
0.419261
0.460572
0.412756
0.544076
0.451418
0.414171
0.545763
0.452333
0.688073
0.613369
0.492311
0.560438
0.508683
0.37284
0.361164
0.455159
0.52425
0.380688
0.427525
0.493425
0.538209
0.660498
0.558986
0.512437
0.535479
0.37068
0.389338
0.448864
0.543139
0.520439
0.428208
0.390353
0.438505
0.432182
0.456452
0.550053
0.477591
0.506531
0.490654
0.468074
0.545447
0.647663
0.402788
0.295979
0.368575
0.520117
0.563044
0.441697
0.669951
0.407646
0.557842
0.510972
0.593014
0.54202
0.456233
0.482765
0.388757
0.513982
0.603823
0.643109
0.378643
0.456595
0.374322
0.555144
0.516898
0.527249
0.37739
0.580386
0.532719
0.570256
0.592791
0.643254
0.302431
0.516572
0.472675
0.540395
0.662638
0.507355
0.336178
0.468881
0.419225
0.488111
0.496203
0.650959
0.537682
0.521775
0.542237
0.373007
0.63401
0.561409
0.503243
0.5759
0.451312
0.593051
0.490933
0.513319
0.546537
0.530816
0.448988
0.651843
0.378562
0.581317
0.593008
0.477284
0.449362
0.492107
0.616912
0.488649
0.483233
0.495842
0.374296
0.43486
0.626409
0.432438
0.440533
0.447828
0.414769
0.487377
0.558328
0.654197
0.507144
0.374719
0.513721
0.549975
0.444833
0.405018
0.441215
0.477823
0.415835
0.535456
0.388604
0.473984
0.528766
0.463748
0.469171
0.506099
0.503027
0.498108
0.389019
0.497558
0.337261
0.349295
0.570473
0.558896
0.619026
0.621929
0.421382
0.490181
0.388752
0.542414
0.260032
0.485691
0.486837
0.399277
0.343719
0.50652
0.623164
0.575156
0.526179
0.368493
0.554662
0.442318
0.457565
0.439858
0.49283
0.537181
0.525663
0.511222
0.455708
0.523018
0.516277
0.381957
0.406534
0.630611
0.454266
0.533392
0.275736
0.408312
0.297266
0.59741
0.247803
0.327414
0.426863
0.385158
0.526396
0.525264
0.464534
0.557281
0.498724
0.513756
0.492121
0.375023
0.445111
0.359051
0.451817
0.388577
0.635705
0.411254
0.423484
0.55069
0.589859
0.529523
0.525528
0.482747
0.423782
0.445495
0.469475
0.397794
0.469915
0.410108
0.540626
0.568207
0.621205
0.487696
0.51274
0.520456
0.551244
0.345754
0.581414
0.58854
0.416208
0.525813
0.378687
0.441806
0.397894
0.594609
0.383193
0.239764
0.55301
0.426897
0.650979
0.611864
0.358399
0.561074
0.55961
0.406802
0.664274
0.432963
0.492522
0.434367
0.378862
0.505868
0.614418
0.500958
0.512377
0.388091
0.537021
0.623371
0.32203
0.61167
0.695302
0.536966
0.552022
0.524959
0.507577
0.474643
0.594353
0.450917
0.451322
0.499878
0.361879
0.544489
0.435191
0.486112
0.43064
0.345277
0.484415
0.438773
0.353072
0.602721
0.591462
0.585847
0.658623
0.424286
0.43932
0.485995
0.547534
0.674536
0.516176
0.525242
0.463364
0.483619
0.455204
0.537352
0.629353
0.494286
0.611862
0.569334
0.594104
0.411432
0.506145
0.44041
0.40743
0.378895
0.593834
0.465369
0.40383
0.494164
0.586562
0.524743
0.287905
0.419417
0.525617
0.594967
0.384452
0.431181
0.451574
0.469734
0.53997
0.582548
0.336069
0.614455
0.458176
0.380593
0.501183
0.442213
0.648849
0.69403
0.60593
0.362145
0.608304
0.326556
0.501068
0.647956
0.48486
0.581372
0.527905
0.560563
0.48033
0.401334
0.561709
0.527778
0.377672
0.533768
0.485836
0.565857
0.456882
0.313367
0.551446
0.690689
0.469966
0.292572
0.364881
0.515811
0.607705
0.525555
0.497976
0.413269
0.534939
0.61614
0.496059
0.40214
0.538543
0.395945
0.536737
0.546167
0.477165
0.468355
0.554901
0.341929
0.410409
0.435976
0.393485
0.455341
0.696565
0.460566
0.475375
0.447321
0.373436
0.559386
0.542311
0.587356
0.380318
0.632199
0.406643
0.491773
0.557108
0.487891
0.459236
0.584796
0.397768
0.38572
0.531613
0.445403
0.381358
0.447681
0.595435
0.389572
0.708483
0.497117
0.382679
0.601188
0.400668
0.533758
0.423037
0.458583
0.553824
0.603551
0.531411
0.537991
0.665954
0.537119
0.660367
0.27797
0.387499
0.425266
0.595405
0.465585
0.386692
0.622744
0.462406
0.398863
0.410763
0.409337
0.496863
0.471118
0.398378
0.514318
0.466112
0.729275
0.513065
0.588301
0.323929
0.335608
0.688087
0.484597
0.409219
0.40351
0.47911
0.527169
0.487171
0.613349
0.403544
0.368278
0.394974
0.512147
0.608438
0.487825
0.630025
0.56627
0.468778
0.607218
0.454202
0.512425
0.503819
0.570222
0.643433
0.519541
0.552087
0.605814
0.360024
0.550531
0.519871
0.49533
0.451282
0.553932
0.479699
0.417306
0.479397
0.414027
0.323505
0.575199
0.474692
0.474633
0.561165
0.299763
0.399609
0.394391
0.602928
0.470991
0.649584
0.695495
0.590186
0.57346
0.446742
0.476314
0.472114
0.370324
0.463371
0.351835
0.607221
0.379323
0.51702
0.582188
0.452787
0.420693
0.39303
0.404189
0.557889
0.581105
0.370874
0.586854
0.576143
0.436251
0.568209
0.519608
0.553832
0.471904
0.593462
0.679479
0.431661
0.450666
0.449427
0.616321
0.540345
0.438616
0.504283
0.486087
0.400548
0.519262
0.502846
0.431783
0.497777
0.505876
0.402431
0.478018
0.546472
0.379102
0.469485
0.523376
0.451313
0.424022
0.46295
0.478316
0.496455
0.55615
0.468156
0.535223
0.536438
0.58357
0.553639
0.439726
0.529881
0.46413
0.537826
0.363821
0.565026
0.531661
0.420588
0.504754
0.603804
0.570132
0.516471
0.629379
0.559662
0.433927
0.2946
0.569911
0.377826
0.607525
0.469952
0.609015
0.571449
0.568158
0.299603
0.563012
0.562048
0.397188
0.625808
0.512134
0.469217
0.454157
0.498008
0.504115
0.496668
0.693519
0.433273
0.377574
0.585706
0.417108
0.486924
0.55739
0.482038
0.502199
0.562244
0.546291
0.528955
0.649781
0.563031
0.392949
0.613088
0.3221
0.370337
0.412586
0.514769
0.381832
0.502794
0.56436
0.532208
0.444246
0.508534
0.381104
0.648817
0.382451
0.55865
0.469312
0.499847
0.496166
0.70239
0.456037
0.484552
0.515585
0.550678
0.497606
0.492196
0.550465
0.537126
0.563199
0.5058
0.734891
0.53716
0.482353
0.570549
0.621913
0.491368
0.354835
0.530535
0.448596
0.476394
0.657006
0.427021
0.557807
0.605682
0.371284
0.405008
0.402367
0.545958
0.282552
0.596515
0.381828
0.438476
0.632791
0.45503
0.421295
0.564598
0.34591
0.634944
0.482109
0.553232
0.509011
0.583922
0.420034
0.465759
0.442308
0.498905
0.539664
0.497453
0.462955
0.454228
0.533134
0.500746
0.541123
0.522128
0.473823
0.475091
0.690362
0.463007
0.635557
0.50334
0.396395
0.469206
0.336777
0.580666
0.474657
0.518143
0.416344
0.526664
0.499932
0.55724
0.519799
0.554655
0.551949
0.545772
0.43636
0.366958
0.586662
0.571221
0.539193
0.436152
0.629647
0.606586
0.544027
0.617842
0.688577
0.3591
0.550478
0.530219
0.526586
0.471435
0.3409
0.552558
0.395367
0.277667
0.394779
0.573725
0.601696
0.504287
0.581947
0.610581
0.516531
0.470517
0.511888
0.574911
0.512516
0.523287
0.563319
0.468893
0.551496
0.394528
0.459899
0.518287
0.594047
0.558287
0.293397
0.507127
0.460966
0.571436
0.561807
0.467907
0.372672
0.495897
0.660865
0.529692
0.394468
0.626267
0.554931
0.46846
0.529075
0.400742
0.606513
0.586896
0.465775
0.484501
0.449473
0.535012
0.598334
0.524287
0.373456
0.540985
0.379576
0.635041
0.408014
0.438662
0.544541
0.46024
0.353426
0.551935
0.599538
0.626194
0.538207
0.436762
0.371575
0.578184
0.364747
0.311726
0.50956
0.447029
0.546394
0.462762
0.530815
0.564778
0.390598
0.63474
0.456791
0.556643
0.530341
0.382159
0.560854
0.524491
0.574094
0.515833
0.476673
0.659007
0.594769
0.537421
0.64344
0.639509
0.50975
0.59654
0.586985
0.481239
0.553808
0.546163
0.484143
0.5611
0.388779
0.53376
0.599623
0.39829
0.539979
0.48327
0.425411
0.502392
0.548733
0.544199
0.635502
0.55719
0.469781
0.269068
0.473952
0.425157
0.545875
0.401745
0.539762
0.589171
0.321428
0.602022
0.373544
0.460865
0.611726
0.593837
0.481109
0.558121
0.460731
0.615895
0.478642
0.678923
0.473121
0.496844
0.380896
0.578978
0.506625
0.307664
0.483323
0.612669
0.608137
0.509307
0.654224
0.449868
0.458277
0.573912
0.434385
0.476348
0.47819
0.585882
0.357098
0.576874
0.611193
0.509842
0.406571
0.653952
0.619578
0.443651
0.520363
0.43057
0.670212
0.566414
0.642158
0.313477
0.695719
0.466444
0.512886
0.458525
0.522745
0.427573
0.456353
0.397766
0.404294
0.411661
0.413151
0.588197
0.46607
0.460895
0.684138
0.465825
0.501477
0.528036
0.680161
0.389769
0.487991
0.611402
0.393464
0.406092
0.548413
0.521664
0.501268
0.628632
0.58061
0.649721
0.313875
0.615839
0.603047
0.561529
0.456253
0.522394
0.422447
0.452125
0.428884
0.638522
0.473408
0.494667
0.673705
0.527433
0.294602
0.681446
0.55463
0.373566
0.416397
0.645028
0.66748
0.415169
0.502134
0.554222
0.476577
0.520703
0.509117
0.598973
0.527707
0.55841
0.652278
0.520878
0.440223
0.693669
0.537716
0.434278
0.502569
0.53324
0.596628
0.452103
0.491004
0.435696
0.241736
0.428408
0.443771
0.552124
0.47483
0.516042
0.532808
0.491901
0.719883
0.285733
0.400332
0.579017
0.60285
0.547299
0.62373
0.541348
0.54612
0.45227
0.532089
0.537447
0.429323
0.450141
0.451906
0.564164
0.462961
0.440423
0.57596
0.607689
0.438952
0.544739
0.633498
0.316823
0.511796
0.465135
0.634794
0.619305
0.412414
0.556656
0.44911
0.411286
0.528064
0.396728
0.570316
0.480476
0.457696
0.466206
0.484143
0.441407
0.572044
0.564645
0.568395
0.545724
0.608229
0.575714
0.562805
0.572635
0.484005
0.500205
0.306608
0.50875
0.538689
0.71913
0.464722
0.508706
0.545442
0.485389
0.390767
0.317309
0.479789
0.529824
0.387303
0.57169
0.496067
0.478568
0.438798
0.442155
0.61884
0.598821
0.566242
0.37938
0.499219
0.517023
0.57709
0.392285
0.553361
0.497139
0.490751
0.476712
0.666298
0.549968
0.576145
0.453842
0.520443
0.502276
0.349345
0.375519
0.443827
0.334739
0.389079
0.340207
0.555096
0.560342
0.316197
0.579612
0.334689
0.432684
0.468238
0.575949
0.43622
0.531683
0.537343
0.519802
0.468076
0.470213
0.721919
0.497491
0.459344
0.6093
0.50018
0.596174
0.550623
0.484363
0.534908
0.638454
0.430745
0.365747
0.468968
0.522547
0.524228
0.451155
0.513246
0.477867
0.608007
0.575593
0.643233
0.390724
0.62395
0.49891
0.625385
0.464512
0.517578
0.576965
0.345209
0.519795
0.572416
0.437593
0.598573
0.590893
0.560317
0.477062
0.366656
0.528403
0.56509
0.38919
0.591078
0.375427
0.571526
0.47297
0.504623
0.465543
0.593758
0.483
0.497519
0.421649
0.332409
0.550486
0.489949
0.458137
0.523515
0.583629
0.456353
0.458349
0.535372
0.540078
0.461483
0.581244
0.481556
0.448413
0.41523
0.424736
0.486058
0.650522
0.563274
0.529462
0.333996
0.464861
0.471688
0.44986
0.480466
0.467147
0.541143
0.465719
0.619941
0.397644
0.443358
0.585713
0.525971
0.49303
0.589318
0.446294
0.579994
0.478549
0.533568
0.488537
0.380555
0.427899
0.546996
0.268587
0.459345
0.501728
0.544972
0.603081
0.664988
0.520901
0.568938
0.560801
0.58356
0.440482
0.655513
0.489645
0.458209
0.499794
0.593402
0.530349
0.398173
0.480714
0.40779
0.44396
0.416587
0.470532
0.604961
0.310482
0.531121
0.370103
0.674592
0.39507
0.46324
0.297624
0.438949
0.492245
0.480057
0.510951
0.55008
0.526561
0.67405
0.417048
0.398509
0.601583
0.444538
0.578568
0.577825
0.451622
0.442468
0.599906
0.45444
0.479011
0.51605
0.525957
0.463638
0.582597
0.435686
0.576417
0.272236
0.541979
0.406796
0.439474
0.632819
0.470829
0.66023
0.646244
0.359968
0.657666
0.341161
0.439036
0.578194
0.352751
0.435461
0.342574
0.354834
0.626641
0.55171
0.57038
0.507034
0.623359
0.528989
0.483747
0.665457
0.475443
0.614576
0.415735
0.631626
0.468321
0.63843
0.537673
0.261204
0.578819
0.427019
0.553241
0.560049
0.521175
0.609429
0.54065
0.349044
0.58
0.372965
0.424284
0.430365
0.672175
0.460339
0.453612
0.502646
0.450058
0.540243
0.321886
0.493196
0.440565
0.639404
0.605263
0.307682
0.52503
0.646241
0.592143
0.584357
0.332137
0.470771
0.462925
0.561464
0.582182
0.496681
0.444658
0.640941
0.439169
0.651125
0.488357
0.414331
0.464395
0.545135
0.496771
0.500963
0.499928
0.339209
0.477202
0.364341
0.434364
0.438923
0.530349
0.388398
0.620118
0.535949
0.447128
0.416119
0.537913
0.429982
0.418753
0.322167
0.468793
0.683399
0.531128
0.488872
0.378411
0.397246
0.685549
0.499328
0.496421
0.316152
0.648859
0.507838
0.45192
0.470083
0.485404
0.589473
0.582929
0.479377
0.470296
0.637628
0.465377
0.560277
0.551537
0.539022
0.408723
0.483062
0.552402
0.515167
0.457728
0.50301
0.432979
0.320857
0.451846
0.792551
0.520892
0.414123
0.566655
0.375296
0.548836
0.476422
0.449554
0.56092
0.585607
0.621978
0.631115
0.503245
0.515606
0.484162
0.622793
0.489187
0.419397
0.535058
0.392644
0.28755
0.457562
0.449877
0.447195
0.455853
0.596826
0.476115
0.455962
0.669517
0.389076
0.351296
0.46435
0.387707
0.480424
0.413223
0.592135
0.427958
0.461686
0.480884
0.462299
0.449326
0.65861
0.508008
0.515162
0.440217
0.397615
0.517622
0.51434
0.509145
0.480812
0.445424
0.335531
0.458576
0.485341
0.520213
0.650366
0.595454
0.401734
0.396513
0.49194
0.446258
0.591752
0.470901
0.445167
0.386152
0.438104
0.53982
0.485035
0.385204
0.449288
0.410773
0.543222
0.481541
0.357663
0.516332
0.584683
0.410774
0.605421
0.594182
0.499712
0.389923
0.56154
0.517035
0.454921
0.346507
0.575683
0.551605
0.502615
0.511237
0.487594
0.601414
0.638436
0.605006
0.420414
0.48699
0.450909
0.434417
0.453677
0.519425
0.56502
0.589024
0.469249
0.447369
0.399058
0.569664
0.476199
0.458685
0.496162
0.569771
0.446316
0.489208
0.33813
0.517242
0.640779
0.462873
0.490544
0.437435
0.703
0.627712
0.46903
0.629913
0.468176
0.5665
0.372908
0.411883
0.544038
0.492014
0.5335
0.656595
0.610078
0.665494
0.511375
0.469478
0.536621
0.520873
0.503689
0.460261
0.525768
0.392191
0.655995
0.4849
0.321081
0.520261
0.491268
0.383615
0.53206
0.587612
0.263933
0.504869
0.495646
0.365918
0.622186
0.491504
0.585335
0.463071
0.334358
0.463568
0.426658
0.570659
0.333364
0.349531
0.445875
0.517398
0.398773
0.417618
0.439549
0.547975
0.382737
0.50377
0.391139
0.425294
0.560163
0.621345
0.474785
0.390147
0.624254
0.606984
0.386008
0.536528
0.647002
0.681105
0.646877
0.540837
0.484554
0.492187
0.484435
0.624917
0.345819
0.320376
0.623486
0.578827
0.788238
0.524888
0.628342
0.500257
0.49867
0.455293
0.345547
0.541311
0.31378
0.470789
0.426027
0.445568
0.399526
0.523292
0.43822
0.401829
0.522295
0.396218
0.333721
0.566266
0.596248
0.425461
0.516438
0.579702
0.586532
0.574019
0.53038
0.437067
0.602462
0.536213
0.367659
0.594491
0.657614
0.498087
0.467156
0.506659
0.646315
0.601817
0.498395
0.590778
0.542201
0.515231
0.589445
0.669399
0.530751
0.492326
0.559955
0.445221
0.52293
0.463495
0.370784
0.637499
0.352585
0.589386
0.522777
0.329624
0.440105
0.361532
0.464287
0.546401
0.425333
0.485411
0.5476
0.540422
0.562796
0.324123
0.568717
0.500242
0.673396
0.437524
0.305667
0.516735
0.512655
0.484365
0.422683
0.51354
0.412855
0.5627
0.429018
0.555853
0.463905
0.583548
0.681898
0.529451
0.406792
0.578454
0.325879
0.696732
0.428123
0.445202
0.400771
0.594156
0.480716
0.486431
0.475015
0.678797
0.442596
0.580253
0.531093
0.441166
0.506307
0.36419
0.616876
0.495079
0.516166
0.575715
0.366911
0.288549
0.409382
0.373479
0.3882
0.445417
0.546672
0.399801
0.406143
0.476299
0.630599
0.61122
0.50073
0.457176
0.509213
0.511802
0.565861
0.570285
0.565113
0.522444
0.443514
0.477674
0.524642
0.395565
0.279596
0.533443
0.430037
0.462335
0.492252
0.45419
0.352846
0.440854
0.521404
0.414089
0.456199
0.437556
0.537987
0.404179
0.415521
0.677366
0.542859
0.325448
0.373384
0.574961
0.501404
0.44002
0.438306
0.621619
0.475542
0.38971
0.55586
0.558789
0.477848
0.449352
0.712317
0.427416
0.542973
0.494159
0.517687
0.545394
0.462139
0.543754
0.410237
0.536057
0.442395
0.456119
0.494917
0.407547
0.631114
0.575275
0.452322
0.602924
0.498157
0.517684
0.524507
0.578286
0.415773
0.482
0.502801
0.53255
0.554916
0.590438
0.627359
0.557302
0.273782
0.560596
0.587327
0.48475
0.470231
0.744559
0.625613
0.410773
0.377023
0.475465
0.557286
0.41984
0.482556
0.385945
0.571943
0.53856
0.557749
0.600876
0.486909
0.631477
0.47205
0.489201
0.441263
0.400624
0.610845
0.454158
0.574338
0.371079
0.297999
0.453558
0.432938
0.387524
0.328586
0.514743
0.527884
0.498283
0.288079
0.423009
0.554195
0.487768
0.448176
0.535592
0.353933
0.397363
0.371097
0.561156
0.403148
0.547838
0.621293
0.44023
0.623078
0.679976
0.686215
0.595499
0.44246
0.53859
0.468727
0.360355
0.576216
0.450117
0.468127
0.445112
0.552337
0.534779
0.462153
0.405681
0.542522
0.437577
0.599006
0.41984
0.47422
0.482367
0.478935
0.569434
0.576339
0.411719
0.534493
0.42843
0.504171
0.471278
0.504817
0.459581
0.48021
0.367824
0.452373
0.557166
0.367625
0.549215
0.51321
0.407657
0.566415
0.433728
0.439003
0.679836
0.704822
0.605136
0.528743
0.443707
0.619534
0.57497
0.41997
0.634056
0.41891
0.518926
0.486599
0.537639
0.357722
0.582093
0.457841
0.448219
0.386336
0.216824
0.428113
0.493958
0.350528
0.404252
0.481301
0.427523
0.301829
0.390066
0.426983
0.348594
0.536262
0.348725
0.576361
0.606784
0.527913
0.327231
0.519353
0.55325
0.69204
0.596402
0.461725
0.551928
0.441553
0.478716
0.414954
0.544404
0.444833
0.488794
0.386832
0.441303
0.418202
0.514736
0.495379
0.580843
0.471967
0.422578
0.432466
0.682155
0.266148
0.456226
0.559467
0.395298
0.424705
0.443141
0.460252
0.516824
0.521751
0.450982
0.354705
0.442481
0.518668
0.559096
0.548764
0.347455
0.438778
0.635351
0.637423
0.437546
0.570049
0.505165
0.570359
0.557227
0.352736
0.464732
0.633519
0.565715
0.616681
0.461325
0.50428
0.63031
0.373735
0.514162
0.425281
0.60551
0.548228
0.491574
0.447964
0.472002
0.55908
0.343166
0.368869
0.544789
0.579876
0.496131
0.579891
0.404704
0.439441
0.487085
0.350841
0.480454
0.439091
0.476367
0.543738
0.464605
0.520112
0.480011
0.421077
0.279463
0.395162
0.492235
0.664988
0.648176
0.651529
0.43246
0.593323
0.540471
0.446378
0.447415
0.477559
0.456795
0.660859
0.479873
0.583505
0.63214
0.389881
0.567877
0.429418
0.462023
0.559144
0.485989
0.459852
0.595909
0.534372
0.545039
0.552568
0.563303
0.386132
0.42814
0.507796
0.387684
0.375998
0.495138
0.624175
0.434033
0.427581
0.509439
0.36649
0.594676
0.542924
0.441935
0.612039
0.451224
0.537495
0.535841
0.472729
0.5003
0.524232
0.460315
0.488986
0.478129
0.620378
0.363999
0.551935
0.481784
0.433963
0.523832
0.417202
0.318498
0.476274
0.468827
0.624791
0.511844
0.521243
0.47971
0.544899
0.58528
0.38401
0.597634
0.552007
0.297519
0.622638
0.430265
0.524136
0.725856
0.595705
0.37066
0.518609
0.525946
0.662993
0.630222
0.450011
0.520076
0.438284
0.455842
0.563053
0.598615
0.64619
0.314819
0.537855
0.316611
0.565366
0.588566
0.38536
0.522322
0.737422
0.554099
0.396451
0.497332
0.575582
0.625163
0.522393
0.486793
0.523706
0.38424
0.521726
0.358667
0.611003
0.511854
0.557282
0.59564
0.449555
0.397243
0.426754
0.573089
0.672053
0.418836
0.533929
0.529052
0.459854
0.475775
0.440326
0.443113
0.632885
0.53215
0.476414
0.703328
0.542156
0.540429
0.647739
0.484402
0.513913
0.413962
0.567048
0.554084
0.445754
0.632118
0.513873
0.573793
0.465807
0.534836
0.515695
0.606688
0.365079
0.482824
0.620022
0.47228
0.541935
0.549563
0.456942
0.509182
0.510075
0.433342
0.462355
0.382209
0.583874
0.631068
0.640533
0.489695
0.446411
0.437175
0.501295
0.42215
0.617299
0.494898
0.334464
0.462029
0.573513
0.545181
0.517487
0.602147
0.653176
0.63974
0.338979
0.439865
0.518558
0.496035
0.521482
0.456237
0.411885
0.597421
0.413655
0.431725
0.65976
0.443058
0.3806
0.638393
0.635498
0.428776
0.348642
0.575545
0.452378
0.628421
0.367911
0.512209
0.526169
0.519755
0.565061
0.73345
0.516092
0.471204
0.504622
0.363914
0.446171
0.625125
0.508436
0.504026
0.552504
0.466256
0.658614
0.342488
0.537826
0.575048
0.502963
0.521109
0.696701
0.596272
0.578237
0.379885
0.46921
0.402834
0.263325
0.394831
0.566969
0.539985
0.481896
0.468586
0.584167
0.4701
0.514652
0.412367
0.661895
0.314802
0.390384
0.672925
0.432839
0.458561
0.450159
0.352577
0.564263
0.42274
0.580279
0.52484
0.581547
0.465622
0.459867
0.580418
0.646294
0.373922
0.653188
0.403935
0.548553
0.583931
0.692747
0.473755
0.430947
0.542419
0.456963
0.525939
0.584853
0.463015
0.568526
0.496884
0.549145
0.464652
0.661476
0.462895
0.416824
0.544078
0.534277
0.371837
0.542952
0.52106
0.382916
0.592591
0.290212
0.427033
0.464872
0.510214
0.499881
0.447197
0.466978
0.424006
0.502582
0.571775
0.435218
0.455058
0.463676
0.400893
0.582731
0.56973
0.384031
0.653712
0.646162
0.543948
0.552046
0.26759
0.345361
0.53555
0.583602
0.586504
0.364823
0.541263
0.422023
0.616422
0.477362
0.471621
0.441505
0.392938
0.644017
0.499238
0.458722
0.425073
0.534205
0.578835
0.47491
0.547862
0.514365
0.494189
0.323494
0.671943
0.561868
0.488248
0.377709
0.335024
0.596567
0.345985
0.482565
0.549582
0.420052
0.530618
0.532343
0.552665
0.560223
0.365557
0.647454
0.48385
0.396301
0.587354
0.5544
0.470682
0.459516
0.48698
0.293591
0.448719
0.352651
0.56336
0.538383
0.585122
0.504945
0.427348
0.283719
0.547104
0.587841
0.446513
0.34567
0.633758
0.484236
0.379412
0.507835
0.583572
0.564527
0.617702
0.573393
0.529471
0.52442
0.378644
0.661559
0.58526
0.442332
0.3496
0.565546
0.436099
0.49104
0.298129
0.619992
0.432782
0.474001
0.481533
0.475376
0.554432
0.649272
0.411399
0.624271
0.543405
0.363307
0.482051
0.460686
0.403943
0.265738
0.325022
0.483193
0.504202
0.649771
0.610022
0.591388
0.378869
0.608614
0.719526
0.402427
0.483395
0.476668
0.559266
0.671288
0.725188
0.607612
0.548898
0.489007
0.453549
0.515202
0.620998
0.52372
0.428017
0.664273
0.435665
0.538926
0.540756
0.459115
0.522548
0.463336
0.616934
0.456931
0.560244
0.500833
0.669409
0.370436
0.500038
0.573988
0.589675
0.463628
0.480013
0.418987
0.502641
0.548458
0.436945
0.435307
0.422658
0.330134
0.525218
0.393765
0.483976
0.51044
0.449654
0.688243
0.479712
0.439169
0.505594
0.558189
0.666194
0.513946
0.625371
0.402469
0.548403
0.490799
0.523281
0.354092
0.568897
0.517138
0.416943
0.506235
0.326281
0.582908
0.624329
0.501697
0.536719
0.364728
0.57338
0.561888
0.547359
0.684534
0.532814
0.591535
0.675602
0.703736
0.634081
0.417949
0.682109
0.52378
0.498303
0.487796
0.525015
0.574569
0.338974
0.341278
0.362203
0.565908
0.449118
0.517353
0.379485
0.489367
0.406033
0.330542
0.574234
0.436134
0.480586
0.428854
0.603251
0.500959
0.501806
0.43481
0.43458
0.445543
0.519154
0.641447
0.48733
0.482183
0.479853
0.248812
0.500575
0.50746
0.389991
0.562842
0.678774
0.576723
0.486174
0.529008
0.3911
0.685502
0.57741
0.541579
0.467327
0.349027
0.429955
0.472302
0.482694
0.493467
0.504144
0.428536
0.445196
0.652277
0.492159
0.621863
0.715221
0.471091
0.667268
0.457838
0.361089
0.549792
0.49372
0.612201
0.684145
0.388643
0.455235
0.617528
0.370166
0.666631
0.5693
0.438281
0.414391
0.587206
0.53224
0.465473
0.537009
0.614606
0.391824
0.431123
0.503763
0.540415
0.612838
0.556164
0.479172
0.425282
0.467168
0.444991
0.491844
0.527335
0.561453
0.47922
0.444364
0.44197
0.467661
0.408928
0.653291
0.535036
0.438154
0.570542
0.494776
0.463126
0.497222
0.368051
0.332388
0.363369
0.673759
0.542254
0.527519
0.59596
0.28022
0.437686
0.428694
0.48333
0.594082
0.287691
0.490639
0.470486
0.340318
0.516056
0.511601
0.504307
0.42484
0.452874
0.659612
0.480627
0.584822
0.548919
0.484565
0.534414
0.495454
0.626055
0.31971
0.460418
0.63425
0.712188
0.637779
0.472024
0.421692
0.48207
0.655099
0.36973
0.536057
0.476237
0.520969
0.445521
0.483851
0.628413
0.475972
0.355389
0.375689
0.538232
0.436029
0.422187
0.528846
0.535073
0.420536
0.469899
0.447323
0.456513
0.49212
0.336056
0.41134
0.590351
0.549095
0.571472
0.470911
0.493675
0.58387
0.638474
0.450727
0.51003
0.60296
0.495386
0.341329
0.372691
0.446257
0.554001
0.517532
0.637414
0.531396
0.478174
0.66967
0.473021
0.607729
0.428204
0.574495
0.406922
0.595256
0.332502
0.425937
0.641384
0.606098
0.582801
0.684315
0.504074
0.336458
0.61202
0.316603
0.464442
0.449694
0.547506
0.457774
0.639855
0.557884
0.471885
0.529728
0.548368
0.399244
0.516853
0.252658
0.56762
0.688803
0.62203
0.454546
0.472893
0.613913
0.584161
0.545618
0.605834
0.516334
0.486708
0.53165
0.635093
0.647906
0.433726
0.585841
0.490109
0.443979
0.425194
0.414117
0.470817
0.601999
0.426226
0.601103
0.563168
0.493692
0.434966
0.519142
0.539357
0.42734
0.391226
0.563506
0.421496
0.498444
0.350096
0.823965
0.579556
0.54683
0.544583
0.633924
0.372616
0.437687
0.463953
0.409094
0.593252
0.502353
0.477454
0.490884
0.417078
0.44862
0.546783
0.476041
0.584608
0.454109
0.617522
0.411352
0.554397
0.501594
0.395066
0.466024
0.4815
0.55126
0.44195
0.407585
0.422356
0.458492
0.641032
0.380276
0.587842
0.561065
0.425492
0.535952
0.5142
0.538371
0.567057
0.351854
0.363331
0.586671
0.536083
0.48033
0.578469
0.495126
0.611118
0.443038
0.599804
0.521664
0.444148
0.474414
0.591308
0.367406
0.415855
0.541638
0.560999
0.482478
0.490779
0.563982
0.401298
0.391483
0.665219
0.503741
0.475231
0.527715
0.563806
0.52189
0.681976
0.47324
0.569083
0.43965
0.518078
0.516412
0.459742
0.415276
0.487386
0.595904
0.397583
0.463991
0.494907
0.475231
0.563443
0.386197
0.391162
0.395652
0.633404
0.630175
0.630656
0.537561
0.456263
0.543597
0.499776
0.567635
0.501577
0.443626
0.396985
0.685438
0.467364
0.676275
0.565769
0.570479
0.352809
0.397398
0.454562
0.568208
0.511773
0.583201
0.486925
0.577776
0.517746
0.598039
0.560886
0.38979
0.61266
0.679262
0.562497
0.380533
0.415977
0.448755
0.59173
0.549373
0.484237
0.571246
0.38778
0.47503
0.39501
0.631162
0.346922
0.588377
0.555576
0.61057
0.503435
0.476015
0.590835
0.476135
0.358853
0.639426
0.444536
0.616003
0.376175
0.475608
0.643117
0.538469
0.294753
0.591097
0.544931
0.421332
0.472536
0.423773
0.464442
0.58929
0.541425
0.375158
0.568942
0.539639
0.497653
0.536691
0.654481
0.514388
0.483802
0.450963
0.690694
0.547603
0.606074
0.344801
0.36631
0.555837
0.436317
0.504675
0.565837
0.479919
0.551845
0.472808
0.673535
0.358497
0.358768
0.598925
0.455857
0.385676
0.630221
0.499343
0.353313
0.482234
0.385997
0.501493
0.464767
0.635237
0.373532
0.474511
0.591708
0.314863
0.623344
0.589584
0.499718
0.5779
0.698879
0.578974
0.63428
0.470092
0.407535
0.369209
0.395989
0.537316
0.565513
0.488712
0.646175
0.478921
0.505273
0.467169
0.500714
0.493373
0.784866
0.665053
0.612416
0.482202
0.519494
0.546123
0.588615
0.43598
0.536406
0.620076
0.500481
0.406252
0.395872
0.561143
0.486912
0.387879
0.477607
0.51289
0.523671
0.552663
0.369859
0.619188
0.415487
0.480358
0.596503
0.412828
0.285182
0.257643
0.66714
0.52084
0.502295
0.527448
0.340441
0.521032
0.549179
0.475464
0.56811
0.456662
0.512902
0.580893
0.464809
0.472354
0.376613
0.514795
0.469577
0.398475
0.436961
0.45992
0.48067
0.445031
0.479891
0.505921
0.224576
0.668829
0.503319
0.336548
0.340386
0.485974
0.491928
0.501073
0.51385
0.589925
0.449369
0.518877
0.48548
0.715065
0.611542
0.409317
0.400179
0.406181
0.549169
0.411561
0.391131
0.602258
0.57851
0.441643
0.43941
0.642649
0.608741
0.544322
0.476857
0.616793
0.448053
0.491148
0.569714
0.604418
0.565891
0.546145
0.413107
0.628269
0.475901
0.497405
0.473205
0.540121
0.585769
0.504482
0.438616
0.494821
0.591507
0.343326
0.401775
0.485656
0.522328
0.485491
0.513559
0.404089
0.428365
0.307069
0.681601
0.572148
0.419721
0.403115
0.36868
0.438144
0.496831
0.440725
0.558458
0.525206
0.356589
0.611458
0.470734
0.414023
0.526207
0.371768
0.418646
0.500455
0.290104
0.456681
0.40973
0.40695
0.569292
0.52245
0.417958
0.393306
0.53553
0.561333
0.623636
0.393848
0.553982
0.516565
0.573795
0.52891
0.420983
0.425768
0.611341
0.560156
0.282939
0.492187
0.523202
0.481179
0.485953
0.61801
0.444835
0.49348
0.423709
0.463253
0.522217
0.487761
0.346095
0.285135
0.576742
0.54305
0.598128
0.572033
0.359624
0.320795
0.52566
0.455993
0.449456
0.654433
0.571222
0.648797
0.480825
0.441261
0.462878
0.516758
0.347326
0.394416
0.356231
0.444155
0.465221
0.607701
0.622489
0.527579
0.393479
0.361453
0.593783
0.423814
0.473137
0.528054
0.603539
0.610249
0.578013
0.532517
0.429674
0.514676
0.476
0.336314
0.60945
0.573604
0.614469
0.427696
0.507073
0.46545
0.606101
0.343708
0.451294
0.555018
0.356629
0.57931
0.505427
0.434145
0.509967
0.357029
0.484094
0.54312
0.567861
0.472823
0.499703
0.539044
0.462008
0.474755
0.529892
0.608564
0.52038
0.482267
0.480053
0.50898
0.492747
0.364537
0.720227
0.506389
0.611929
0.353391
0.463347
0.542939
0.508623
0.49362
0.49456
0.32526
0.622593
0.493182
0.444469
0.538249
0.527995
0.526712
0.520115
0.545554
0.494557
0.504917
0.576649
0.570827
0.530643
0.423815
0.452486
0.430014
0.30281
0.76333
0.53652
0.510168
0.315699
0.563455
0.53528
0.507382
0.594949
0.654983
0.621001
0.625997
0.585629
0.484773
0.44097
0.621174
0.513382
0.614367
0.6395
0.392695
0.421509
0.584857
0.584032
0.502433
0.573392
0.566763
0.406342
0.521863
0.487519
0.525693
0.491362
0.487064
0.455685
0.544325
0.504752
0.552581
0.500222
0.698075
0.593852
0.635041
0.482196
0.372344
0.485084
0.603143
0.620857
0.457777
0.506927
0.620504
0.379074
0.528103
0.676459
0.637277
0.576534
0.49227
0.496756
0.648486
0.490949
0.455218
0.532303
0.522072
0.388859
0.494224
0.482734
0.415721
0.29571
0.571805
0.596761
0.454045
0.5862
0.511008
0.505758
0.46972
0.5792
0.541316
0.470308
0.404017
0.49844
0.607375
0.495725
0.531991
0.364382
0.580314
0.569316
0.380667
0.380716
0.52148
0.500567
0.438033
0.449693
0.457967
0.415732
0.436869
0.485333
0.412355
0.393073
0.408418
0.396442
0.497477
0.459437
0.442119
0.698647
0.689924
0.550631
0.402028
0.515294
0.420149
0.427243
0.618595
0.582418
0.486619
0.506945
0.4142
0.636996
0.478266
0.408922
0.587591
0.506743
0.372628
0.503667
0.469279
0.612716
0.503406
0.532026
0.397313
0.534388
0.434755
0.323823
0.518775
0.57445
0.552302
0.443711
0.602214
0.413939
0.531878
0.667787
0.593056
0.496178
0.362821
0.509141
0.438277
0.461883
0.50792
0.436477
0.566215
0.431559
0.338107
0.452485
0.487891
0.461394
0.586237
0.615359
0.480479
0.464122
0.557393
0.407902
0.352137
0.578205
0.687304
0.506736
0.538237
0.491094
0.767465
0.714344
0.547586
0.391674
0.504522
0.436718
0.506485
0.672109
0.539226
0.379379
0.318855
0.561748
0.540969
0.667174
0.290217
0.709253
0.47927
0.453675
0.507458
0.700211
0.552858
0.471856
0.317982
0.585023
0.466873
0.599166
0.441649
0.587272
0.363457
0.389833
0.44458
0.569937
0.442222
0.500347
0.511211
0.472163
0.504183
0.448215
0.412562
0.521709
0.602238
0.359533
0.365345
0.51913
0.507541
0.550122
0.425929
0.533027
0.465764
0.43335
0.421037
0.507799
0.419583
0.35271
0.476148
0.445164
0.650386
0.509089
0.293504
0.469594
0.51748
0.513993
0.422304
0.529773
0.658621
0.586013
0.559526
0.439534
0.61082
0.666105
0.463955
0.55141
0.401656
0.518074
0.638707
0.425378
0.47317
0.476545
0.456938
0.358436
0.294326
0.590909
0.526913
0.343744
0.393444
0.587866
0.709135
0.610176
0.535442
0.347419
0.440362
0.545519
0.554559
0.580162
0.354886
0.533287
0.443098
0.442591
0.528051
0.550472
0.439853
0.579622
0.643483
0.310512
0.645015
0.599686
0.48443
0.533704
0.535695
0.640323
0.588897
0.640114
0.52946
0.356271
0.443464
0.454168
0.541679
0.555346
0.314576
0.564454
0.542772
0.630016
0.55941
0.588194
0.517793
0.607193
0.58892
0.651335
0.374953
0.40057
0.478882
0.628575
0.390874
0.746401
0.383723
0.521877
0.405276
0.495218
0.582998
0.432457
0.510688
0.591145
0.699595
0.553866
0.485345
0.382472
0.527599
0.548894
0.488876
0.569552
0.389109
0.449652
0.517462
0.519109
0.633763
0.629641
0.572052
0.380306
0.570129
0.542851
0.441689
0.462594
0.480065
0.424344
0.393223
0.526094
0.558485
0.428237
0.575397
0.552249
0.42223
0.48401
0.413752
0.378284
0.460908
0.434391
0.554618
0.578902
0.51506
0.644251
0.710992
0.460197
0.455805
0.518816
0.506951
0.404178
0.435743
0.332465
0.484717
0.490176
0.551245
0.550384
0.541243
0.557006
0.406838
0.540788
0.448445
0.604615
0.646169
0.454136
0.569768
0.52629
0.591488
0.429281
0.539699
0.684995
0.532618
0.528623
0.484037
0.585147
0.58261
0.47149
0.526245
0.341863
0.563453
0.40613
0.485907
0.423468
0.53203
0.42718
0.703292
0.362642
0.371778
0.511249
0.431075
0.53201
0.564751
0.424666
0.569624
0.309008
0.264995
0.583492
0.572527
0.472602
0.497773
0.65787
0.438595
0.453538
0.528117
0.364706
0.497008
0.285477
0.532087
0.45084
0.482883
0.57418
0.457727
0.512292
0.427989
0.626118
0.610685
0.515165
0.729887
0.67905
0.509644
0.584313
0.324142
0.490462
0.534662
0.523342
0.617586
0.51294
0.580105
0.652786
0.532755
0.578642
0.303685
0.443828
0.488688
0.400832
0.451975
0.436582
0.763002
0.463938
0.396337
0.331172
0.543831
0.512629
0.424234
0.50552
0.424463
0.474922
0.630056
0.737242
0.492587
0.587208
0.404681
0.592401
0.631748
0.465284
0.639609
0.40727
0.43398
0.632816
0.382546
0.559876
0.506535
0.537137
0.587262
0.34705
0.566207
0.424723
0.509392
0.504215
0.413833
0.600088
0.567023
0.495304
0.468205
0.549977
0.503423
0.338171
0.449715
0.489713
0.38955
0.507881
0.513685
0.702979
0.554029
0.380327
0.55326
0.435507
0.533551
0.458111
0.571238
0.414528
0.440121
0.588435
0.545897
0.359776
0.623697
0.480288
0.412038
0.600891
0.38752
0.609436
0.606823
0.505345
0.544309
0.330919
0.389706
0.448333
0.577385
0.478998
0.573624
0.431368
0.422291
0.615027
0.474796
0.602487
0.4794
0.388555
0.61271
0.482932
0.611993
0.42246
0.519401
0.610819
0.420122
0.448012
0.534632
0.431537
0.48892
0.441796
0.595272
0.570366
0.508658
0.507411
0.534831
0.499967
0.408411
0.467116
0.391892
0.461822
0.428513
0.561022
0.520815
0.526449
0.509636
0.385559
0.478843
0.404958
0.566204
0.542477
0.442262
0.289423
0.544475
0.531212
0.429827
0.449278
0.483931
0.529726
0.470982
0.705628
0.48507
0.413592
0.473629
0.517686
0.455332
0.513737
0.483164
0.430653
0.513039
0.576582
0.580318
0.549899
0.570048
0.545036
0.576788
0.332456
0.517586
0.416361
0.50892
0.346183
0.574565
0.657324
0.612563
0.374819
0.528949
0.484544
0.435774
0.390955
0.453501
0.477574
0.497206
0.539061
0.587829
0.425358
0.650761
0.539665
0.667237
0.567159
0.433362
0.628769
0.500696
0.543388
0.551558
0.381275
0.448495
0.398727
0.440921
0.643711
0.555059
0.471036
0.58403
0.4426
0.622206
0.658694
0.509961
0.47548
0.468019
0.402528
0.469853
0.479611
0.649712
0.475373
0.67602
0.368847
0.515637
0.483947
0.430424
0.504793
0.510063
0.507918
0.513857
0.409206
0.339867
0.596415
0.459094
0.628474
0.517914
0.591431
0.526348
0.337871
0.454039
0.442226
0.611696
0.646009
0.43921
0.418713
0.560605
0.563444
0.567064
0.541365
0.478361
0.481578
0.302598
0.349322
0.613913
0.528821
0.42078
0.46853
0.567532
0.503265
0.516194
0.471721
0.497507
0.60985
0.584073
0.408399
0.476088
0.45301
0.58609
0.504507
0.60671
0.363057
0.571606
0.379572
0.437448
0.58891
0.494655
0.607816
0.501413
0.506224
0.554229
0.475246
0.432486
0.416257
0.433452
0.48619
0.431337
0.507081
0.502356
0.591363
0.516073
0.487625
0.59728
0.499332
0.546003
0.571693
0.552805
0.560607
0.655026
0.581201
0.532571
0.457339
0.609786
0.565615
0.513835
0.583292
0.491189
0.420462
0.495123
0.462152
0.497922
0.367219
0.622302
0.443835
0.436389
0.677236
0.508809
0.467131
0.379773
0.344066
0.541111
0.424175
0.47392
0.704046
0.428683
0.561795
0.501157
0.459552
0.53433
0.57313
0.484232
0.470592
0.498589
0.54896
0.657994
0.3585
0.381573
0.563382
0.530427
0.533073
0.555091
0.666621
0.609009
0.446755
0.492453
0.365385
0.63216
0.444031
0.366293
0.417121
0.505671
0.27125
0.456157
0.290188
0.624498
0.614223
0.405806
0.601278
0.523059
0.423427
0.510378
0.400811
0.641269
0.467012
0.548847
0.515305
0.45577
0.530285
0.538091
0.56445
0.480392
0.67961
0.539184
0.453526
0.498485
0.663751
0.499857
0.415464
0.601647
0.584457
0.412356
0.470023
0.561264
0.490463
0.483556
0.621757
0.475335
0.407902
0.472287
0.587542
0.575111
0.500479
0.502692
0.49479
0.543199
0.552258
0.405191
0.502087
0.423818
0.394794
0.49861
0.556165
0.371017
0.481234
0.57632
0.416859
0.393569
0.378007
0.401188
0.671327
0.565166
0.447619
0.491873
0.449275
0.462261
0.593837
0.476787
0.483638
0.493489
0.506028
0.620071
0.390035
0.355937
0.557628
0.341469
0.429678
0.493734
0.482398
0.452149
0.553296
0.580242
0.68136
0.341702
0.48934
0.370811
0.525866
0.445712
0.442206
0.590237
0.453122
0.50399
0.621891
0.477078
0.647531
0.629629
0.4642
0.592412
0.624379
0.529084
0.461877
0.537848
0.554519
0.361362
0.465616
0.378168
0.574785
0.455661
0.396354
0.32725
0.516702
0.514351
0.515327
0.368547
0.365711
0.542566
0.517634
0.517583
0.557273
0.534761
0.552281
0.405439
0.460032
0.517921
0.443351
0.318248
0.637356
0.543669
0.521952
0.554947
0.477163
0.41765
0.418328
0.488302
0.608667
0.572446
0.461893
0.494097
0.568702
0.385164
0.460387
0.649681
0.537198
0.605816
0.356729
0.532517
0.441476
0.528182
0.384884
0.546065
0.454777
0.468809
0.468083
0.576197
0.621175
0.527875
0.340415
0.385372
0.474283
0.430531
0.555072
0.470891
0.441158
0.369746
0.410796
0.471795
0.608161
0.409386
0.536198
0.468218
0.45745
0.514867
0.486087
0.476291
0.658852
0.651123
0.603584
0.637968
0.332323
0.454332
0.478054
0.412396
0.503596
0.512784
0.585676
0.405579
0.495281
0.388974
0.653161
0.477191
0.475009
0.422346
0.36468
0.424256
0.681668
0.650654
0.578802
0.385248
0.542736
0.495597
0.69018
0.496635
0.665522
0.530594
0.426175
0.466314
0.630377
0.378453
0.390505
0.641375
0.444711
0.604507
0.645819
0.41548
0.655802
0.444701
0.268597
0.555543
0.502788
0.343443
0.529527
0.477561
0.461865
0.615822
0.579289
0.454108
0.463408
0.573518
0.494975
0.615362
0.608447
0.381295
0.520026
0.373343
0.569562
0.596905
0.477081
0.554473
0.425656
0.584504
0.427262
0.405377
0.561283
0.410682
0.482765
0.41523
0.381909
0.501058
0.555892
0.38666
0.491882
0.459349
0.463418
0.535421
0.599555
0.473094
0.529242
0.593504
0.414196
0.631054
0.482067
0.455288
0.454574
0.474819
0.282302
0.503387
0.584714
0.556781
0.599869
0.379374
0.625808
0.571282
0.381037
0.561153
0.674866
0.395964
0.479224
0.347677
0.513089
0.594086
0.685769
0.444713
0.445161
0.591225
0.598443
0.341613
0.422529
0.49446
0.436776
0.455308
0.429279
0.449144
0.495599
0.618183
0.521137
0.645831
0.475428
0.662901
0.491603
0.553183
0.306784
0.608775
0.391858
0.454773
0.574295
0.417676
0.463109
0.639123
0.636719
0.536957
0.574002
0.500894
0.634879
0.494161
0.526925
0.462567
0.497275
0.402596
0.452968
0.462977
0.52171
0.664884
0.416274
0.462294
0.572123
0.647627
0.667053
0.600388
0.436767
0.606012
0.403933
0.47248
0.513421
0.261731
0.428052
0.545481
0.598288
0.417841
0.503743
0.56099
0.449054
0.604173
0.606264
0.624474
0.57323
0.498495
0.471093
0.570198
0.476633
0.511024
0.309412
0.660949
0.522759
0.539657
0.480743
0.610979
0.443115
0.424932
0.488907
0.427888
0.555349
0.618628
0.476722
0.509762
0.35653
0.527608
0.435782
0.500844
0.442178
0.541467
0.530462
0.532734
0.449008
0.373134
0.58253
0.426588
0.434711
0.547455
0.609742
0.510519
0.4079
0.7132
0.605996
0.558274
0.434473
0.51556
0.352391
0.560853
0.714492
0.373309
0.530354
0.519898
0.500216
0.519094
0.555146
0.55602
0.477433
0.481981
0.558143
0.54953
0.437793
0.255176
0.429432
0.506015
0.420672
0.572967
0.411208
0.532531
0.503256
0.431125
0.54227
0.527625
0.483352
0.473413
0.542319
0.27268
0.359799
0.420343
0.551881
0.543837
0.411756
0.45892
0.382138
0.56085
0.364387
0.605728
0.464023
0.607204
0.471074
0.599401
0.415114
0.587601
0.319998
0.609143
0.376428
0.465009
0.477397
0.437604
0.431795
0.507764
0.614621
0.56091
0.445188
0.483303
0.548018
0.435138
0.583942
0.401823
0.478272
0.493766
0.498286
0.521087
0.590754
0.388806
0.472748
0.490612
0.524459
0.65123
0.537913
0.395154
0.500691
0.563038
0.529363
0.546556
0.602699
0.580731
0.614588
0.50031
0.505378
0.602143
0.500838
0.606426
0.573797
0.537376
0.522536
0.448901
0.497171
0.579118
0.633499
0.527274
0.529824
0.454665
0.457157
0.367828
0.614077
0.505684
0.549689
0.43894
0.515822
0.443967
0.591845
0.640412
0.578117
0.371201
0.442681
0.633247
0.370467
0.464986
0.4728
0.404705
0.472855
0.496087
0.468523
0.59172
0.588035
0.464977
0.396921
0.419072
0.339433
0.578325
0.492448
0.390367
0.614228
0.414893
0.629222
0.380074
0.593073
0.479621
0.551381
0.531798
0.623506
0.676129
0.43267
0.4269
0.609699
0.440729
0.52303
0.541672
0.58579
0.512018
0.524711
0.490828
0.604943
0.333455
0.545888
0.328172
0.415509
0.513652
0.441183
0.547397
0.525512
0.449785
0.613431
0.639929
0.606157
0.640131
0.479704
0.503209
0.495488
0.496585
0.569685
0.469559
0.588648
0.678768
0.51104
0.598478
0.607846
0.607262
0.562234
0.336644
0.511949
0.611256
0.288359
0.330682
0.524086
0.599771
0.462654
0.345769
0.529597
0.427291
0.550686
0.503876
0.442563
0.503287
0.443273
0.451892
0.485876
0.457586
0.50827
0.582458
0.318733
0.54387
0.503051
0.477077
0.630591
0.503702
0.414008
0.377381
0.568204
0.622385
0.564275
0.609328
0.55152
0.522572
0.466433
0.517047
0.556136
0.535925
0.515693
0.575969
0.598785
0.679087
0.55623
0.454303
0.574174
0.486965
0.456601
0.520761
0.485551
0.510549
0.359603
0.535221
0.528778
0.492398
0.500295
0.425635
0.584601
0.652303
0.398258
0.504522
0.612455
0.547642
0.424229
0.604662
0.400497
0.454288
0.527156
0.546749
0.502059
0.618911
0.408112
0.459586
0.482204
0.473755
0.477594
0.461507
0.425974
0.62975
0.38008
0.422979
0.351194
0.45984
0.374593
0.645291
0.464665
0.475887
0.494993
0.726769
0.355212
0.451155
0.263955
0.501675
0.396736
0.445436
0.597822
0.520647
0.618046
0.48805
0.525794
0.525817
0.675261
0.639438
0.278968
0.526552
0.240785
0.596632
0.417702
0.508473
0.516869
0.580706
0.607288
0.552149
0.520219
0.632121
0.382165
0.578938
0.508653
0.366909
0.530512
0.497963
0.585197
0.474588
0.369226
0.455537
0.485687
0.466794
0.361608
0.479516
0.411881
0.750585
0.266791
0.796506
0.504543
0.476419
0.523598
0.447549
0.364039
0.509644
0.497406
0.543339
0.635904
0.545233
0.404208
0.426141
0.614636
0.615088
0.531722
0.522878
0.521982
0.449808
0.575656
0.500229
0.540159
0.414086
0.385258
0.523655
0.592128
0.536008
0.663776
0.570774
0.63926
0.732325
0.506525
0.586201
0.502681
0.468332
0.404589
0.657527
0.512469
0.594155
0.530912
0.546265
0.464749
0.518149
0.605343
0.366076
0.549863
0.599536
0.466214
0.544108
0.546266
0.490506
0.63094
0.447549
0.508755
0.394575
0.492031
0.362236
0.482355
0.432161
0.36558
0.466116
0.523618
0.552912
0.296695
0.478189
0.600632
0.581459
0.55336
0.451084
0.375598
0.54069
0.44181
0.518177
0.465804
0.413646
0.600462
0.447171
0.659163
0.4683
0.535841
0.471621
0.670509
0.503173
0.425489
0.588201
0.518541
0.537578
0.414664
0.575832
0.54706
0.467512
0.373396
0.606218
0.386814
0.573577
0.368329
0.404318
0.547358
0.374995
0.562376
0.649726
0.545629
0.485529
0.519745
0.59139
0.53594
0.592121
0.311968
0.521478
0.533708
0.532069
0.452366
0.499996
0.563745
0.613778
0.504566
0.657956
0.567437
0.471251
0.500399
0.588893
0.437881
0.462772
0.361402
0.459406
0.397006
0.456389
0.456416
0.459514
0.475285
0.56304
0.467983
0.441007
0.606724
0.594182
0.417704
0.362099
0.625858
0.683881
0.46289
0.512482
0.478271
0.512075
0.384068
0.414862
0.57331
0.520514
0.607719
0.505153
0.470826
0.287291
0.436199
0.639202
0.469578
0.51924
0.484883
0.452196
0.432158
0.570388
0.365164
0.53819
0.631377
0.573456
0.423873
0.589539
0.739917
0.49173
0.489935
0.444753
0.525073
0.609726
0.635501
0.581584
0.582534
0.469665
0.591309
0.440233
0.588727
0.451099
0.537552
0.487645
0.524271
0.444723
0.406978
0.593185
0.487824
0.587831
0.484161
0.671711
0.459156
0.544585
0.47389
0.592519
0.473847
0.503611
0.465166
0.619872
0.443639
0.340055
0.570481
0.448298
0.512525
0.398404
0.620564
0.466454
0.408028
0.482734
0.502734
0.507727
0.671228
0.41695
0.519132
0.541625
0.281864
0.320556
0.594453
0.483088
0.502634
0.434959
0.579155
0.439976
0.428568
0.567838
0.483522
0.612584
0.534479
0.672982
0.463128
0.471265
0.46988
0.461929
0.492351
0.574296
0.372815
0.400942
0.557196
0.49126
0.490702
0.469043
0.632089
0.447652
0.34889
0.564232
0.550007
0.42232
0.350189
0.50732
0.51662
0.36604
0.48741
0.505315
0.554556
0.56008
0.485017
0.535611
0.403735
0.428409
0.446588
0.572653
0.470504
0.424311
0.37597
0.611989
0.547305
0.436925
0.478063
0.501852
0.463364
0.448775
0.559102
0.556413
0.435668
0.501971
0.477408
0.421784
0.440858
0.516571
0.397923
0.557471
0.507859
0.404983
0.543614
0.481503
0.335636
0.334222
0.49318
0.443595
0.48071
0.433855
0.438596
0.511669
0.557479
0.599454
0.491987
0.594585
0.386273
0.404843
0.535398
0.527213
0.357003
0.454354
0.468192
0.599784
0.510386
0.459138
0.366481
0.445918
0.646774
0.527274
0.481052
0.574682
0.539659
0.371479
0.531067
0.540565
0.454677
0.453627
0.479416
0.528216
0.56552
0.5324
0.493234
0.560277
0.538269
0.527376
0.403788
0.528498
0.460394
0.564937
0.500064
0.549627
0.367757
0.471788
0.448789
0.34516
0.532473
0.410818
0.471833
0.362093
0.389148
0.229707
0.583718
0.551993
0.681973
0.570395
0.46387
0.40737
0.408028
0.360337
0.589017
0.55401
0.723134
0.40479
0.572376
0.590037
0.388329
0.491252
0.451665
0.458541
0.602678
0.507943
0.554155
0.490046
0.43935
0.511038
0.372629
0.640424
0.336798
0.330469
0.45285
0.403467
0.368207
0.499727
0.474687
0.456855
0.505195
0.386458
0.571953
0.504883
0.303786
0.480879
0.559083
0.447879
0.582056
0.498564
0.507491
0.51081
0.652192
0.44089
0.544633
0.614026
0.350302
0.535939
0.450981
0.416486
0.422578
0.397833
0.433053
0.393026
0.636813
0.47381
0.495853
0.446322
0.566157
0.513847
0.479445
0.563031
0.72276
0.45269
0.428248
0.501312
0.400101
0.531807
0.407024
0.480214
0.524578
0.339454
0.455721
0.404622
0.641931
0.47874
0.490328
0.414115
0.507518
0.491716
0.625047
0.339599
0.458926
0.615154
0.441319
0.574552
0.385124
0.601158
0.502982
0.64236
0.540958
0.421176
0.567915
0.529386
0.574375
0.540713
0.541487
0.454121
0.434104
0.497117
0.434684
0.492902
0.41767
0.464667
0.421585
0.556397
0.526245
0.517782
0.540549
0.620039
0.5492
0.510024
0.467666
0.505138
0.554812
0.516588
0.538547
0.47216
0.474689
0.421645
0.446718
0.54788
0.410725
0.487253
0.357808
0.425542
0.449869
0.572935
0.414624
0.55093
0.441468
0.477544
0.448095
0.474205
0.484484
0.378031
0.544312
0.481574
0.610169
0.411284
0.452407
0.534196
0.565004
0.590692
0.368195
0.68328
0.546457
0.511556
0.423275
0.4869
0.68064
0.359303
0.490023
0.449832
0.428752
0.609736
0.533584
0.404415
0.553673
0.556605
0.368884
0.447279
0.566584
0.511722
0.492852
0.480507
0.516491
0.427022
0.650789
0.650589
0.405418
0.454438
0.465112
0.446122
0.344158
0.693623
0.420895
0.454837
0.555376
0.422418
0.494652
0.578901
0.442725
0.441028
0.572107
0.588733
0.44916
0.505979
0.481054
0.621622
0.70992
0.539746
0.433434
0.401271
0.36337
0.469232
0.505111
0.404949
0.426238
0.601668
0.474145
0.510245
0.491339
0.457874
0.492381
0.625337
0.600882
0.555661
0.497414
0.594337
0.434496
0.413454
0.511251
0.459438
0.388385
0.506423
0.559818
0.478476
0.683172
0.472482
0.537596
0.501769
0.408173
0.588963
0.600683
0.605096
0.486698
0.515515
0.57822
0.492926
0.340731
0.455323
0.437953
0.40194
0.366507
0.693041
0.630466
0.56107
0.540424
0.629343
0.384902
0.449977
0.5049
0.491716
0.565506
0.629874
0.496445
0.439507
0.464661
0.622996
0.546015
0.41621
0.458002
0.451603
0.38978
0.489125
0.547202
0.413417
0.474454
0.548666
0.644965
0.504468
0.635447
0.44732
0.606059
0.476788
0.490929
0.409472
0.481813
0.54885
0.365723
0.543512
0.489741
0.520455
0.583195
0.57976
0.573776
0.567471
0.40144
0.622308
0.625439
0.529829
0.39444
0.557795
0.595946
0.520056
0.474848
0.364925
0.620278
0.368646
0.520216
0.608103
0.47545
0.523495
0.508963
0.407496
0.498038
0.507599
0.418889
0.623915
0.494348
0.523983
0.624706
0.585815
0.30691
0.52868
0.399506
0.460247
0.382033
0.558083
0.538558
0.510322
0.556516
0.520529
0.354875
0.406609
0.501077
0.405144
0.529849
0.424309
0.590077
0.523081
0.736559
0.355103
0.590596
0.51394
0.49822
0.422594
0.57027
0.597747
0.422402
0.48135
0.416377
0.541896
0.498196
0.507076
0.554967
0.392347
0.406092
0.592426
0.387177
0.575724
0.629212
0.629858
0.661714
0.637971
0.542196
0.507708
0.531745
0.40776
0.475844
0.623787
0.467451
0.457929
0.508988
0.325225
0.391266
0.422753
0.534404
0.444539
0.262647
0.686904
0.505307
0.387869
0.367124
0.405358
0.428456
0.547537
0.576663
0.691398
0.576593
0.500489
0.573976
0.509004
0.507236
0.497246
0.313828
0.450528
0.469132
0.46066
0.483338
0.532326
0.537339
0.355612
0.387357
0.499199
0.540492
0.452599
0.503019
0.729784
0.539453
0.520591
0.5109
0.453654
0.707976
0.41544
0.522888
0.438581
0.388352
0.484977
0.605171
0.53235
0.495892
0.333796
0.567622
0.434447
0.48571
0.45993
0.499764
0.453116
0.546283
0.610243
0.632257
0.634332
0.331759
0.656842
0.457904
0.630469
0.386725
0.466092
0.536484
0.644529
0.563197
0.545369
0.624554
0.514977
0.302651
0.578542
0.61882
0.308186
0.491147
0.404713
0.595954
0.609502
0.540614
0.298984
0.401929
0.43668
0.364398
0.559431
0.331311
0.365123
0.472772
0.409013
0.495509
0.514745
0.499554
0.540269
0.475027
0.502529
0.481812
0.557355
0.563359
0.549762
0.561108
0.434752
0.530508
0.522618
0.579406
0.582674
0.466338
0.491053
0.340909
0.591465
0.524246
0.563017
0.750243
0.563942
0.50314
0.475499
0.47783
0.716182
0.421529
0.425206
0.417523
0.551761
0.605928
0.661288
0.674924
0.447227
0.502787
0.539902
0.654779
0.420733
0.408042
0.392038
0.512692
0.32166
0.682238
0.456317
0.622736
0.544744
0.686151
0.489043
0.523557
0.443105
0.548163
0.633876
0.488862
0.533673
0.389367
0.399812
0.383989
0.436249
0.426766
0.482968
0.491153
0.581826
0.503015
0.536606
0.597173
0.522277
0.419288
0.544237
0.536611
0.465063
0.554878
0.419069
0.580493
0.573699
0.434626
0.313925
0.378766
0.385327
0.556923
0.590591
0.438525
0.406271
0.537436
0.515711
0.497525
0.598013
0.485658
0.40845
0.493638
0.439913
0.554301
0.487505
0.708504
0.469303
0.439416
0.513297
0.662687
0.509764
0.428231
0.394576
0.657927
0.497337
0.271036
0.563978
0.609727
0.532693
0.484413
0.598391
0.613088
0.592803
0.579552
0.479183
0.471051
0.433869
0.567778
0.50351
0.637248
0.551246
0.354679
0.357858
0.440263
0.412139
0.33561
0.572835
0.541787
0.461109
0.503009
0.555819
0.617533
0.572246
0.436084
0.544498
0.437295
0.378246
0.545009
0.476427
0.468544
0.576081
0.576282
0.601626
0.559226
0.459365
0.657077
0.688699
0.60509
0.36444
0.480863
0.4392
0.622626
0.483576
0.443034
0.416666
0.590646
0.374912
0.365256
0.540194
0.564358
0.602936
0.454627
0.34928
0.590691
0.630806
0.39488
0.416139
0.460151
0.449598
0.540745
0.60062
0.428909
0.500197
0.574558
0.585234
0.457721
0.588907
0.690212
0.505635
0.676858
0.623404
0.609938
0.354098
0.446081
0.544485
0.543197
0.367121
0.496062
0.381449
0.605409
0.537212
0.385119
0.733069
0.581404
0.475089
0.467904
0.427233
0.510641
0.391084
0.548365
0.633605
0.667389
0.500179
0.488109
0.425418
0.50054
0.358134
0.48584
0.576784
0.588502
0.318203
0.268996
0.446184
0.47106
0.508249
0.692725
0.57796
0.471082
0.65341
0.484098
0.332295
0.455984
0.533963
0.573541
0.548092
0.46574
0.5335
0.406158
0.50808
0.617423
0.498137
0.520417
0.504058
0.364668
0.5299
0.430894
0.423192
0.535451
0.351037
0.477921
0.361448
0.497105
0.612296
0.345357
0.523194
0.519955
0.326627
0.545855
0.429603
0.459227
0.376846
0.5911
0.413278
0.490411
0.395889
0.575314
0.640453
0.569903
0.513012
0.588779
0.530595
0.516992
0.497962
0.542201
0.629362
0.503886
0.354381
0.332226
0.564941
0.589023
0.487817
0.536323
0.647957
0.539199
0.514343
0.426427
0.466719
0.574502
0.432217
0.483071
0.425602
0.46561
0.437935
0.635248
0.455355
0.857023
0.453604
0.518619
0.607917
0.636242
0.506659
0.521168
0.590531
0.484121
0.564604
0.46846
0.487455
0.504552
0.513521
0.600672
0.492834
0.433697
0.553743
0.433026
0.603365
0.474017
0.581022
0.505357
0.599651
0.302848
0.475972
0.463023
0.523594
0.498084
0.525314
0.630244
0.416323
0.546075
0.669561
0.511032
0.634889
0.603036
0.475168
0.567148
0.571826
0.437511
0.563884
0.374838
0.452601
0.366632
0.434901
0.362405
0.41244
0.504453
0.560593
0.501832
0.523977
0.4705
0.535865
0.604636
0.466114
0.577137
0.463645
0.50277
0.635387
0.554445
0.351572
0.339643
0.584406
0.322385
0.401609
0.527044
0.645612
0.43596
0.55699
0.625943
0.418163
0.576343
0.428661
0.480562
0.554057
0.618422
0.293036
0.585845
0.707257
0.564263
0.708641
0.521209
0.574489
0.496583
0.252723
0.473376
0.463958
0.492877
0.479492
0.345783
0.321572
0.378118
0.635933
0.371792
0.303721
0.423601
0.563413
0.586213
0.429237
0.475183
0.725215
0.549782
0.526403
0.582444
0.430984
0.66175
0.506614
0.480055
0.415506
0.54691
0.475108
0.435173
0.54552
0.387748
0.498999
0.4241
0.386118
0.525228
0.599129
0.553919
0.406856
0.520558
0.657996
0.52947
0.533829
0.515405
0.521619
0.524093
0.481758
0.521938
0.536776
0.598087
0.39135
0.602124
0.461889
0.588094
0.451105
0.555337
0.413016
0.542618
0.435952
0.434908
0.486422
0.395004
0.421959
0.480256
0.503887
0.549315
0.44846
0.516923
0.561916
0.423072
0.645621
0.489859
0.57412
0.47275
0.413335
0.515757
0.457893
0.664467
0.55072
0.440858
0.749924
0.497612
0.355983
0.556514
0.495632
0.60944
0.543372
0.453633
0.438248
0.56291
0.49396
0.599039
0.564381
0.639686
0.444394
0.31446
0.712585
0.629084
0.534147
0.367439
0.525066
0.538336
0.426544
0.49059
0.563246
0.578652
0.378485
0.391509
0.595874
0.446708
0.382718
0.472875
0.621754
0.376222
0.406315
0.636057
0.463367
0.545549
0.599003
0.489506
0.355707
0.473817
0.481814
0.335532
0.386952
0.711203
0.424458
0.58835
0.392204
0.332632
0.390534
0.617784
0.463785
0.694764
0.422462
0.564281
0.464626
0.642501
0.639467
0.392149
0.495389
0.494951
0.556438
0.511807
0.689294
0.655506
0.460568
0.393522
0.646488
0.643081
0.505723
0.412184
0.365241
0.510311
0.438119
0.515406
0.610784
0.591182
0.42534
0.518139
0.452049
0.508964
0.535783
0.631419
0.697605
0.391944
0.556371
0.578215
0.317436
0.618072
0.429682
0.496069
0.627601
0.381864
0.561633
0.54666
0.657975
0.201393
0.459273
0.53207
0.274851
0.626583
0.604289
0.553687
0.48307
0.551076
0.488308
0.452847
0.416984
0.460091
0.505026
0.564851
0.714007
0.469896
0.423582
0.435294
0.554129
0.447115
0.506383
0.437165
0.486634
0.567022
0.469687
0.449254
0.731727
0.520672
0.440798
0.583526
0.457951
0.364997
0.603424
0.566606
0.451462
0.494416
0.441877
0.485883
0.303574
0.47576
0.532018
0.514224
0.478774
0.42207
0.456407
0.35153
0.4548
0.588709
0.654743
0.401514
0.554653
0.473896
0.507559
0.485764
0.460689
0.72396
0.378015
0.544613
0.593622
0.622795
0.42772
0.458111
0.4723
0.439091
0.539518
0.425758
0.59903
0.3803
0.622356
0.368169
0.43296
0.537851
0.477346
0.367718
0.451009
0.495386
0.544271
0.471079
0.620131
0.414437
0.435671
0.469628
0.421659
0.626653
0.45061
0.501498
0.421185
0.677129
0.428858
0.441917
0.646245
0.521115
0.582901
0.538882
0.537097
0.530197
0.591459
0.594475
0.528402
0.680489
0.453428
0.485774
0.494807
0.453179
0.421973
0.673583
0.581585
0.568511
0.639162
0.484722
0.710685
0.501771
0.583717
0.509545
0.408187
0.510477
0.477483
0.478324
0.384299
0.664724
0.556636
0.628372
0.391997
0.458868
0.525861
0.520841
0.513363
0.546305
0.439345
0.697261
0.728872
0.346568
0.390648
0.378694
0.507482
0.604038
0.681169
0.515029
0.444714
0.621825
0.448117
0.411091
0.64002
0.456591
0.279392
0.325075
0.549078
0.5568
0.573817
0.500915
0.514159
0.58683
0.707437
0.61982
0.746937
0.344163
0.464309
0.609928
0.430885
0.600225
0.545127
0.622022
0.480359
0.643874
0.178319
0.661246
0.43343
0.358943
0.66267
0.369733
0.396072
0.314947
0.542282
0.405938
0.46433
0.597124
0.465469
0.398092
0.434095
0.36463
0.458269
0.609524
0.60807
0.432982
0.537335
0.602555
0.506867
0.470118
0.520198
0.49804
0.503918
0.628547
0.625142
0.684548
0.58747
0.475548
0.387257
0.432244
0.500343
0.508
0.388432
0.321967
0.44983
0.539688
0.681395
0.532469
0.484074
0.530726
0.392951
0.473324
0.502921
0.607406
0.468726
0.555483
0.453622
0.525359
0.457576
0.51577
0.4353
0.400632
0.452643
0.528684
0.318756
0.626244
0.569524
0.333612
0.335429
0.472203
0.549437
0.475814
0.394201
0.51391
0.563258
0.615365
0.477551
0.538632
0.535151
0.72231
0.517492
0.446289
0.613923
0.583772
0.362024
0.405491
0.445381
0.647315
0.557665
0.577592
0.526645
0.474631
0.373296
0.521773
0.677726
0.553252
0.693179
0.496887
0.408485
0.496697
0.567886
0.747227
0.489513
0.452815
0.724191
0.378596
0.490302
0.346299
0.528972
0.389337
0.601437
0.527093
0.645989
0.622274
0.621267
0.616743
0.523406
0.464277
0.510695
0.587482
0.447167
0.469206
0.489209
0.633972
0.671179
0.358798
0.485171
0.577918
0.507782
0.518491
0.325478
0.466355
0.286598
0.617699
0.453208
0.482902
0.559494
0.525451
0.533447
0.497893
0.574649
0.554166
0.421449
0.560666
0.531395
0.550368
0.435264
0.620522
0.46522
0.377921
0.546221
0.499751
0.541944
0.435684
0.461929
0.492614
0.54212
0.35879
0.451889
0.501163
0.609167
0.424985
0.617229
0.427176
0.47299
0.490945
0.432583
0.417202
0.53796
0.397218
0.526554
0.514655
0.570487
0.595742
0.591673
0.531931
0.505102
0.374765
0.537062
0.451659
0.414269
0.498708
0.366316
0.547186
0.499261
0.47415
0.566151
0.638316
0.437608
0.638929
0.552408
0.541925
0.485018
0.603305
0.400647
0.523396
0.531585
0.416706
0.488185
0.401623
0.34664
0.469485
0.429597
0.517735
0.444141
0.558025
0.472751
0.568306
0.429075
0.547076
0.549027
0.562883
0.550374
0.572033
0.588719
0.540769
0.430314
0.464691
0.407475
0.533341
0.344783
0.400381
0.566169
0.358375
0.51105
0.506118
0.466606
0.567123
0.555311
0.604934
0.56806
0.430781
0.574214
0.579817
0.531659
0.560809
0.503292
0.713016
0.495219
0.429812
0.528736
0.596857
0.461958
0.431642
0.532616
0.437014
0.502007
0.438642
0.588584
0.507288
0.402189
0.340656
0.405655
0.307818
0.381705
0.457313
0.469834
0.280161
0.680609
0.38719
0.512686
0.509221
0.423648
0.39256
0.435272
0.372505
0.500816
0.326591
0.565798
0.473089
0.462116
0.413785
0.597727
0.51777
0.609191
0.329274
0.347463
0.492727
0.629928
0.535974
0.430067
0.574383
0.350592
0.490753
0.458188
0.434553
0.497686
0.594195
0.541492
0.510216
0.530317
0.618632
0.556875
0.47584
0.422556
0.603288
0.46649
0.558939
0.580883
0.563961
0.411722
0.368943
0.548476
0.450214
0.574544
0.369365
0.587567
0.430786
0.578759
0.530063
0.392605
0.445456
0.445378
0.579067
0.457176
0.289093
0.399268
0.773313
0.520846
0.66378
0.566271
0.478701
0.41996
0.432787
0.456619
0.458425
0.558195
0.333547
0.594667
0.593613
0.53505
0.565729
0.657232
0.493179
0.497685
0.487698
0.491047
0.494483
0.425277
0.46528
0.499598
0.62922
0.564619
0.468417
0.563729
0.558893
0.5977
0.564179
0.469537
0.512629
0.460784
0.481407
0.478992
0.540891
0.511623
0.608027
0.549049
0.498262
0.456302
0.524601
0.376644
0.365751
0.436378
0.487017
0.350375
0.509511
0.414722
0.67004
0.49285
0.452295
0.496588
0.506987
0.486067
0.422805
0.429961
0.456569
0.528786
0.575315
0.433124
0.556253
0.360113
0.578849
0.521638
0.554895
0.515374
0.515764
0.413403
0.541109
0.614364
0.570217
0.678335
0.495453
0.511093
0.506552
0.60518
0.504266
0.588733
0.527585
0.556271
0.603454
0.631575
0.366952
0.483437
0.506933
0.552865
0.624576
0.43387
0.664376
0.546397
0.428752
0.570429
0.446616
0.441174
0.543786
0.390634
0.447063
0.490229
0.492468
0.414443
0.59915
0.57239
0.494279
0.421736
0.440523
0.42219
0.612075
0.493274
0.514872
0.258949
0.543443
0.417706
0.614404
0.328995
0.491874
0.6839
0.465229
0.510803
0.523801
0.531533
0.592044
0.404199
0.489275
0.370301
0.427572
0.612424
0.397979
0.62351
0.428884
0.347542
0.452419
0.666844
0.612236
0.401011
0.612738
0.517083
0.417958
0.41515
0.681733
0.615112
0.377444
0.498122
0.545596
0.416956
0.498064
0.61304
0.589652
0.567547
0.443987
0.446169
0.645241
0.433668
0.619141
0.363092
0.442921
0.401706
0.313006
0.475432
0.489587
0.426819
0.423257
0.482409
0.507018
0.514445
0.30664
0.376482
0.532981
0.622099
0.428559
0.40365
0.472422
0.52578
0.492688
0.577093
0.48673
0.67524
0.457408
0.525682
0.527583
0.577655
0.52086
0.621975
0.474762
0.448981
0.528841
0.420599
0.553632
0.243321
0.489575
0.427844
0.528904
0.537102
0.439406
0.43487
0.450996
0.468487
0.478685
0.535603
0.535912
0.612554
0.485339
0.409115
0.36827
0.345876
0.424917
0.505588
0.321035
0.394681
0.532919
0.402701
0.488826
0.580308
0.483207
0.501077
0.65057
0.523494
0.42279
0.446093
0.540818
0.631856
0.508527
0.479474
0.358505
0.696935
0.497908
0.555602
0.231386
0.530142
0.609212
0.459784
0.550004
0.570028
0.373702
0.531892
0.466016
0.433268
0.564181
0.459248
0.507158
0.432794
0.422927
0.525315
0.499184
0.560371
0.46288
0.391172
0.420072
0.476757
0.326601
0.587901
0.472546
0.45724
0.618156
0.490266
0.489007
0.327859
0.546338
0.643494
0.532115
0.459926
0.51869
0.480976
0.590969
0.366557
0.50225
0.494285
0.57601
0.501715
0.62903
0.528532
0.476785
0.373845
0.49457
0.543695
0.569515
0.464331
0.611644
0.611664
0.362361
0.434923
0.485973
0.452287
0.474353
0.404689
0.536864
0.630137
0.500463
0.500177
0.365545
0.455094
0.574225
0.493982
0.46294
0.609475
0.567057
0.54615
0.444212
0.555477
0.638835
0.486374
0.509895
0.489489
0.368843
0.497092
0.385385
0.472347
0.253758
0.490027
0.617214
0.482414
0.576324
0.460706
0.653431
0.554301
0.353685
0.443648
0.466863
0.360684
0.409379
0.49963
0.466552
0.485933
0.631719
0.507239
0.369487
0.683608
0.549979
0.503185
0.469502
0.59832
0.657564
0.356179
0.453099
0.296414
0.529327
0.541893
0.395514
0.457378
0.422594
0.423238
0.259921
0.534356
0.534383
0.680213
0.465696
0.440512
0.439959
0.6636
0.348495
0.438779
0.501358
0.590942
0.478082
0.723724
0.563028
0.423446
0.514539
0.541291
0.711456
0.557676
0.567398
0.488003
0.345632
0.47309
0.485488
0.696372
0.47676
0.6697
0.470544
0.415624
0.452728
0.521159
0.510002
0.341994
0.701849
0.606651
0.511679
0.583614
0.640253
0.356764
0.655177
0.442029
0.429359
0.378254
0.524703
0.473433
0.458106
0.472083
0.44059
0.413459
0.425387
0.627416
0.459846
0.502592
0.690338
0.598224
0.479695
0.365597
0.433266
0.422914
0.374969
0.645669
0.431796
0.542748
0.465512
0.477771
0.621912
0.460905
0.591097
0.4489
0.51062
0.547657
0.528974
0.616117
0.577597
0.562415
0.395606
0.55423
0.501155
0.492141
0.514646
0.639376
0.435653
0.396995
0.605396
0.435447
0.331973
0.544856
0.360015
0.467775
0.421277
0.480627
0.456277
0.510725
0.578897
