0.495873
0.501607
0.522252
0.528869
0.537845
0.42838
0.515365
0.517033
0.55984
0.459297
0.547005
0.501417
0.522406
0.482598
0.496922
0.49623
0.501997
0.513967
0.520111
0.532151
0.542108
0.560564
0.530439
0.495223
0.468522
0.488149
0.509727
0.467825
0.484076
0.460262
0.469532
0.48994
0.504071
0.502834
0.507328
0.466352
0.517564
0.495631
0.500544
0.463372
0.491959
0.473235
0.519572
0.493136
0.516058
0.524762
0.510471
0.512639
0.524792
0.51782
0.533306
0.459242
0.499583
0.445309
0.513942
0.577792
0.481583
0.553091
0.504235
0.462336
0.488171
0.534374
0.534067
0.516186
0.510964
0.487364
0.502129
0.448376
0.478517
0.513357
0.511814
0.505782
0.568722
0.502569
0.512766
0.444051
0.521989
0.486576
0.513427
0.525285
0.491472
0.483874
0.519177
0.477016
0.553199
0.495725
0.465229
0.538532
0.496858
0.492741
0.482074
0.512979
0.544486
0.540533
0.480012
0.545101
0.524304
0.509773
0.491722
0.495737
0.482709
0.529263
0.579049
0.478615
0.518881
0.559506
0.480825
0.508312
0.55089
0.530956
0.5086
0.448778
0.504502
0.500086
0.490362
0.550316
0.488288
0.454639
0.52966
0.47268
0.521205
0.486549
0.497642
0.498765
0.528627
0.528965
0.474495
0.505467
0.484915
0.507181
0.488193
0.476554
0.51727
0.539054
0.503393
0.479977
0.526632
0.498273
0.530457
0.534843
0.464214
0.545577
0.45988
0.519502
0.491632
0.503291
0.51457
0.512651
0.490916
0.494407
0.48251
0.457336
0.517816
0.498327
0.513907
0.488969
0.474997
0.523447
0.526161
0.461338
0.475964
0.526448
0.530349
0.509742
0.518019
0.51652
0.535639
0.481225
0.543236
0.509344
0.511637
0.554099
0.497588
0.462487
0.509207
0.440889
0.504857
0.525452
0.511473
0.491245
0.546146
0.561055
0.479526
0.547519
0.517518
0.539542
0.520394
0.53145
0.544894
0.524985
0.514329
0.493879
0.531608
0.54949
0.547792
0.531623
0.502415
0.571742
0.508976
0.48959
0.498008
0.511781
0.502779
0.497957
0.463601
0.50585
0.45791
0.53183
0.508752
0.478047
0.503968
0.485201
0.50566
0.486551
0.451868
0.505358
0.479455
0.470724
0.525541
0.524104
0.47399
0.493613
0.492521
0.496334
0.525016
0.496719
0.469373
0.565655
0.551871
0.427425
0.44611
0.513922
0.538685
0.563714
0.560279
0.512726
0.473968
0.497803
0.502431
0.488196
0.518181
0.484566
0.573819
0.536797
0.454776
0.469203
0.455416
0.452394
0.48114
0.501002
0.463433
0.479439
0.519178
0.468323
0.486368
0.542115
0.505768
0.498615
0.506022
0.535291
0.513451
0.543359
0.490769
0.493564
0.491163
0.510938
0.522436
0.565288
0.511069
0.482455
0.504411
0.467494
0.515382
0.47115
0.491668
0.465908
0.498821
0.452177
0.504461
0.535021
0.507885
0.525765
0.464908
0.522275
0.4748
0.545116
0.495889
0.496022
0.516626
0.545414
0.527946
0.509961
0.500938
0.488998
0.49357
0.49035
0.498619
0.473633
0.537752
0.502357
0.528858
0.547992
0.505161
0.506648
0.526428
0.535337
0.531432
0.467541
0.528896
0.470143
0.479762
0.493042
0.481603
0.46245
0.533047
0.490569
0.458248
0.493174
0.492149
0.488575
0.449682
0.494928
0.536206
0.544173
0.51528
0.524169
0.562275
0.443724
0.539997
0.451218
0.507598
0.51287
0.473156
0.556921
0.494506
0.542896
0.457062
0.472948
0.489058
0.472516
0.527001
0.494045
0.520986
0.481353
0.498986
0.494451
0.433025
0.499365
0.504937
0.489172
0.528287
0.483491
0.511883
0.488488
0.558673
0.45975
0.494408
0.547907
0.496409
0.468988
0.537878
0.505322
0.533263
0.453498
0.511312
0.494436
0.464
0.517827
0.527905
0.513088
0.56567
0.451249
0.500545
0.483997
0.453519
0.524758
0.509064
0.513155
0.506349
0.497869
0.522658
0.469692
0.47492
0.508266
0.499922
0.525007
0.540353
0.461185
0.51243
0.505412
0.546264
0.508676
0.49572
0.500884
0.507372
0.477283
0.521241
0.544902
0.494521
0.464525
0.479044
0.461279
0.475081
0.520678
0.546228
0.520304
0.469651
0.525895
0.480126
0.498107
0.489463
0.499652
0.505302
0.551786
0.529927
0.437895
0.534517
0.433178
0.528089
0.514121
0.4882
0.493132
0.49627
0.51705
0.454472
0.465372
0.469687
0.495402
0.449836
0.506472
0.508237
0.497856
0.493989
0.510713
0.505682
0.514304
0.473297
0.502609
0.524139
0.446304
0.506031
0.485291
0.476735
0.485971
0.495963
0.501646
0.492603
0.531711
0.474057
0.501787
0.509636
0.496959
0.473267
0.511968
0.522743
0.497722
0.44857
0.516138
0.517271
0.492056
0.510757
0.503829
0.524949
0.467863
0.51301
0.481633
0.476709
0.525361
0.466177
0.487158
0.504141
0.520604
0.521881
0.543542
0.527814
0.52222
0.51941
0.491409
0.462186
0.503354
0.497619
0.518159
0.507119
0.49559
0.529187
0.478613
0.526014
0.484398
0.431298
0.48589
0.50904
0.452479
0.481597
0.489045
0.492812
0.476302
0.505847
0.508835
0.468879
0.503108
0.506482
0.502203
0.503533
0.443811
0.569079
0.509087
0.479363
0.527508
0.49394
0.43408
0.480768
0.463856
0.497375
0.454723
0.504853
0.521248
0.494222
0.515005
0.476922
0.474758
0.509532
0.526285
0.504682
0.514078
0.490415
0.510574
0.513424
0.526289
0.493793
0.457304
0.499409
0.512252
0.514391
0.491515
0.511588
0.511764
0.539753
0.488201
0.471166
0.487357
0.502605
0.45659
0.51057
0.527864
0.550356
0.453704
0.511552
0.511494
0.50941
0.485913
0.497693
0.497444
0.527856
0.499662
0.497949
0.460697
0.501652
0.510363
0.481292
0.485084
0.441156
0.535961
0.461403
0.525488
0.489408
0.496035
0.526045
0.48469
0.510566
0.567994
0.496614
0.439529
0.493807
0.540965
0.5056
0.492974
0.489605
0.489942
0.496901
0.524325
0.504004
0.484643
0.517185
0.462187
0.482054
0.538882
0.484335
0.500001
0.51142
0.519097
0.497683
0.499989
0.456092
0.489549
0.497614
0.529168
0.500494
0.543644
0.530539
0.503887
0.525889
0.515324
0.467563
0.492972
0.54128
0.483636
0.467682
0.462202
0.534694
0.521833
0.48251
0.505401
0.510299
0.486871
0.510515
0.533055
0.471975
0.455307
0.543116
0.483992
0.52216
0.469557
0.438832
0.50738
0.510816
0.478636
0.45859
0.582098
0.465573
0.497054
0.526417
0.461533
0.510357
0.473831
0.493565
0.5099
0.503438
0.522858
0.526865
0.459573
0.541629
0.500399
0.517241
0.498401
0.51782
0.552603
0.483056
0.484821
0.503772
0.474898
0.493773
0.462646
0.486688
0.488112
0.518542
0.434858
0.48119
0.487744
0.505186
0.517455
0.470415
0.469834
0.498924
0.493623
0.500799
0.459101
0.50548
0.500991
0.502098
0.474268
0.496196
0.498835
0.462115
0.506476
0.466912
0.49851
0.506893
0.466257
0.518815
0.512464
0.521523
0.512434
0.48679
0.490675
0.501602
0.464334
0.565147
0.516529
0.465676
0.511604
0.49545
0.497831
0.49689
0.510554
0.457762
0.456024
0.487539
0.491947
0.473456
0.563712
0.510586
0.484557
0.520883
0.505302
0.542207
0.506035
0.498371
0.559021
0.501594
0.51487
0.513174
0.483789
0.508219
0.523868
0.498819
0.507412
0.43007
0.478735
0.52286
0.541408
0.473679
0.509538
0.535892
0.493402
0.520604
0.505051
0.462029
0.493665
0.545077
0.499827
0.47929
0.49377
0.541207
0.533276
0.49182
0.49082
0.490334
0.573624
0.487949
0.541066
0.492058
0.554433
0.490023
0.525173
0.466133
0.556796
0.512234
0.479832
0.504
0.538635
0.507483
0.494945
0.463248
0.45796
0.487123
0.473222
0.507903
0.426832
0.509528
0.502842
0.482141
0.446375
0.543159
0.499687
0.4921
0.502758
0.503495
0.541857
0.484692
0.493935
0.52429
0.486475
0.506186
0.484345
0.493253
0.510441
0.516556
0.489055
0.509046
0.44868
0.505568
0.522146
0.486508
0.493678
0.468172
0.511011
0.503868
0.539642
0.492254
0.475589
0.490459
0.496656
0.541116
0.509064
0.464731
0.510499
0.503461
0.496175
0.486268
0.450718
0.480022
0.531492
0.505548
0.513756
0.520704
0.480003
0.512633
0.512859
0.488918
0.545449
0.489198
0.48774
0.538138
0.540291
0.47358
0.463015
0.484428
0.429309
0.529358
0.555855
0.520004
0.503846
0.515471
0.493569
0.486851
0.46499
0.478648
0.536584
0.493144
0.50371
0.46303
0.489887
0.523751
0.448478
0.510969
0.537204
0.511613
0.493502
0.534057
0.470258
0.539278
0.462597
0.503242
0.546219
0.50655
0.50724
0.497341
0.538133
0.516026
0.486832
0.494091
0.456562
0.505513
0.52173
0.52811
0.499094
0.494831
0.524788
0.53438
0.463609
0.461637
0.526862
0.480229
0.469494
0.44152
0.460667
0.526842
0.579126
0.494006
0.522474
0.464171
0.503281
0.48819
0.491906
0.53938
0.534263
0.466778
0.428678
0.484647
0.51801
0.480212
0.49592
0.488975
0.581769
0.535657
0.479867
0.46162
0.470596
0.498737
0.474664
0.520464
0.519607
0.546413
0.470872
0.523278
0.477901
0.552079
0.4815
0.466823
0.495206
0.511262
0.507044
0.489369
0.446756
0.427943
0.520671
0.524887
0.501593
0.454975
0.51829
0.508162
0.532576
0.512058
0.52041
0.512843
0.503705
0.483711
0.510401
0.520137
0.455238
0.497373
0.476555
0.513113
0.515176
0.495656
0.465274
0.506333
0.455425
0.461561
0.534271
0.45664
0.512978
0.53362
0.484912
0.519166
0.484189
0.46918
0.551297
0.521904
0.519267
0.53588
0.512377
0.518327
0.462992
0.458419
0.516885
0.474338
0.526865
0.52261
0.50614
0.524248
0.481029
0.540967
0.48642
0.449191
0.486807
0.511359
0.472571
0.406453
0.481172
0.527127
0.512448
0.513172
0.513441
0.516115
0.494562
0.503953
0.495391
0.526886
0.478647
0.517612
0.514569
0.490609
0.532595
0.559697
0.475052
0.541268
0.434056
0.518185
0.45118
0.517574
0.557828
0.480925
0.511017
0.556854
0.480648
0.493582
0.46333
0.471801
0.48504
0.512124
0.503009
0.519989
0.508113
0.517896
0.475783
0.545905
0.456595
0.477115
0.457224
0.535757
0.445519
0.508779
0.469021
0.523818
0.506823
0.491666
0.485715
0.470407
0.490271
0.525822
0.44831
0.48812
0.519538
0.547841
0.480593
0.454524
0.540594
0.460916
0.495493
0.4834
0.489656
0.536168
0.540648
0.47781
0.498533
0.504718
0.43524
0.468962
0.483187
0.491532
0.47747
0.494938
0.566241
0.520676
0.49952
0.530242
0.518145
0.473556
0.512754
0.495551
0.529137
0.510423
0.461066
0.459442
0.542194
0.522053
0.547932
0.490058
0.475242
0.491681
0.49866
0.531935
0.451142
0.503022
0.571868
0.506474
0.470848
0.532174
0.514081
0.456141
0.505672
0.480455
0.511831
0.502143
0.488399
0.510377
0.522603
0.480606
0.49197
0.484084
0.467537
0.53779
0.503282
0.486281
0.455948
0.523167
0.535217
0.523065
0.477544
0.469927
0.471987
0.522704
0.498636
0.503148
0.463152
0.490397
0.511852
0.471235
0.574891
0.500008
0.595708
0.518625
0.490249
0.512751
0.464051
0.527144
0.512678
0.494429
0.471833
0.476912
0.47127
0.465208
0.51093
0.470421
0.50623
0.462577
0.52882
0.49749
0.486293
0.530265
0.486967
0.514168
0.505553
0.462012
0.490619
0.47272
0.517567
0.495301
0.465656
0.477236
0.50413
0.540123
0.551893
0.522746
0.501818
0.52253
0.589161
0.524637
0.520845
0.440895
0.538311
0.457106
0.499941
0.520341
0.492324
0.529162
0.50241
0.521517
0.533701
0.536676
0.439273
0.474737
0.47657
0.488947
0.465022
0.528064
0.491274
0.505622
0.531924
0.534452
0.483794
0.509411
0.504736
0.541906
0.483132
0.494174
0.495934
0.523145
0.459853
0.476485
0.48184
0.465782
0.514315
0.509115
0.494299
0.476947
0.48179
0.53173
0.435281
0.49085
0.534682
0.509947
0.480189
0.525443
0.512491
0.498478
0.498999
0.523359
0.493933
0.524837
0.524967
0.51905
0.480963
0.501757
0.432774
0.511937
0.532125
0.531495
0.498892
0.505561
0.485977
0.503332
0.496006
0.483829
0.530063
0.534257
0.492687
0.493506
0.505356
0.52681
0.443594
0.500752
0.530976
0.539734
0.541402
0.519792
0.452698
0.496333
0.468899
0.462419
0.526922
0.569467
0.520324
0.533942
0.527874
0.455977
0.52952
0.48806
0.540387
0.449146
0.475936
0.541111
0.497162
0.475594
0.50743
0.50368
0.4936
0.500034
0.493218
0.510861
0.48341
0.472383
0.525763
0.475097
0.505081
0.479314
0.52387
0.478568
0.506168
0.506115
0.500354
0.52415
0.545007
0.522202
0.478311
0.491144
0.526225
0.489508
0.514905
0.497835
0.477974
0.519741
0.487591
0.448614
0.488563
0.483829
0.534425
0.517435
0.473809
0.532289
0.459641
0.48793
0.492232
0.493438
0.522377
0.547092
0.494077
0.51981
0.477549
0.515251
0.485202
0.48152
0.492754
0.518574
0.503974
0.506175
0.535854
0.527751
0.506788
0.452914
0.479083
0.47137
0.496343
0.465763
0.49412
0.535877
0.529736
0.508475
0.508123
0.514565
0.456553
0.486749
0.485325
0.451803
0.478641
0.459059
0.506826
0.499294
0.464043
0.50658
0.509906
0.469695
0.490858
0.535758
0.506905
0.517934
0.498327
0.491187
0.534546
0.538215
0.500627
0.466661
0.492121
0.488519
0.484332
0.490632
0.468107
0.515568
0.50663
0.508965
0.509199
0.500209
0.503934
0.499939
0.545378
0.482208
0.507779
0.518881
0.544058
0.487998
0.467603
0.564971
0.522571
0.536193
0.45151
0.480358
0.460815
0.522184
0.502113
0.479305
0.546819
0.511001
0.503437
0.507265
0.511816
0.460461
0.517269
0.539152
0.53517
0.475466
0.506714
0.482223
0.492724
0.517847
0.466681
0.539463
0.456884
0.450355
0.444012
0.51893
0.547459
0.492004
0.474595
0.515448
0.526104
0.485917
0.484531
0.493353
0.483608
0.528842
0.472872
0.539839
0.48025
0.529618
0.47301
0.552811
0.469643
0.54565
0.469199
0.467329
0.442785
0.493085
0.47722
0.440524
0.551131
0.526345
0.499664
0.503676
0.487268
0.532153
0.514957
0.496827
0.463855
0.465755
0.535861
0.498104
0.422891
0.493722
0.491106
0.446825
0.497556
0.527225
0.448714
0.493696
0.449984
0.528022
0.459829
0.527855
0.474813
0.510146
0.518244
0.521565
0.497252
0.494672
0.486518
0.518741
0.485324
0.491374
0.460532
0.530715
0.510784
0.505801
0.528639
0.50638
0.506645
0.516851
0.450172
0.456544
0.468165
0.569338
0.484165
0.463839
0.518244
0.53706
0.528517
0.467098
0.53929
0.5204
0.460779
0.517694
0.476476
0.502312
0.505081
0.537228
0.508775
0.50858
0.528612
0.470957
0.46389
0.501209
0.531474
0.476916
0.533132
0.503761
0.473765
0.491535
0.517054
0.567941
0.514267
0.531135
0.549151
0.492932
0.469442
0.484746
0.482853
0.531462
0.505252
0.504691
0.448231
0.525322
0.515991
0.492012
0.494028
0.471898
0.504555
0.476595
0.504669
0.563021
0.490762
0.52646
0.490457
0.496898
0.494108
0.484601
0.544195
0.499095
0.493131
0.499721
0.533514
0.532984
0.506025
0.501644
0.512339
0.535041
0.539658
0.52286
0.486575
0.454297
0.462438
0.462014
0.480476
0.514271
0.458807
0.517906
0.545563
0.513486
0.530403
0.486174
0.440694
0.508185
0.514231
0.545105
0.489164
0.536809
0.507493
0.48924
0.468902
0.526186
0.530148
0.544552
0.52917
0.477893
0.480756
0.459243
0.498874
0.490884
0.521837
0.509513
0.507145
0.501915
0.493709
0.497355
0.468214
0.504553
0.49887
0.51228
0.514433
0.534321
0.533113
0.513395
0.550514
0.532745
0.488159
0.492058
0.528258
0.505548
0.519268
0.515993
0.506222
0.515828
0.488495
0.457917
0.537505
0.475547
0.470625
0.507889
0.498082
0.529053
0.487733
0.508485
0.507504
0.509254
0.485523
0.54297
0.525219
0.526572
0.498341
0.513621
0.463944
0.496513
0.460909
0.482684
0.503277
0.484724
0.466555
0.531912
0.481819
0.49726
0.559912
0.475616
0.526273
0.494699
0.5349
0.451435
0.516101
0.50518
0.417188
0.465084
0.479115
0.504567
0.467392
0.459805
0.506585
0.580331
0.502979
0.435691
0.448017
0.495485
0.53124
0.543142
0.540172
0.513612
0.453852
0.4709
0.519329
0.506749
0.498425
0.532178
0.499612
0.483294
0.460134
0.479758
0.495565
0.469198
0.535042
0.487296
0.528516
0.506149
0.487069
0.542004
0.540715
0.496317
0.505841
0.51293
0.478224
0.553092
0.438773
0.486895
0.48519
0.547239
0.495911
0.45531
0.502906
0.501565
0.511075
0.522162
0.484038
0.485675
0.471015
0.52615
0.505055
0.504255
0.471386
0.535615
0.530362
0.533666
0.522577
0.478467
0.504288
0.48607
0.460751
0.513008
0.49912
0.508871
0.51289
0.449303
0.508197
0.508653
0.545272
0.521861
0.524806
0.508969
0.510613
0.467738
0.524718
0.444037
0.481138
0.50204
0.51976
0.526581
0.496186
0.435147
0.48132
0.526419
0.549498
0.489976
0.498172
0.472978
0.481295
0.488275
0.497067
0.483333
0.524491
0.504517
0.534076
0.468663
0.476072
0.514274
0.52938
0.524901
0.489712
0.47849
0.539968
0.483781
0.492235
0.48046
0.518148
0.452118
0.44551
0.431123
0.46592
0.511147
0.489909
0.480131
0.455558
0.472533
0.511446
0.49263
0.547362
0.499511
0.470397
0.509375
0.470866
0.503996
0.52537
0.523276
0.462984
0.544553
0.536702
0.508413
0.535036
0.514485
0.502526
0.515406
0.432491
0.459907
0.508139
0.474581
0.50103
0.518395
0.525175
0.497965
0.527216
0.500399
0.494886
0.472695
0.501248
0.526985
0.585231
0.519159
0.534896
0.554487
0.502895
0.522075
0.514447
0.493042
0.519459
0.513979
0.463176
0.542769
0.429059
0.468179
0.470225
0.517168
0.498792
0.489438
0.464705
0.474239
0.471123
0.470295
0.459929
0.505412
0.440364
0.551406
0.509958
0.531839
0.516302
0.50543
0.518665
0.535348
0.522901
0.493096
0.472201
0.513689
0.517147
0.512054
0.483822
0.550028
0.523114
0.516282
0.502303
0.50621
0.462698
0.495981
0.50134
0.556566
0.442809
0.492461
0.53938
0.460226
0.477515
0.504283
0.461709
0.538489
0.493412
0.522261
0.506521
0.480939
0.47069
0.511671
0.483485
0.528305
0.476682
0.487469
0.509153
0.547555
0.531504
0.517441
0.502882
0.499091
0.497392
0.46118
0.46686
0.548139
0.487884
0.529606
0.453772
0.471249
0.465798
0.487631
0.547779
0.460162
0.608386
0.546488
0.483229
0.482928
0.504737
0.494396
0.537932
0.517018
0.497936
0.484605
0.463509
0.529939
0.538246
0.515709
0.506195
0.475649
0.502093
0.505279
0.482154
0.523342
0.4456
0.496768
0.488832
0.510242
0.51415
0.511017
0.507689
0.510233
0.476726
0.544977
0.515833
0.501837
0.533893
0.526263
0.479154
0.475592
0.491949
0.475167
0.484574
0.493488
0.506394
0.485768
0.513504
0.49041
0.461093
0.52194
0.524575
0.475496
0.503716
0.54736
0.48568
0.543632
0.543959
0.503371
0.50046
0.495065
0.511983
0.524538
0.531955
0.482832
0.576256
0.416384
0.468447
0.519572
0.510743
0.487889
0.497905
0.450853
0.46208
0.475242
0.495022
0.472481
0.491136
0.502911
0.508185
0.552997
0.506068
0.470642
0.504708
0.545808
0.483883
0.53543
0.496024
0.521687
0.535401
0.528047
0.467142
0.532826
0.517636
0.484405
0.466159
0.472895
0.503824
0.539938
0.501922
0.519615
0.542783
0.535476
0.495718
0.470922
0.486941
0.477796
0.483001
0.503848
0.505326
0.517236
0.47331
0.505518
0.499998
0.525691
0.47267
0.564072
0.469962
0.52578
0.487396
0.507627
0.496486
0.518478
0.478451
0.4726
0.491057
0.511696
0.500782
0.497411
0.457838
0.503655
0.464508
0.459933
0.474722
0.477236
0.498845
0.490549
0.481603
0.457076
0.512466
0.518529
0.434714
0.500021
0.494902
0.536132
0.517453
0.558768
0.474806
0.528519
0.469456
0.503204
0.476915
0.511854
0.507449
0.536218
0.497277
0.487882
0.506953
0.440631
0.48548
0.479498
0.489003
0.528581
0.515083
0.514359
0.488962
0.489127
0.523864
0.556102
0.546006
0.526353
0.510816
0.536307
0.49526
0.518603
0.546601
0.513502
0.515635
0.46715
0.500475
0.484467
0.493411
0.514331
0.473982
0.501315
0.515366
0.459328
0.477107
0.526522
0.498973
0.524258
0.525495
0.425754
0.53677
0.461264
0.529952
0.441124
0.565573
0.547877
0.486126
0.50902
0.509686
0.545232
0.450219
0.537929
0.523878
0.481748
0.505138
0.521347
0.522389
0.470874
0.452911
0.465038
0.502943
0.41034
0.507789
0.480145
0.500447
0.454385
0.497408
0.535041
0.517016
0.509498
0.506193
0.457997
0.508916
0.555612
0.537775
0.545763
0.525378
0.543386
0.466321
0.563636
0.479634
0.486355
0.527075
0.511607
0.522314
0.504392
0.533927
0.507359
0.487346
0.489271
0.478215
0.496251
0.508886
0.47904
0.482946
0.504678
0.49546
0.467861
0.497159
0.517309
0.517671
0.501579
0.485722
0.499368
0.564237
0.544111
0.452621
0.478399
0.546171
0.540491
0.505171
0.509385
0.491277
0.491463
0.539601
0.523891
0.494136
0.481758
0.494799
0.496502
0.466178
0.526883
0.502464
0.486491
0.464578
0.516334
0.47324
0.562842
0.52827
0.50688
0.45649
0.487616
0.51777
0.49784
0.515802
0.48482
0.498379
0.47843
0.515139
0.485389
0.512057
0.480116
0.526244
0.507375
0.542587
0.516847
0.483533
0.474916
0.484861
0.482844
0.52784
0.45868
0.507991
0.45875
0.546956
0.530351
0.491761
0.507052
0.51351
0.537916
0.44751
0.549352
0.476453
0.518102
0.501076
0.550908
0.510633
0.495972
0.532787
0.509395
0.461865
0.485364
0.50592
0.4798
0.496902
0.491343
0.471306
0.488162
0.475963
0.49803
0.495202
0.483293
0.509374
0.510785
0.505836
0.515073
0.481572
0.466849
0.509606
0.485161
0.489655
0.536676
0.491374
0.543477
0.476919
0.510571
0.498092
0.461251
0.503935
0.490344
0.466778
0.50634
0.482648
0.469629
0.56501
0.483585
0.517364
0.542984
0.495311
0.544624
0.497297
0.52379
0.497436
0.537632
0.518054
0.463118
0.460347
0.48525
0.536266
0.502022
0.446872
0.573349
0.476763
0.531907
0.469537
0.446629
0.522599
0.492678
0.508995
0.489109
0.434104
0.484964
0.562743
0.535833
0.536197
0.516944
0.509664
0.501295
0.477901
0.401646
0.556087
0.482579
0.491336
0.508338
0.534906
0.560889
0.529091
0.480181
0.506503
0.531293
0.480675
0.515891
0.557181
0.481989
0.485365
0.469295
0.5182
0.523613
0.527188
0.488487
0.519698
0.515795
0.4675
0.454354
0.494472
0.469776
0.513765
0.452679
0.49514
0.507184
0.52415
0.498414
0.50534
0.468447
0.463487
0.526148
0.444639
0.529583
0.526601
0.505856
0.563518
0.490613
0.501865
0.443809
0.517423
0.527467
0.515817
0.508686
0.468255
0.484293
0.525636
0.463414
0.521032
0.494377
0.449861
0.512888
0.458604
0.51288
0.440947
0.482347
0.486589
0.457952
0.46056
0.51456
0.474724
0.491042
0.517092
0.457153
0.533096
0.482092
0.504075
0.50294
0.53785
0.438184
0.470191
0.472175
0.529281
0.499901
0.520804
0.519734
0.506584
0.450604
0.484542
0.473532
0.541054
0.489727
0.545837
0.441523
0.509202
0.479517
0.477606
0.529506
0.577144
0.490151
0.49196
0.524369
0.5087
0.473264
0.49789
0.538239
0.475043
0.498393
0.522985
0.537076
0.499341
0.518082
0.503287
0.458525
0.493891
0.490217
0.515968
0.451906
0.510473
0.492932
0.50068
0.519262
0.490487
0.467957
0.496648
0.498908
0.455453
0.529945
0.475924
0.498039
0.469134
0.506949
0.503245
0.472343
0.530519
0.563172
0.526597
0.519125
0.535547
0.49918
0.459501
0.505044
0.490481
0.494398
0.488181
0.546005
0.519611
0.536615
0.508666
0.508881
0.475159
0.46587
0.507638
0.503432
0.491275
0.505215
0.485877
0.52687
0.482495
0.485907
0.526585
0.518815
0.468425
0.524285
0.487202
0.504776
0.461322
0.494426
0.469615
0.512609
0.485099
0.484352
0.509343
0.53743
0.478792
0.511522
0.481534
0.542211
0.492932
0.500401
0.514847
0.557308
0.494499
0.503348
0.54059
0.483713
0.538268
0.505868
0.533376
0.490269
0.525364
0.455611
0.453067
0.50071
0.45189
0.496387
0.500445
0.455708
0.532378
0.526107
0.547868
0.469189
0.457864
0.520881
0.470754
0.515678
0.512344
0.483814
0.438002
0.462404
0.542505
0.521198
0.494059
0.489949
0.474764
0.513146
0.499194
0.499435
0.534035
0.480055
0.467301
0.541236
0.526072
0.498074
0.494079
0.466021
0.497995
0.480669
0.487488
0.507251
0.450438
0.52191
0.493753
0.52607
0.523046
0.460055
0.515596
0.523506
0.538391
0.444634
0.53673
0.527109
0.516291
0.521533
0.522578
0.533192
0.461555
0.460769
0.518613
0.472767
0.446794
0.500614
0.52428
0.477775
0.503807
0.496855
0.514104
0.51024
0.460515
0.522007
0.482932
0.504292
0.486217
0.488715
0.506231
0.48053
0.439393
0.504091
0.528581
0.492701
0.515135
0.48476
0.485962
0.514078
0.481841
0.470792
0.524662
0.488943
0.45985
0.492707
0.538655
0.454285
0.521474
0.49939
0.487691
0.476751
0.508256
0.483149
0.532081
0.496215
0.51538
0.516383
0.481789
0.48357
0.475998
0.524532
0.464029
0.477672
0.512812
0.512127
0.484609
0.463296
0.486611
0.560176
0.515782
0.484633
0.509702
0.498558
0.531935
0.510887
0.467172
0.509068
0.481049
0.482902
0.513902
0.492908
0.474079
0.521248
0.466056
0.498265
0.488206
0.482674
0.480633
0.483911
0.467918
0.497127
0.486367
0.535817
0.466976
0.472551
0.457123
0.525592
0.514251
0.458109
0.460703
0.529231
0.458978
0.494387
0.47994
0.457323
0.510885
0.50513
0.499884
0.515583
0.50484
0.530186
0.478105
0.527431
0.457689
0.472301
0.520371
0.495481
0.548858
0.487135
0.51953
0.501229
0.520596
0.480138
0.532068
0.464171
0.48546
0.466669
0.517924
0.49294
0.507343
0.521668
0.49028
0.489182
0.510031
0.488333
0.471799
0.514568
0.498499
0.465213
0.512606
0.524987
0.519905
0.479042
0.526753
0.463387
0.463128
0.545005
0.533592
0.501261
0.499648
0.493185
0.486745
0.473279
0.479208
0.473109
0.496984
0.502405
0.418012
0.478849
0.469594
0.473773
0.494711
0.483507
0.517458
0.462105
0.492232
0.490313
0.486474
0.534229
0.456017
0.491504
0.520759
0.497779
0.468604
0.486776
0.524714
0.469175
0.496153
0.518999
0.563159
0.475862
0.516602
0.502133
0.477722
0.534446
0.536069
0.548457
0.498242
0.469986
0.477013
0.510487
0.455412
0.492329
0.548017
0.525833
0.460992
0.490183
0.442914
0.516864
0.47302
0.527525
0.540812
0.534959
0.516237
0.492351
0.445548
0.462528
0.50574
0.484337
0.482578
0.483322
0.540514
0.463309
0.495457
0.519045
0.491132
0.449088
0.46736
0.471463
0.513449
0.487857
0.452526
0.525173
0.520804
0.480349
0.467739
0.535579
0.51678
0.470367
0.506826
0.505431
0.497375
0.493174
0.496391
0.515262
0.446197
0.474495
0.495493
0.499089
0.512274
0.512122
0.525313
0.515651
0.473176
0.500742
0.439093
0.443145
0.534468
0.481429
0.4922
0.495595
0.501043
0.532632
0.474257
0.452694
0.539717
0.499316
0.489261
0.510815
0.53151
0.508418
0.467614
0.536961
0.524516
0.486975
0.570533
0.473344
0.48498
0.536287
0.529364
0.479084
0.538391
0.461404
0.499527
0.545904
0.519941
0.497146
0.453079
0.502596
0.502762
0.464832
0.509837
0.482215
0.52378
0.470163
0.481636
0.517403
0.544114
0.432075
0.457104
0.491554
0.479417
0.50232
0.507441
0.502874
0.503737
0.460768
0.471535
0.498265
0.539156
0.474341
0.518398
0.515532
0.565848
0.477995
0.53593
0.564228
0.489206
0.471447
0.509353
0.553657
0.470422
0.460448
0.524965
0.484653
0.505335
0.518485
0.512024
0.51097
0.466598
0.463822
0.45727
0.484916
0.512173
0.535064
0.484722
0.4764
0.557053
0.500769
0.512598
0.508488
0.48569
0.567444
0.516416
0.496787
0.513278
0.525318
0.482184
0.513355
0.53042
0.489994
0.518024
0.544213
0.4862
0.505238
0.531167
0.46666
0.460037
0.530136
0.48705
0.46951
0.456155
0.50247
0.507719
0.494677
0.4919
0.486813
0.519991
0.528304
0.480727
0.455283
0.524329
0.517511
0.503238
0.533561
0.510216
0.495845
0.458493
0.504461
0.532445
0.485334
0.53866
0.513401
0.477299
0.491679
0.511282
0.539369
0.472483
0.495237
0.545724
0.563852
0.457064
0.445075
0.527033
0.518392
0.516965
0.485189
0.487305
0.486444
0.509889
0.466971
0.509923
0.531785
0.465372
0.503885
0.526566
0.526215
0.538096
0.464035
0.513923
0.533609
0.485018
0.502643
0.482332
0.482781
0.481532
0.49528
0.490507
0.472988
0.533099
0.527832
0.489725
0.475636
0.513722
0.481532
0.500733
0.463534
0.470801
0.509676
0.512946
0.452453
0.539278
0.492881
0.446486
0.493379
0.481163
0.565603
0.484094
0.470247
0.5465
0.479077
0.485171
0.526845
0.438145
0.46367
0.453991
0.465341
0.467404
0.502708
0.546702
0.43237
0.475169
0.483923
0.507967
0.4692
0.490697
0.484814
0.501133
0.57991
0.517147
0.522905
0.561616
0.513253
0.531484
0.487446
0.479844
0.504639
0.520808
0.478865
0.488561
0.456947
0.504785
0.477519
0.502703
0.482329
0.473917
0.502574
0.494298
0.499359
0.508222
0.531151
0.578154
0.465436
0.484755
0.410969
0.487205
0.495787
0.482506
0.517539
0.462736
0.497466
0.459024
0.508231
0.51986
0.526826
0.516653
0.476232
0.511039
0.496813
0.502092
0.521217
0.500828
0.51856
0.518121
0.54155
0.486651
0.519852
0.47031
0.533512
0.489092
0.498538
0.486349
0.4827
0.529195
0.466659
0.485895
0.484732
0.480379
0.463364
0.511475
0.488012
0.512042
0.461321
0.495653
0.559021
0.516611
0.499773
0.498251
0.506548
0.479875
0.512412
0.494603
0.459067
0.516786
0.532169
0.488507
0.480186
0.474755
0.517766
0.561345
0.519257
0.529588
0.465724
0.463753
0.494127
0.503922
0.531326
0.462793
0.483985
0.485096
0.535195
0.482815
0.4836
0.532043
0.448384
0.551676
0.474446
0.544951
0.545716
0.537667
0.489416
0.525201
0.439166
0.510991
0.479573
0.497408
0.482949
0.49392
0.504831
0.523418
0.469286
0.425375
0.484171
0.475707
0.556015
0.500684
0.50104
0.503038
0.499196
0.52014
0.529589
0.515236
0.537777
0.597835
0.528479
0.509846
0.513346
0.50451
0.549653
0.486999
0.483094
0.516963
0.515917
0.508313
0.493363
0.51635
0.476908
0.471914
0.446805
0.445584
0.469213
0.481888
0.508168
0.531497
0.471573
0.502522
0.519232
0.522477
0.486417
0.503813
0.487514
0.471556
0.53794
0.535684
0.488168
0.485275
0.525757
0.527423
0.424043
0.469816
0.470312
0.511926
0.472323
0.45973
0.4879
0.509481
0.482556
0.475716
0.5229
0.484068
0.49237
0.543367
0.513697
0.459576
0.553766
0.474086
0.485466
0.499835
0.481769
0.514479
0.513507
0.503181
0.483411
0.516154
0.508802
0.510185
0.490677
0.560758
0.533978
0.525479
0.496201
0.545098
0.461536
0.537093
0.532333
0.500082
0.493083
0.517606
0.48765
0.459702
0.522048
0.471593
0.522396
0.489299
0.513972
0.506483
0.515457
0.475457
0.476647
0.514879
0.487821
0.495099
0.513112
0.513952
0.42568
0.523235
0.507504
0.502327
0.462934
0.464382
0.43799
0.500451
0.517552
0.50143
0.511179
0.512309
0.466482
0.539768
0.564519
0.502992
0.504361
0.478252
0.500909
0.508718
0.504503
0.499217
0.52411
0.47676
0.526447
0.456653
0.563191
0.50814
0.509983
0.476985
0.505244
0.504154
0.55592
0.485106
0.481522
0.519647
0.531336
0.506421
0.464198
0.514629
0.521321
0.5233
0.517503
0.517223
0.467847
0.513411
0.504434
0.543256
0.45405
0.482522
0.541864
0.541845
0.521316
0.442542
0.524003
0.4854
0.476951
0.426352
0.485311
0.462307
0.499226
0.466328
0.485152
0.509497
0.459057
0.508021
0.511429
0.490863
0.475862
0.54116
0.540186
0.509405
0.509097
0.506587
0.511226
0.491835
0.453882
0.541875
0.532452
0.522352
0.543935
0.524879
0.551257
0.508345
0.48997
0.490165
0.531177
0.508037
0.496741
0.467909
0.544588
0.494351
0.48425
0.510287
0.533729
0.438969
0.463246
0.471247
0.51622
0.516227
0.484272
0.508855
0.458717
0.501644
0.453071
0.494658
0.441945
0.520137
0.500461
0.493753
0.528182
0.482726
0.486675
0.437041
0.511913
0.498476
0.520993
0.500475
0.506977
0.513889
0.547081
0.50451
0.557579
0.480721
0.440203
0.582539
0.452293
0.493544
0.51914
0.54426
0.523018
0.491013
0.485676
0.475815
0.496108
0.53318
0.447656
0.482595
0.558928
0.446868
0.525286
0.524977
0.498187
0.470594
0.479329
0.456321
0.460021
0.500426
0.556559
0.533502
0.507127
0.481812
0.482029
0.492465
0.473808
0.495673
0.48679
0.47696
0.481742
0.528029
0.468538
0.472061
0.461149
0.512116
0.483473
0.462606
0.494976
0.503439
0.520473
0.539536
0.486288
0.537409
0.51068
0.526564
0.517332
0.474347
0.501692
0.500016
0.516406
0.558483
0.528126
0.473185
0.476669
0.409491
0.479112
0.522615
0.538112
0.442717
0.505743
0.479424
0.526081
0.47603
0.53241
0.518616
0.470593
0.49779
0.477677
0.470391
0.481366
0.525187
0.50272
0.479158
0.492525
0.570796
0.445746
0.470478
0.504492
0.476074
0.494006
0.467905
0.452163
0.464328
0.523437
0.457772
0.499274
0.47574
0.509385
0.539869
0.467387
0.479194
0.517671
0.497729
0.530333
0.508036
0.508289
0.468426
0.434815
0.460499
0.466608
0.465383
0.486245
0.473401
0.468916
0.538269
0.474452
0.485849
0.547909
0.453616
0.472654
0.526222
0.524042
0.492883
0.548675
0.481456
0.492906
0.508338
0.480928
0.515947
0.476858
0.530865
0.531686
0.503975
0.508291
0.509652
0.482814
0.492645
0.507051
0.496219
0.477962
0.472904
0.487963
0.501429
0.461381
0.527266
0.48601
0.443533
0.505489
0.500445
0.503825
0.489927
0.47338
0.481371
0.423564
0.489716
0.501999
0.492718
0.545372
0.47543
0.477991
0.500626
0.497296
0.529756
0.529711
0.548286
0.524023
0.539122
0.501792
0.530894
0.459055
0.504766
0.516446
0.506964
0.479256
0.520719
0.51959
0.445297
0.481881
0.516322
0.558331
0.533901
0.469674
0.520646
0.52565
0.535137
0.49416
0.511917
0.461638
0.48099
0.523232
0.533839
0.55964
0.537105
0.536404
0.512124
0.438665
0.469662
0.506969
0.490524
0.496514
0.513734
0.47967
0.490827
0.534892
0.476171
0.527644
0.532619
0.529359
0.493587
0.553197
0.515684
0.481997
0.462485
0.460817
0.502665
0.559081
0.4822
0.492453
0.486755
0.51367
0.522968
0.486949
0.545495
0.484673
0.454334
0.537375
0.457011
0.488488
0.499017
0.429261
0.471126
0.482617
0.442616
0.514172
0.509212
0.496464
0.460903
0.449117
0.540629
0.523847
0.537178
0.50266
0.539446
0.543251
0.538057
0.500839
0.425015
0.521521
0.55546
0.524689
0.528384
0.508274
0.466086
0.518932
0.450486
0.542702
0.500822
0.527824
0.497085
0.490464
0.520846
0.46679
0.53163
0.491899
0.543206
0.522015
0.50498
0.527572
0.416912
0.547066
0.497463
0.524257
0.53456
0.525621
0.443438
0.542395
0.479831
0.43996
0.553487
0.461012
0.526312
0.440693
0.519096
0.511609
0.518562
0.486793
0.496208
0.469709
0.495694
0.536085
0.506922
0.50021
0.486553
0.512302
0.504847
0.516484
0.47223
0.510479
0.503752
0.546946
0.516923
0.540231
0.478261
0.467587
0.495288
0.51607
0.498836
0.483446
0.499261
0.452824
0.463366
0.442139
0.538054
0.487206
0.468702
0.492088
0.472562
0.515979
0.504629
0.497988
0.512875
0.486898
0.449421
0.495024
0.500896
0.507879
0.542502
0.507346
0.497437
0.477693
0.500157
0.449088
0.485369
0.510021
0.461922
0.518751
0.480738
0.502006
0.507645
0.468672
0.528054
0.465661
0.470297
0.496742
0.462407
0.510594
0.532038
0.481009
0.520501
0.511782
0.537689
0.480451
0.468405
0.516455
0.490336
0.485629
0.481566
0.556785
0.55016
0.467215
0.530689
0.515033
0.484394
0.4621
0.426249
0.517204
0.520558
0.507084
0.457969
0.540175
0.486286
0.427523
0.499311
0.512826
0.429277
0.509013
0.489179
0.408933
0.464593
0.497579
0.514455
0.530715
0.51082
0.46932
0.500865
0.486834
0.490942
0.502275
0.541888
0.494694
0.530275
0.497861
0.43418
0.48889
0.49693
0.469887
0.474104
0.507978
0.50708
0.497207
0.496727
0.510187
0.54733
0.439922
0.541785
0.512712
0.521763
0.494961
0.509034
0.483472
0.456265
0.488295
0.508711
0.491273
0.494591
0.449183
0.534946
0.479799
0.518817
0.465224
0.466643
0.510288
0.483371
0.541745
0.509772
0.551827
0.481316
0.508731
0.468131
0.479417
0.500908
0.534286
0.499564
0.568006
0.469342
0.463935
0.497271
0.503036
0.530919
0.486258
0.569402
0.469463
0.493241
0.470713
0.56543
0.464063
0.534478
0.494434
0.548124
0.509983
0.496754
0.489609
0.511018
0.495237
0.50734
0.458052
0.491467
0.483089
0.505126
0.448248
0.469408
0.524289
0.451798
0.473647
0.455088
0.518819
0.494854
0.53782
0.471121
0.475507
0.454974
0.448453
0.503501
0.466374
0.488002
0.531588
0.503446
0.471313
0.548759
0.551086
0.480478
0.487437
0.489799
0.534667
0.482685
0.493547
0.494871
0.523094
0.510993
0.468513
0.509027
0.476709
0.491254
0.475251
0.511806
0.454783
0.494331
0.509275
0.506465
0.486445
0.545877
0.459858
0.518715
0.483567
0.462498
0.497473
0.50745
0.519387
0.450183
0.455752
0.514537
0.512951
0.507619
0.429562
0.510411
0.467347
0.476999
0.490283
0.489001
0.515093
0.53652
0.48979
0.523974
0.510749
0.532707
0.518418
0.525368
0.539722
0.500247
0.519102
0.481064
0.522085
0.518036
0.507264
0.523097
0.497061
0.48078
0.518789
0.519168
0.471179
0.456699
0.428865
0.521884
0.452211
0.496753
0.492411
0.511747
0.480293
0.465322
0.439676
0.496793
0.503333
0.494506
0.453118
0.476522
0.529439
0.495136
0.436305
0.537508
0.495777
0.530339
0.462099
0.51218
0.519595
0.487938
0.503128
0.522989
0.499176
0.514363
0.497446
0.485796
0.4839
0.495853
0.498529
0.456109
0.484345
0.505863
0.481368
0.489075
0.524206
0.516475
0.512592
0.501133
0.421694
0.494654
0.527225
0.502272
0.532739
0.481968
0.510153
0.520172
0.462674
0.502399
0.476499
0.510454
0.515952
0.502779
0.529243
0.493031
0.550655
0.562414
0.479373
0.527538
0.499992
0.493604
0.436019
0.518159
0.507447
0.476019
0.521203
0.50931
0.444571
0.491312
0.543385
0.520665
0.446555
0.508013
0.540763
0.517436
0.474328
0.541544
0.461614
0.536685
0.534048
0.493385
0.524715
0.522239
0.484178
0.482747
0.505333
0.50163
0.502832
0.521912
0.516388
0.532789
0.517421
0.453424
0.502386
0.533134
0.465911
0.516815
0.4455
0.498672
0.482771
0.510422
0.506127
0.507834
0.529073
0.558184
0.549082
0.528534
0.458803
0.503105
0.543829
0.554336
0.503314
0.481415
0.482452
0.476321
0.491638
0.510286
0.519963
0.513067
0.522104
0.475421
0.502662
0.506893
0.54406
0.473845
0.554218
0.536938
0.488489
0.524926
0.465459
0.508476
0.561568
0.464952
0.4602
0.505071
0.531842
0.485669
0.51038
0.480204
0.473257
0.495893
0.481866
0.475084
0.523923
0.520892
0.477202
0.468771
0.442707
0.462485
0.510829
0.497743
0.478768
0.501995
0.510549
0.509023
0.46646
0.479129
0.558771
0.501043
0.510734
0.475793
0.468078
0.479044
0.544963
0.470558
0.505279
0.529086
0.509919
0.525331
0.481222
0.491151
0.523232
0.491386
0.492543
0.57439
0.473982
0.420748
0.516105
0.505918
0.465817
0.496587
0.504422
0.480539
0.510244
0.491205
0.475798
0.447181
0.492986
0.483061
0.508474
0.48539
0.521805
0.488433
0.473702
0.501734
0.522425
0.544481
0.465678
0.503305
0.516233
0.486989
0.501437
0.488212
0.503047
0.578655
0.493623
0.49818
0.53525
0.545819
0.543196
0.465445
0.484879
0.48863
0.475062
0.457308
0.478665
0.510294
0.472139
0.471336
0.501333
0.485864
0.504812
0.489407
0.475659
0.453374
0.502958
0.49911
0.497505
0.495747
0.454079
0.56841
0.461364
0.519129
0.518393
0.488547
0.520495
0.49284
0.552379
0.48792
0.486519
0.441339
0.466018
0.545614
0.415079
0.465208
0.463316
0.479487
0.482845
0.484455
0.535241
0.534671
0.490416
0.494251
0.501584
0.491155
0.476609
0.483714
0.483054
0.553223
0.550818
0.44849
0.55463
0.491026
0.497698
0.515752
0.540647
0.49996
0.575928
0.516765
0.533541
0.503833
0.501358
0.560566
0.521613
0.472618
0.523047
0.498359
0.473783
0.536836
0.514622
0.440234
0.496048
0.572968
0.546634
0.504586
0.537533
0.514599
0.48926
0.489305
0.493457
0.462022
0.487396
0.448406
0.535422
0.540518
0.527954
0.466331
0.500958
0.509336
0.505702
0.485661
0.536616
0.486226
0.510239
0.485525
0.501889
0.506048
0.471406
0.523579
0.462258
0.478306
0.519579
0.502059
0.44349
0.492109
0.514509
0.479184
0.448354
0.455003
0.522825
0.464064
0.480952
0.523893
0.47843
0.532323
0.530338
0.533918
0.528098
0.508911
0.528695
0.459213
0.510009
0.485028
0.552583
0.474948
0.467034
0.550883
0.558362
0.512499
0.41769
0.470957
0.492269
0.451024
0.53213
0.501891
0.526566
0.49371
0.451702
0.455725
0.548074
0.492449
0.509806
0.516407
0.484065
0.500317
0.537373
0.470909
0.530281
0.518976
0.484613
0.506316
0.471604
0.522473
0.465077
0.491615
0.52996
0.516978
0.489892
0.490943
0.516272
0.517286
0.517641
0.519442
0.510994
0.457408
0.484993
0.502005
0.495805
0.488875
0.518402
0.509801
0.529813
0.473486
0.489059
0.452806
0.536871
0.516659
0.510424
0.524489
0.523774
0.49534
0.516162
0.475496
0.566955
0.455158
0.519746
0.467524
0.500247
0.512126
0.506486
0.48977
0.508072
0.504301
0.48288
0.524225
0.504543
0.51041
0.543033
0.460893
0.4941
0.450071
0.451091
0.470585
0.51591
0.530898
0.47323
0.47448
0.572169
0.531078
0.471386
0.522
0.446931
0.513856
0.489615
0.509992
0.522068
0.477417
0.426425
0.517446
0.542751
0.456873
0.473638
0.564436
0.486295
0.483977
0.472951
0.517256
0.492626
0.486876
0.481475
0.49229
0.57692
0.52114
0.510682
0.469625
0.497434
0.471599
0.520567
0.517196
0.454039
0.521561
0.510903
0.523064
0.482817
0.473991
0.500452
0.475523
0.504206
0.512565
0.506411
0.479015
0.548775
0.536323
0.481316
0.521392
0.4858
0.519398
0.511748
0.490881
0.48259
0.509035
0.458502
0.517331
0.501893
0.495423
0.485036
0.482758
0.503067
0.472655
0.521104
0.514212
0.529768
0.481088
0.490063
0.523189
0.440163
0.489392
0.47755
0.458706
0.509851
0.464284
0.4996
0.486287
0.485189
0.434291
0.461011
0.525963
0.505381
0.51051
0.528302
0.464603
0.482829
0.494118
0.522221
0.549824
0.517766
0.49202
0.475852
0.555163
0.457354
0.51543
0.467224
0.532331
0.461156
0.480914
0.488386
0.502098
0.451476
0.531557
0.532331
0.508896
0.473351
0.511935
0.538559
0.51635
0.507377
0.541507
0.488484
0.524976
0.528761
0.466482
0.521959
0.514971
0.485576
0.482092
0.502004
0.444661
0.522742
0.520166
0.549927
0.549522
0.458344
0.487856
0.528597
0.501086
0.495195
0.511985
0.466179
0.435169
0.520505
0.55164
0.512297
0.46315
0.474941
0.494003
0.516979
0.529056
0.491551
0.521951
0.520891
0.542501
0.514962
0.516169
0.471923
0.488594
0.479066
0.491528
0.534208
0.519338
0.472188
0.541736
0.504801
0.507318
0.524589
0.474825
0.49149
0.475053
0.454117
0.52447
0.511273
0.558023
0.519103
0.480374
0.538933
0.474319
0.53814
0.549663
0.482501
0.509874
0.486451
0.547311
0.518282
0.488726
0.51804
0.496718
0.491176
0.488274
0.499071
0.483588
0.502266
0.508615
0.465721
0.501878
0.52877
0.483252
0.471532
0.486716
0.502454
0.479281
0.494832
0.545423
0.500128
0.474214
0.563441
0.506129
0.469989
0.482264
0.496527
0.498473
0.523921
0.485874
0.534409
0.509566
0.519474
0.511953
0.476204
0.540289
0.494778
0.502274
0.519815
0.474139
0.471158
0.49229
0.433665
0.527765
0.515274
0.482789
0.497257
0.546035
0.446385
0.507856
0.487724
0.494571
0.503317
0.45606
0.459618
0.551081
0.456133
0.478197
0.499885
0.498191
0.512767
0.514832
0.501797
0.551693
0.4923
0.493721
0.50031
0.518902
0.522531
0.536705
0.504261
0.513996
0.526249
0.446104
0.482893
0.535477
0.541664
0.482825
0.457629
0.532189
0.478959
0.545583
0.474834
0.458222
0.545386
0.438589
0.538629
0.465521
0.521983
0.502146
0.499723
0.520719
0.479247
0.467462
0.548847
0.476502
0.488235
0.527054
0.511721
0.507415
0.436032
0.511035
0.543778
0.507281
0.516511
0.455769
0.462027
0.525002
0.46234
0.505482
0.520793
0.51438
0.553449
0.482796
0.48741
0.491305
0.529088
0.48662
0.500722
0.490277
0.481512
0.483546
0.504177
0.436167
0.47258
0.482774
0.478841
0.483591
0.511393
0.487829
0.549555
0.514617
0.460091
0.516728
0.517173
0.487915
0.522113
0.494124
0.496034
0.533372
0.516266
0.485026
0.491063
0.492623
0.501905
0.483291
0.482841
0.497529
0.453987
0.504956
0.459119
0.467268
0.457828
0.514955
0.472281
0.495049
0.485698
0.526552
0.496684
0.504433
0.481902
0.539278
0.467295
0.502455
0.508524
0.489011
0.509108
0.504233
0.536391
0.501407
0.540176
0.515911
0.468859
0.467913
0.462171
0.486898
0.52072
0.52539
0.500956
0.517667
0.509446
0.521716
0.533119
0.468178
0.487331
0.488896
0.507612
0.528598
0.484322
0.442965
0.566848
0.505578
0.483653
0.499607
0.478786
0.503385
0.45433
0.461755
0.477888
0.541722
0.432189
0.528665
0.503351
0.455622
0.448256
0.515955
0.489907
0.514414
0.500563
0.48612
0.489704
0.515971
0.501983
0.484779
0.450573
0.561263
0.518237
0.497821
0.511315
0.51721
0.450413
0.499293
0.49069
0.479994
0.516424
0.532744
0.513597
0.515839
0.474231
0.465494
0.482623
0.493886
0.522577
0.484278
0.460801
0.500685
0.535952
0.472617
0.46412
0.515009
0.520694
0.568528
0.570209
0.504708
0.517007
0.531366
0.509735
0.516272
0.493494
0.497202
0.504501
0.517008
0.490002
0.513789
0.483148
0.526519
0.502377
0.48221
0.501762
0.49783
0.557597
0.518558
0.529767
0.471233
0.485945
0.523614
0.486198
0.490093
0.521814
0.532433
0.500102
0.484666
0.46765
0.502111
0.491197
0.476816
0.544923
0.490733
0.540486
0.477502
0.458051
0.491748
0.470016
0.474541
0.515391
0.486655
0.528806
0.487444
0.526937
0.44812
0.477901
0.468672
0.469739
0.471337
0.509027
0.538394
0.525469
0.441809
0.473101
0.507401
0.533471
0.463553
0.469345
0.537164
0.498303
0.496378
0.502802
0.516696
0.481616
0.580001
0.454935
0.494975
0.480521
0.534745
0.483595
0.459594
0.521729
0.454154
0.547346
0.544227
0.494035
0.517299
0.514705
0.51883
0.529583
0.473671
0.498661
0.459356
0.512956
0.419665
0.515797
0.542612
0.480081
0.493408
0.509671
0.493844
0.5173
0.477535
0.509742
0.479122
0.503312
0.503105
0.527398
0.553738
0.45921
0.520521
0.524375
0.486135
0.507965
0.555838
0.468361
0.551317
0.445736
0.486533
0.485808
0.497894
0.501712
0.505358
0.530128
0.480833
0.487059
0.532685
0.459502
0.502176
0.530467
0.427508
0.494743
0.521507
0.518873
0.508291
0.523873
0.496273
0.525809
0.54287
0.493743
0.46129
0.492517
0.51004
0.564801
0.491382
0.492175
0.474903
0.48555
0.488121
0.506238
0.498942
0.468023
0.530675
0.51279
0.499798
0.502136
0.533748
0.505872
0.50322
0.519957
0.467124
0.495633
0.53136
0.442942
0.488433
0.513029
0.490799
0.506121
0.5729
0.498086
0.506208
0.51012
0.433136
0.503722
0.489613
0.559894
0.442992
0.491265
0.461675
0.520291
0.439079
0.420242
0.493474
0.492961
0.501433
0.542359
0.49075
0.494054
0.452855
0.483898
0.485754
0.512376
0.579322
0.485656
0.525508
0.435626
0.528528
0.516104
0.452708
0.447782
0.499607
0.530287
0.472447
0.53106
0.516461
0.490136
0.422744
0.465902
0.514383
0.445048
0.450213
0.484582
0.491879
0.505708
0.487527
0.448024
0.476222
0.488004
0.492222
0.458693
0.514472
0.443389
0.465301
0.529791
0.475849
0.480946
0.54371
0.484762
0.423592
0.525708
0.506354
0.481201
0.454267
0.526079
0.474779
0.466949
0.491932
0.456633
0.485091
0.468315
0.488174
0.524693
0.498041
0.483361
0.513786
0.470971
0.4627
0.476766
0.513364
0.514906
0.591483
0.494477
0.462347
0.500067
0.498937
0.520757
0.481505
0.477892
0.474222
0.539935
0.463719
0.52003
0.461066
0.47983
0.501552
0.479384
0.534837
0.470882
0.503627
0.493555
0.55256
0.479274
0.487752
0.455558
0.499008
0.5062
0.496099
0.526247
0.473662
0.478639
0.51205
0.539757
0.505204
0.536978
0.521651
0.543214
0.530452
0.446438
0.549439
0.508868
0.494224
0.494723
0.465812
0.461529
0.468601
0.527651
0.510602
0.43549
0.500392
0.534886
0.507086
0.488993
0.512521
0.514331
0.496965
0.514386
0.519261
0.518378
0.466738
0.459502
0.510149
0.518109
0.499061
0.469061
0.458715
0.529829
0.501085
0.480143
0.488129
0.537065
0.509901
0.486633
0.517364
0.482462
0.510233
0.504992
0.511704
0.487982
0.450803
0.546533
0.486181
0.535522
0.495485
0.545441
0.528146
0.458606
0.507939
0.510888
0.536361
0.531319
0.540949
0.576705
0.562087
0.493141
0.49362
0.5218
0.528398
0.495012
0.483128
0.515038
0.525647
0.497776
0.51713
0.483086
0.534422
0.451372
0.495571
0.499974
0.535795
0.391656
0.485705
0.481356
0.517858
0.518859
0.413941
0.450826
0.505878
0.462306
0.507023
0.49369
0.491509
0.462417
0.520137
0.526449
0.507837
0.483076
0.450361
0.506485
0.527196
0.482521
0.472391
0.502171
0.53611
0.49382
0.534349
0.452412
0.497109
0.549068
0.541538
0.537606
0.513772
0.544578
0.475052
0.44974
0.479066
0.504826
0.521938
0.453916
0.516018
0.575621
0.528851
0.530662
0.504903
0.474226
0.478828
0.41895
0.445573
0.52586
0.52043
0.532573
0.453251
0.529401
0.462118
0.4835
0.519197
0.545148
0.506904
0.508594
0.524981
0.486438
0.489989
0.521784
0.483954
0.494644
0.504949
0.521015
0.551638
0.520936
0.543879
0.554098
0.486446
0.492997
0.46854
0.483623
0.484222
0.553033
0.419745
0.499424
0.527771
0.494671
0.50071
0.576262
0.521671
0.51816
0.52879
0.50063
0.511447
0.500365
0.543511
0.507303
0.515488
0.490901
0.504072
0.49473
0.461133
0.508058
0.506144
0.497045
0.498926
0.49539
0.537759
0.455533
0.519458
0.486788
0.492003
0.487414
0.506228
0.506799
0.497022
0.515833
0.468837
0.463903
0.561168
0.510668
0.519412
0.504558
0.514869
0.52116
0.479655
0.520074
0.505641
0.472163
0.48714
0.479043
0.53549
0.486928
0.430764
0.494998
0.48044
0.469581
0.442245
0.499549
0.511974
0.505688
0.551732
0.530271
0.504395
0.483351
0.481502
0.492482
0.507535
0.521012
0.575851
0.524536
0.480328
0.460363
0.493294
0.52477
0.509664
0.519401
0.457405
0.539579
0.505025
0.485391
0.525803
0.458616
0.519904
0.491437
0.496271
0.494679
0.495233
0.531998
0.470453
0.489785
0.47024
0.478239
0.497421
0.52005
0.506678
0.477054
0.482298
0.512728
0.470358
0.489163
0.472441
0.488874
0.498873
0.520304
0.541137
0.471923
0.478314
0.501467
0.504721
0.520975
0.549279
0.522811
0.524114
0.469927
0.45045
0.502573
0.499484
0.579777
0.506171
0.535406
0.492649
0.508709
0.514653
0.460354
0.514365
0.547823
0.520314
0.490649
0.503525
0.461943
0.524351
0.506735
0.465778
0.544667
0.491362
0.499121
0.486026
0.502011
0.46891
0.514741
0.520848
0.524603
0.445664
0.523242
0.474029
0.44659
0.499385
0.548978
0.484198
0.520234
0.477941
0.479126
0.524
0.555769
0.506856
0.504347
0.523437
0.491533
0.540082
0.469342
0.516852
0.471734
0.533862
0.527669
0.516701
0.508595
0.506087
0.526793
0.443696
0.469181
0.497729
0.501723
0.510152
0.489888
0.472965
0.512267
0.472491
0.525663
0.477859
0.521049
0.432857
0.486436
0.47318
0.495555
0.524688
0.497227
0.527349
0.473705
0.541006
0.515893
0.485022
0.492375
0.447943
0.535732
0.482564
0.463023
0.532962
0.479137
0.493041
0.456693
0.483046
0.510397
0.512598
0.528245
0.55115
0.485551
0.511492
0.53037
0.460222
0.487149
0.513808
0.522756
0.486361
0.491768
0.509512
0.489398
0.491989
0.485508
0.472912
0.543501
0.494526
0.462274
0.457501
0.538351
0.516809
0.503784
0.475413
0.494973
0.465596
0.508817
0.510016
0.472008
0.509778
0.459478
0.484388
0.48606
0.518664
0.499188
0.481216
0.495448
0.463644
0.48288
0.517977
0.497823
0.477008
0.454542
0.524705
0.441272
0.47547
0.44793
0.562158
0.515165
0.441254
0.557989
0.500403
0.514937
0.551294
0.495524
0.478728
0.475184
0.498423
0.495811
0.496832
0.486535
0.443157
0.460513
0.516624
0.519819
0.499099
0.466236
0.508018
0.489705
0.469922
0.454776
0.488062
0.460292
0.514545
0.519302
0.509965
0.525697
0.535317
0.504799
0.499208
0.465649
0.560093
0.494933
0.472453
0.49294
0.533678
0.483314
0.528402
0.52756
0.540668
0.504947
0.48768
0.499852
0.495901
0.470645
0.543224
0.498402
0.498843
0.448303
0.508073
0.480917
0.525135
0.432475
0.510986
0.539462
0.445358
0.477498
0.55134
0.523448
0.473782
0.476886
0.505496
0.460947
0.456553
0.507606
0.441653
0.504762
0.410409
0.514569
0.476234
0.565368
0.472705
0.548066
0.5216
0.526866
0.467191
0.422237
0.524366
0.460648
0.495802
0.570884
0.530354
0.418067
0.495565
0.540339
0.52329
0.479194
0.454782
0.507546
0.539259
0.48829
0.469762
0.542281
0.579692
0.454009
0.560844
0.530514
0.536852
0.497223
0.51496
0.493445
0.494388
0.50274
0.514934
0.523764
0.501077
0.49173
0.488813
0.514411
0.480477
0.505437
0.464046
0.550437
0.477259
0.531362
0.542122
0.533838
0.459653
0.451606
0.492529
0.544253
0.496193
0.50809
0.496494
0.492614
0.515755
0.527017
0.509094
0.484938
0.477439
0.478765
0.463813
0.521913
0.487972
0.450542
0.469775
0.50651
0.528762
0.516142
0.514415
0.493957
0.484345
0.506165
0.491594
0.500853
0.513371
0.496626
0.467884
0.465305
0.479542
0.515126
0.531256
0.527622
0.49244
0.490294
0.532388
0.468659
0.469113
0.46804
0.527687
0.475084
0.481159
0.491032
0.455559
0.450202
0.585751
0.506626
0.48679
0.525135
0.45233
0.492013
0.491902
0.465625
0.501359
0.469583
0.511311
0.469285
0.482333
0.524058
0.508766
0.479068
0.441979
0.536936
0.498244
0.45103
0.490038
0.551791
0.504967
0.465309
0.540959
0.522066
0.510728
0.483604
0.520054
0.464817
0.503137
0.526618
0.518979
0.470454
0.460932
0.5107
0.537442
0.478517
0.508939
0.461788
0.517875
0.499018
0.464942
0.511357
0.521855
0.461378
0.477317
0.485958
0.538437
0.489777
0.460211
0.528782
0.484802
0.443144
0.497953
0.495924
0.470682
0.456407
0.470638
0.486493
0.524536
0.420394
0.489185
0.526736
0.488354
0.472095
0.483915
0.493737
0.488852
0.473509
0.5116
0.481476
0.497704
0.461961
0.480262
0.465753
0.546846
0.541338
0.519634
0.547191
0.463861
0.533142
0.461242
0.503039
0.486479
0.507199
0.491459
0.486059
0.526418
0.470479
0.531866
0.497364
0.525573
0.542214
0.474522
0.461975
0.459104
0.435602
0.518714
0.500863
0.479627
0.509321
0.576121
0.518795
0.466724
0.49204
0.511354
0.548175
0.520664
0.443612
0.465413
0.487622
0.495813
0.48883
0.473854
0.530124
0.527043
0.482066
0.505317
0.496565
0.503725
0.489955
0.537732
0.55109
0.485009
0.467992
0.489759
0.557537
0.514193
0.49676
0.487183
0.520774
0.538498
0.582932
0.503792
0.520709
0.545626
0.485359
0.482014
0.474678
0.474501
0.471063
0.521111
0.488381
0.481744
0.48089
0.513178
0.546198
0.477099
0.548483
0.495529
0.516064
0.482389
0.4853
0.51039
0.496835
0.494009
0.472147
0.500024
0.499729
0.525656
0.465207
0.500805
0.549611
0.505328
0.500519
0.518971
0.484209
0.500768
0.451218
0.492281
0.54438
0.474884
0.470378
0.466242
0.478876
0.544387
0.469928
0.514266
0.482315
0.490421
0.471542
0.553843
0.472797
0.501343
0.474673
0.553922
0.490444
0.529621
0.463639
0.492823
0.542657
0.484056
0.500939
0.494564
0.465699
0.49472
0.446371
0.510219
0.472844
0.473176
0.507205
0.558083
0.521546
0.519306
0.527088
0.492799
0.488177
0.50528
0.511796
0.522531
0.528851
0.486617
0.516805
0.440448
0.495853
0.511728
0.471206
0.550554
0.476217
0.449472
0.488167
0.439021
0.504295
0.456068
0.485177
0.473939
0.503664
0.467731
0.53619
0.514564
0.482644
0.495648
0.548663
0.514026
0.487051
0.499983
0.464954
0.477795
0.475773
0.50641
0.500649
0.497303
0.519306
0.50191
0.51078
0.509807
0.50577
0.468064
0.484664
0.489993
0.45806
0.514584
0.504746
0.426946
0.50193
0.480183
0.515623
0.46503
0.487926
0.531726
0.504758
0.484887
0.527397
0.568
0.492533
0.499289
0.519211
0.51573
0.489733
0.548931
0.531703
0.519984
0.526388
0.498513
0.533485
0.48805
0.485787
0.4796
0.504507
0.457551
0.54747
0.541897
0.500004
0.54032
0.496659
0.539622
0.506978
0.510546
0.526078
0.497805
0.475565
0.488354
0.517986
0.520438
0.503321
0.500426
0.445574
0.466653
0.513995
0.461971
0.477318
0.513393
0.536062
0.486325
0.516467
0.456505
0.540052
0.489355
0.429183
0.502804
0.474797
0.4375
0.495116
0.471463
0.446103
0.525444
0.476788
0.465126
0.499184
0.558913
0.540446
0.502468
0.488557
0.479637
0.489335
0.50047
0.543096
0.51499
0.466952
0.514661
0.46461
0.538862
0.496252
0.519769
0.447886
0.46989
0.50208
0.52497
0.508454
0.557863
0.516979
0.532891
0.428872
0.500883
0.510936
0.498143
0.519707
0.509321
0.517308
0.480068
0.480188
0.544732
0.481103
0.438959
0.4954
0.472206
0.530608
0.541006
0.449281
0.52524
0.495212
0.522887
0.510463
0.517553
0.474616
0.493094
0.503404
0.493419
0.518726
0.527003
0.550231
0.486629
0.521817
0.522154
0.526564
0.480007
0.475268
0.497489
0.542109
0.48723
0.523775
0.5262
0.466469
0.463351
0.531651
0.519577
0.462095
0.489639
0.517126
0.554721
0.4871
0.473946
0.489617
0.450347
0.45549
0.514563
0.511298
0.503018
0.503674
0.530205
0.50114
0.504293
0.519692
0.521127
0.515331
0.543156
0.462782
0.498321
0.548981
0.496112
0.51057
0.543806
0.523567
0.500143
0.491664
0.462355
0.544038
0.494724
0.462519
0.492941
0.497271
0.503961
0.506608
0.458964
0.495867
0.557024
0.465872
0.504288
0.511629
0.4851
0.461588
0.484485
0.542608
0.499424
0.493966
0.458793
0.534881
0.493307
0.504357
0.500337
0.471381
0.489778
0.485712
0.474611
0.528721
0.496249
0.488266
0.456017
0.530061
0.531781
0.478163
0.509142
0.516407
0.526874
0.504222
0.527227
0.456193
0.48852
0.517118
0.529628
0.477397
0.515228
0.508256
0.469968
0.508655
0.451321
0.472435
0.506678
0.504658
0.492563
0.506276
0.449687
0.452491
0.474621
0.538294
0.475825
0.473127
0.482578
0.478689
0.467888
0.487236
0.4771
0.537251
0.498017
0.495175
0.45668
0.463645
0.506859
0.493825
0.513837
0.460522
0.470743
0.511242
0.497161
0.498758
0.506474
0.485101
0.463797
0.475536
0.477245
0.501173
0.484251
0.487274
0.505297
0.489706
0.531488
0.505357
0.472059
0.524111
0.510006
0.515715
0.471503
0.539048
0.501133
0.453227
0.546937
0.532167
0.464052
0.546143
0.497413
0.511831
0.49628
0.559005
0.481936
0.475414
0.5232
0.487281
0.494707
0.480503
0.497249
0.462939
0.512269
0.483111
0.46902
0.504817
0.475686
0.468823
0.493397
0.49575
0.552304
0.498385
0.514457
0.522312
0.48921
0.509579
0.48667
0.492625
0.493846
0.46097
0.472634
0.470215
0.458235
0.50634
0.547483
0.472315
0.496652
0.504916
0.527982
0.521623
0.469152
0.532965
0.51346
0.511102
0.484882
0.495564
0.541917
0.509448
0.551401
0.499449
0.466137
0.525021
0.513994
0.522373
0.482259
0.510827
0.459133
0.522501
0.54022
0.45231
0.488352
0.491585
0.477673
0.46063
0.534956
0.494129
0.484564
0.521623
0.500612
0.48502
0.525395
0.477075
0.509092
0.521323
0.503536
0.530198
0.539729
0.478644
0.452584
0.468513
0.52556
0.484778
0.501977
0.479699
0.575202
0.566914
0.488626
0.531561
0.560253
0.494454
0.546503
0.45609
0.480957
0.486229
0.517789
0.506838
0.494102
0.494598
0.540405
0.463473
0.503067
0.523153
0.528629
0.50968
0.497757
0.450708
0.508966
0.460421
0.471256
0.51046
0.438586
0.499264
0.522533
0.465747
0.506511
0.480932
0.514952
0.496342
0.439261
0.440706
0.525616
0.442793
0.506073
0.490713
0.490405
0.499497
0.459856
0.470761
0.495838
0.526107
0.477053
0.523124
0.496178
0.495165
0.503337
0.468862
0.549593
0.482481
0.485805
0.497664
0.500119
0.504484
0.481861
0.481332
0.484745
0.459568
0.498619
0.517514
0.511667
0.501931
0.555093
0.487669
0.483665
0.517715
0.456065
0.45123
0.539151
0.492915
0.467019
0.493951
0.554828
0.506693
0.442247
0.487258
0.49252
0.455966
0.433936
0.479435
0.475657
0.538546
0.471988
0.52857
0.507726
0.531277
0.548295
0.518578
0.437599
0.522631
0.473564
0.468285
0.549733
0.479731
0.490131
0.451766
0.487702
0.468754
0.464069
0.465735
0.466964
0.533859
0.509829
0.494136
0.489229
0.489169
0.509074
0.55606
0.500713
0.494543
0.493022
0.472981
0.477137
0.530038
0.467757
0.504965
0.518888
0.514602
0.500421
0.450321
0.482529
0.487786
0.489203
0.533896
0.514192
0.512764
0.472443
0.528289
0.553465
0.515657
0.555122
0.489485
0.482652
0.44885
0.520507
0.531125
0.497799
0.490587
0.588748
0.534689
0.529177
0.473348
0.493913
0.468615
0.497001
0.46038
0.579228
0.547659
0.512617
0.481905
0.503244
0.511936
0.528181
0.505997
0.545331
0.477965
0.51356
0.547603
0.488266
0.503952
0.494841
0.503634
0.491838
0.478388
0.483904
0.521225
0.490331
0.462102
0.525142
0.456081
0.56651
0.5341
0.488009
0.502063
0.546322
0.473106
0.499763
0.522723
0.525071
0.469624
0.531028
0.529175
0.493194
0.494829
0.539707
0.452374
0.466144
0.517592
0.550769
0.515324
0.499236
0.521711
0.507696
0.492982
0.477647
0.481871
0.52527
0.473183
0.520152
0.476285
0.495069
0.527087
0.49066
0.511263
0.488993
0.48574
0.495147
0.550393
0.509381
0.461757
0.546322
0.488552
0.476379
0.560179
0.460199
0.455791
0.506199
0.536575
0.535832
0.503262
0.492236
0.496835
0.522744
0.464956
0.451837
0.513079
0.503172
0.515119
0.474257
0.442207
0.484024
0.518968
0.502088
0.483932
0.524706
0.508746
0.483725
0.487317
0.552392
0.520462
0.455278
0.479897
0.499315
0.488777
0.506232
0.540064
0.472886
0.485721
0.526236
0.49759
0.487292
0.528116
0.48505
0.512573
0.545419
0.461084
0.511088
0.480767
0.505726
0.510695
0.475554
0.471858
0.505977
0.504931
0.51102
0.462806
0.502647
0.513674
0.479871
0.474503
0.512213
0.497605
0.466485
0.537845
0.441745
0.492587
0.466738
0.503348
0.466904
0.557727
0.471564
0.512895
0.453975
0.526594
0.522298
0.496587
0.539733
0.504439
0.541504
0.503092
0.52193
0.519528
0.473377
0.526949
0.519895
0.521227
0.524735
0.547103
0.517373
0.526061
0.495545
0.491048
0.52908
0.518049
0.523915
0.509526
0.471849
0.470894
0.524049
0.516274
0.436378
0.434601
0.538893
0.511981
0.564843
0.482466
0.476499
0.494989
0.513731
0.538634
0.507704
0.504435
0.503465
0.50128
0.491948
0.443087
0.472536
0.50935
0.520018
0.513139
0.532194
0.486527
0.491815
0.50238
0.459078
0.506966
0.460754
0.521399
0.500718
0.543294
0.543855
0.543544
0.518481
0.49567
0.499832
0.504261
0.502467
0.516221
0.521177
0.578776
0.493891
0.548246
0.497325
0.478008
0.465942
0.544086
0.544089
0.530596
0.509664
0.496769
0.58156
0.520243
0.485495
0.503377
0.523333
0.525621
0.494325
0.494855
0.520987
0.486146
0.507732
0.567494
0.509043
0.489429
0.511137
0.553024
0.508932
0.541348
0.50424
0.501844
0.54055
0.531039
0.471105
0.499882
0.543609
0.481725
0.470897
0.493675
0.497948
0.522814
0.475316
0.527843
0.514069
0.495228
0.488513
0.489064
0.477089
0.483973
0.500511
0.473294
0.516039
0.540729
0.509115
0.498113
0.515483
0.493249
0.483842
0.547114
0.539867
0.493713
0.546718
0.502965
0.45735
0.498538
0.499781
0.482627
0.566106
0.458458
0.500918
0.491855
0.491848
0.49876
0.524188
0.494108
0.492511
0.491229
0.546238
0.536022
0.519291
0.525488
0.467571
0.500078
0.529547
0.488833
0.509628
0.454867
0.465943
0.529236
0.521619
0.431725
0.439737
0.511715
0.473085
0.448375
0.488763
0.527649
0.49008
0.487862
0.529513
0.500655
0.527886
0.504382
0.577259
0.470184
0.497147
0.503939
0.460474
0.500929
0.501447
0.451876
0.490371
0.566204
0.533481
0.533722
0.530255
0.477671
0.44737
0.530114
0.512121
0.480764
0.41209
0.488333
0.50149
0.471004
0.473747
0.496932
0.490499
0.5047
0.52327
0.498457
0.460629
0.539342
0.504353
0.518204
0.509897
0.502987
0.469871
0.541592
0.476658
0.494141
0.511852
0.564031
0.488114
0.487661
0.531171
0.467345
0.543038
0.499174
0.501716
0.555792
0.504807
0.498958
0.485677
0.519827
0.54448
0.492301
0.500043
0.461824
0.478982
0.450666
0.470206
0.517342
0.513439
0.517496
0.488034
0.538071
0.478949
0.493016
0.534608
0.485613
0.469488
0.509785
0.440381
0.473626
0.458912
0.488789
0.478572
0.491924
0.488041
0.475553
0.514378
0.469714
0.502171
0.475679
0.478929
0.503608
0.463139
0.485559
0.50109
0.504226
0.501667
0.540251
0.522939
0.495451
0.412318
0.517795
0.509434
0.512532
0.464419
0.426234
0.455068
0.486629
0.479852
0.482225
0.49858
0.438873
0.537147
0.512177
0.521789
0.528929
0.507956
0.489233
0.503589
0.491254
0.476173
0.51088
0.440968
0.504068
0.55378
0.508485
0.523746
0.536316
0.505487
0.455334
0.499446
0.509041
0.48337
0.50474
0.522589
0.519297
0.542607
0.513268
0.514432
0.534509
0.501971
0.521992
0.443144
0.527766
0.53269
0.444707
0.491386
0.452328
0.503412
0.547167
0.50141
0.506397
0.587097
0.484341
0.543069
0.494437
0.489525
0.479453
0.515703
0.453673
0.493413
0.492805
0.471487
0.556387
0.503884
0.551157
0.468945
0.509983
0.469699
0.468329
0.546491
0.514902
0.572382
0.500869
0.505565
0.510165
0.446539
0.502571
0.451814
0.509969
0.506501
0.519521
0.514167
0.542167
0.496217
0.501779
0.521357
0.508014
0.513355
0.484777
0.541701
0.457054
0.499154
0.506758
0.505587
0.473849
0.479913
0.509066
0.46435
0.504224
0.5235
0.542506
0.439911
0.515153
0.547053
0.531368
0.534916
0.469257
0.484566
0.520663
0.453947
0.474338
0.482418
0.542735
0.496011
0.540433
0.506578
0.495325
0.522632
0.51876
0.499288
0.520373
0.502871
0.493535
0.539969
0.485076
0.547141
0.501321
0.531988
0.424939
0.489176
0.503167
0.543274
0.531442
0.465617
0.479588
0.556626
0.510566
0.483751
0.482391
0.549403
0.48634
0.500759
0.512689
0.529236
0.486963
0.5256
0.511087
0.521909
0.538391
0.493323
0.511282
0.50168
0.527785
0.469198
0.497038
0.507612
0.460376
0.497645
0.447044
0.468948
0.519313
0.50157
0.502337
0.537726
0.477375
0.497306
0.534178
0.50978
0.488324
0.457136
0.501286
0.540443
0.497563
0.49611
0.436551
0.4758
0.487879
0.485911
0.484596
0.493663
0.514898
0.501559
0.520175
0.502652
0.474591
0.485115
0.508229
0.497397
0.495341
0.515057
0.551808
0.499897
0.550796
0.503824
0.453877
0.501094
0.50556
0.47509
0.510577
0.504716
0.549883
0.514798
0.50162
0.49197
0.525414
0.496671
0.540614
0.537745
0.492869
0.547174
0.503934
0.48617
0.502884
0.46237
0.518756
0.517643
0.549185
0.558215
0.493787
0.525394
0.522423
0.487272
0.472513
0.50429
0.514442
0.451869
0.548166
0.537376
0.525065
0.472251
0.499537
0.458778
0.522829
0.486408
0.511986
0.539418
0.47098
0.476966
0.520978
0.501645
0.521589
0.492931
0.495883
0.509932
0.502491
0.476014
0.477157
0.529083
0.48993
0.531095
0.485052
0.533743
0.547915
0.508732
0.48512
0.450137
0.514495
0.477904
0.48481
0.482676
0.503944
0.505135
0.503692
0.506187
0.508435
0.48998
0.472228
0.523745
0.466625
0.487539
0.522792
0.547284
0.490903
0.51922
0.501712
0.503027
0.508321
0.499426
0.499807
0.488201
0.49869
0.496321
0.48605
0.494099
0.490407
0.530157
0.456967
0.520342
0.461515
0.446136
0.473005
0.515682
0.508781
0.476159
0.519726
0.503907
0.477381
0.473404
0.491154
0.513942
0.501624
0.48625
0.487258
0.478045
0.504194
0.486887
0.487233
0.540649
0.506169
0.490794
0.582278
0.494946
0.468734
0.484519
0.50089
0.519196
0.453612
0.521404
0.438465
0.487153
0.503879
0.501656
0.501284
0.52626
0.51861
0.509955
0.429906
0.505635
0.529846
0.499095
0.513615
0.487663
0.482178
0.502695
0.508013
0.51944
0.50505
0.517017
0.512225
0.542769
0.504133
0.487257
0.467512
0.506039
0.507018
0.515588
0.520533
0.502544
0.48357
0.497441
0.494166
0.464752
0.503653
0.552435
0.506627
0.532181
0.473213
0.552628
0.463001
0.523915
0.469976
0.541774
0.47697
0.509977
0.515807
0.515746
0.506885
0.475748
0.495327
0.479496
0.499245
0.439919
0.538096
0.505733
0.521423
0.501156
0.470838
0.533047
0.488945
0.466242
0.450222
0.507463
0.463207
0.52996
0.406841
0.474446
0.482956
0.473967
0.505789
0.504145
0.464563
0.500375
0.554725
0.529371
0.426921
0.520248
0.510113
0.494223
0.509025
0.55479
0.457584
0.504698
0.491798
0.447106
0.431585
0.496867
0.457871
0.447222
0.508862
0.491493
0.468613
0.496924
0.473364
0.477117
0.499131
0.551071
0.478011
0.499912
0.469002
0.457868
0.500002
0.463848
0.466596
0.494096
0.527075
0.517052
0.512718
0.497146
0.465918
0.53069
0.487416
0.470821
0.511897
0.568288
0.501898
0.505844
0.510006
0.492107
0.513012
0.480843
0.486534
0.447199
0.48545
0.499823
0.542974
0.493858
0.509081
0.554807
0.549292
0.528677
0.515544
0.546955
0.4914
0.499092
0.456592
0.528096
0.503629
0.494373
0.50175
0.551767
0.454781
0.478368
0.526753
0.495553
0.507041
0.469161
0.466992
0.494321
0.419248
0.493905
0.479027
0.518854
0.495856
0.521826
0.533059
0.510966
0.533914
0.515436
0.482368
0.501406
0.473747
0.502703
0.502024
0.500351
0.483211
0.507008
0.495944
0.513948
0.516577
0.495559
0.493501
0.568896
0.550887
0.501183
0.5067
0.5273
0.516056
0.530503
0.546268
0.535679
0.468672
0.489043
0.487218
0.506999
0.569541
0.509263
0.496388
0.507489
0.575006
0.481497
0.508416
0.517826
0.463127
0.513692
0.492542
0.570572
0.536517
0.549388
0.487733
0.514517
0.460037
0.482907
0.512886
0.526384
0.497309
0.516936
0.544522
0.528248
0.526181
0.493971
0.516328
0.49443
0.558464
0.525078
0.520486
0.496732
0.489546
0.535595
0.494747
0.506083
0.462488
0.538317
0.514082
0.439079
0.509988
0.533835
0.47122
0.489009
0.524794
0.560702
0.523893
0.514826
0.50078
0.493313
0.542961
0.512651
0.566653
0.543593
0.51709
0.47985
0.463168
0.457006
0.496249
0.530989
0.501374
0.489923
0.505183
0.580142
0.489975
0.512194
0.544211
0.439559
0.497835
0.456659
0.520351
0.487691
0.494196
0.539683
0.496942
0.519518
0.512839
0.48923
0.441749
0.501044
0.473315
0.517928
0.497009
0.522321
0.466069
0.488707
0.502269
0.46635
0.559964
0.473266
0.522003
0.534338
0.498818
0.514547
0.522334
0.483006
0.47436
0.481935
0.529385
0.481538
0.509968
0.542752
0.548401
0.471282
0.523798
0.479141
0.507474
0.480149
0.500062
0.511332
0.439927
0.5076
0.539359
0.464934
0.489999
0.47997
0.496639
0.461961
0.539665
0.526422
0.499779
0.446187
0.510269
0.492806
0.451367
0.488794
0.468241
0.555967
0.487315
0.448531
0.504559
0.499273
0.591826
0.5524
0.565055
0.468276
0.480272
0.511596
0.47295
0.502994
0.568158
0.48883
0.453648
0.522425
0.501683
0.435447
0.51942
0.532012
0.527147
0.510837
0.530767
0.492947
0.503515
0.545666
0.491607
0.512991
0.513604
0.54034
0.544455
0.523832
0.480572
0.50901
0.454226
0.494589
0.541319
0.488211
0.527591
0.541733
0.488151
0.511158
0.488743
0.51216
0.493154
0.47952
0.489384
0.470313
0.492327
0.492548
0.535493
0.5067
0.482214
0.489409
0.488446
0.440905
0.531584
0.557871
0.513013
0.496783
0.483354
0.516767
0.457132
0.443003
0.463376
0.499294
0.52298
0.512951
0.446657
0.509956
0.487945
0.511308
0.459022
0.553037
0.477705
0.519866
0.471828
0.500818
0.518902
0.49441
0.515192
0.553434
0.520754
0.482259
0.504814
0.490264
0.525843
0.473396
0.460091
0.458177
0.439846
0.536537
0.515297
0.520758
0.505753
0.507027
0.457276
0.502924
0.46479
0.500656
0.566053
0.508048
0.526274
0.523334
0.489897
0.433036
0.461781
0.53067
0.492506
0.47651
0.482673
0.515831
0.463009
0.564697
0.519015
0.463137
0.523164
0.479544
0.464619
0.475787
0.471397
0.477223
0.557135
0.508351
0.538947
0.488431
0.511227
0.460273
0.445272
0.492894
0.511645
0.47015
0.521794
0.49015
0.483905
0.499027
0.47597
0.470178
0.503002
0.503816
0.540233
0.506652
0.532664
0.5114
0.488683
0.490728
0.483701
0.494388
0.501989
0.495117
0.442595
0.447978
0.459055
0.450099
0.530256
0.543482
0.511017
0.450779
0.493366
0.499732
0.505351
0.536623
0.501581
0.493471
0.508702
0.500908
0.495651
0.480824
0.487731
0.522447
0.523851
0.493705
0.466319
0.510574
0.514497
0.509509
0.541007
0.485243
0.515555
0.494177
0.498162
0.477868
0.49075
0.514806
0.50712
0.558654
0.454985
0.517877
0.502144
0.488255
0.517739
0.474946
0.50839
0.43404
0.486071
0.463817
0.516955
0.534803
0.451507
0.526838
0.532473
0.475664
0.497005
0.468499
0.512258
0.503023
0.508989
0.494111
0.484761
0.52594
0.479727
0.514407
0.500716
0.50612
0.51961
0.464556
0.553838
0.476931
0.496927
0.519842
0.498003
0.508464
0.57189
0.536059
0.580434
0.508804
0.506806
0.515236
0.519288
0.512135
0.477718
0.483439
0.490161
0.555486
0.494448
0.49684
0.548026
0.503422
0.473067
0.466837
0.515172
0.512274
0.462233
0.459476
0.455236
0.50318
0.495003
0.525613
0.529708
0.519727
0.500321
0.515819
0.45479
0.526995
0.490948
0.519995
0.469355
0.532643
0.511837
0.490446
0.492578
0.508132
0.497225
0.545969
0.443684
0.482521
0.545968
0.502701
0.484753
0.47826
0.590051
0.447227
0.526764
0.456363
0.525789
0.503159
0.492624
0.518001
0.513188
0.511229
0.549915
0.494277
0.536216
0.514304
0.559079
0.461366
0.512594
0.464756
0.505882
0.512821
0.461097
0.476778
0.433786
0.525177
0.509483
0.497567
0.473477
0.490583
0.517016
0.50836
0.481765
0.506605
0.449323
0.471103
0.48657
0.507012
0.435022
0.453607
0.492237
0.488985
0.535365
0.522422
0.481144
0.515064
0.53003
0.53788
0.502054
0.548102
0.511418
0.501853
0.459003
0.512726
0.481302
0.490239
0.490294
0.448165
0.479658
0.536131
0.536523
0.468057
0.535955
0.465495
0.488008
0.438738
0.515361
0.517053
0.491729
0.456873
0.441054
0.546483
0.479403
0.460894
0.481554
0.538992
0.512767
0.461753
0.458471
0.50338
0.498122
0.472933
0.45264
0.496856
0.505748
0.475589
0.540223
0.497708
0.444599
0.452988
0.49719
0.499401
0.479724
0.502404
0.510668
0.514413
0.467844
0.50792
0.466155
0.511048
0.531452
0.452717
0.485465
0.496212
0.47731
0.5149
0.493857
0.46867
0.512404
0.490252
0.535848
0.450169
0.53789
0.494124
0.505214
0.54807
0.515344
0.481324
0.52033
0.497253
0.513394
0.51814
0.513746
0.558166
0.557648
0.527775
0.494557
0.521394
0.511218
0.51528
0.53099
0.459177
0.503364
0.508842
0.523622
0.495365
0.533269
0.491749
0.469082
0.544387
0.515857
0.446894
0.509745
0.506563
0.505532
0.478918
0.514302
0.583338
0.457744
0.486493
0.521816
0.476574
0.471021
0.509444
0.540531
0.4576
0.504662
0.475762
0.441904
0.484168
0.53821
0.457823
0.507616
0.548519
0.514224
0.493596
0.507396
0.502161
0.519358
0.528058
0.510757
0.449671
0.541425
0.54575
0.466078
0.514354
0.440512
0.473117
0.503123
0.564968
0.556536
0.497397
0.474999
0.509567
0.437296
0.547914
0.49499
0.516713
0.491419
0.499271
0.502613
0.495512
0.517951
0.499571
0.518781
0.446124
0.505014
0.499037
0.53724
0.516098
0.517433
0.505735
0.450508
0.512165
0.518589
0.499059
0.50352
0.551483
0.483702
0.543781
0.424184
0.522783
0.436216
0.496292
0.482086
0.471021
0.479711
0.520737
0.476872
0.515943
0.505743
0.529518
0.466328
0.484973
0.481921
0.545827
0.488147
0.516132
0.500412
0.513705
0.493656
0.511708
0.498517
0.534519
0.518818
0.485275
0.511075
0.510792
0.527307
0.482818
0.487858
0.445049
0.529872
0.525298
0.47385
0.530732
0.498328
0.49943
0.500014
0.505373
0.523673
0.452856
0.527871
0.496151
0.475924
0.478718
0.51162
0.550558
0.455574
0.495011
0.512631
0.548532
0.558023
0.530437
0.48657
0.537651
0.535157
0.537938
0.524288
0.493336
0.48242
0.499068
0.552483
0.527098
0.472439
0.509025
0.465104
0.486029
0.482538
0.457942
0.495159
0.496793
0.505464
0.485985
0.490078
0.500494
0.510372
0.537507
0.510612
0.516912
0.47179
0.48492
0.489637
0.465862
0.522812
0.550648
0.48662
0.490669
0.487489
0.502521
0.497124
0.4773
0.50613
0.513817
0.48306
0.558207
0.513345
0.515896
0.534643
0.440851
0.486991
0.473421
0.472632
0.567832
0.499074
0.476785
0.490678
0.481926
0.546979
0.502791
0.480948
0.490856
0.492423
0.505202
0.477742
0.531611
0.511171
0.495755
0.507288
0.503326
0.521154
0.500837
0.518159
0.454453
0.529935
0.458691
0.504658
0.509967
0.471989
0.548815
0.46092
0.495932
0.456695
0.483642
0.510154
0.50267
0.441669
0.549715
0.512399
0.527371
0.513009
0.480937
0.493962
0.487934
0.481414
0.481995
0.528575
0.510545
0.46588
0.510473
0.467668
0.514634
0.507127
0.478294
0.496208
0.533782
0.460859
0.506635
0.459917
0.4856
0.533805
0.545339
0.545322
0.495916
0.498039
0.462605
0.499763
0.503443
0.49369
0.48045
0.515129
0.483926
0.506668
0.465577
0.54544
0.513159
0.44381
0.525971
0.510419
0.484677
0.497691
0.495201
0.458598
0.471032
0.489647
0.516167
0.465263
0.510677
0.542136
0.473335
0.421406
0.531414
0.477742
0.479473
0.545709
0.574323
0.496815
0.483984
0.566256
0.479969
0.561174
0.49221
0.513039
0.494604
0.487474
0.448079
0.515167
0.484025
0.527924
0.478202
0.453935
0.494804
0.523037
0.478525
0.498297
0.537681
0.493225
0.501986
0.463802
0.519243
0.543254
0.486742
0.508356
0.491372
0.443111
0.531602
0.564315
0.511637
0.485616
0.522687
0.570027
0.542606
0.467452
0.460219
0.486089
0.507205
0.506
0.506148
0.510849
0.476643
0.426872
0.494149
0.522248
0.475155
0.561114
0.447852
0.50238
0.522884
0.559025
0.468065
0.53848
0.537729
0.499395
0.464744
0.467771
0.514798
0.465812
0.536542
0.510025
0.466526
0.460608
0.524555
0.504261
0.498235
0.514213
0.544291
0.505892
0.49632
0.522984
0.560549
0.516407
0.455005
0.579489
0.465776
0.475421
0.491168
0.490344
0.528158
0.538248
0.475627
0.470622
0.488144
0.502186
0.507092
0.470231
0.490947
0.549908
0.4772
0.493935
0.489714
0.475039
0.500177
0.447679
0.474172
0.456515
0.489367
0.53195
0.489534
0.455972
0.508444
0.507827
0.509955
0.494649
0.483372
0.510614
0.481788
0.469294
0.440399
0.474211
0.508874
0.493854
0.51625
0.519134
0.512157
0.536482
0.532681
0.498106
0.518584
0.478136
0.53422
0.482735
0.52145
0.475894
0.503769
0.487958
0.530816
0.534671
0.466371
0.479781
0.475183
0.536384
0.52023
0.486455
0.513921
0.514315
0.541786
0.500756
0.455999
0.438704
0.456545
0.466465
0.528888
0.460838
0.460242
0.457728
0.489132
0.498415
0.549046
0.495588
0.532557
0.473172
0.448708
0.478984
0.529414
0.528872
0.459058
0.512716
0.492519
0.48726
0.462833
0.494642
0.481564
0.512711
0.549859
0.498561
0.523984
0.501498
0.454706
0.495129
0.463814
0.515076
0.476601
0.465716
0.529675
0.532048
0.515158
0.435502
0.548209
0.5517
0.567871
0.522399
0.479592
0.471686
0.500926
0.534694
0.449161
0.509783
0.462095
0.497637
0.518262
0.468166
0.514037
0.499858
0.505168
0.519443
0.531534
0.504221
0.502884
0.505442
0.542776
0.492069
0.476853
0.53839
0.551135
0.459385
0.446555
0.533424
0.450661
0.500741
0.497787
0.532287
0.559036
0.501719
0.536532
0.449286
0.531869
0.470218
0.462808
0.488116
0.420067
0.496466
0.488295
0.485702
0.478571
0.523084
0.531866
0.457722
0.493109
0.529888
0.461915
0.43871
0.537706
0.440817
0.515682
0.493529
0.487695
0.517044
0.488065
0.480266
0.461697
0.45355
0.502791
0.568293
0.504801
0.475864
0.496741
0.527878
0.559716
0.496729
0.525836
0.485574
0.471264
0.504031
0.492575
0.516065
0.47306
0.493626
0.46824
0.507468
0.466827
0.563754
0.546397
0.481732
0.540289
0.528688
0.500681
0.500989
0.507333
0.513125
0.483475
0.517874
0.514783
0.467862
0.510072
0.494314
0.537115
0.501337
0.454644
0.547396
0.499409
0.518067
0.502022
0.518972
0.548166
0.488639
0.487337
0.561161
0.450019
0.509137
0.501039
0.453877
0.4232
0.510494
0.499277
0.511725
0.511539
0.477604
0.481033
0.511978
0.514262
0.499007
0.498408
0.536559
0.52743
0.492817
0.541926
0.510116
0.538051
0.473263
0.528388
0.501912
0.495349
0.531965
0.516484
0.477526
0.533662
0.493851
0.499783
0.550806
0.568839
0.481685
0.494765
0.458296
0.508001
0.485381
0.442848
0.525988
0.48695
0.54001
0.511839
0.457882
0.508634
0.494469
0.4986
0.471037
0.480684
0.51352
0.547737
0.563688
0.483365
0.499188
0.490628
0.550122
0.507221
0.520651
0.526863
0.494503
0.500391
0.489629
0.490902
0.489304
0.48989
0.483196
0.47738
0.54347
0.512392
0.477778
0.458602
0.469575
0.463888
0.484161
0.539354
0.494106
0.51244
0.478535
0.501779
0.514191
0.524796
0.511175
0.513751
0.498689
0.46918
0.512258
0.517437
0.510199
0.478948
0.490822
0.492623
0.44325
0.483206
0.532856
0.526413
0.516402
0.521753
0.500276
0.474137
0.563171
0.496161
0.464004
0.495204
0.507339
0.5421
0.518784
0.464355
0.438293
0.508543
0.459675
0.507669
0.46521
0.578018
0.522588
0.510969
0.506251
0.531798
0.493774
0.525343
0.509031
0.540763
0.522998
0.522474
0.507605
0.464766
0.467239
0.48583
0.492614
0.461578
0.508403
0.509541
0.49619
0.464105
0.519574
0.514586
0.450354
0.507355
0.53712
0.553628
0.502918
0.462827
0.485395
0.526123
0.522108
0.468517
0.499051
0.47117
0.531168
0.440633
0.545121
0.54649
0.455827
0.51441
0.490242
0.519932
0.476673
0.514252
0.462573
0.499654
0.538922
0.518563
0.485498
0.477429
0.484715
0.485521
0.510817
0.556175
0.49671
0.548203
0.510333
0.549584
0.522255
0.489478
0.531196
0.513371
0.518608
0.519426
0.444599
0.511055
0.512461
0.484269
0.50907
0.501924
0.540101
0.451469
0.506265
0.486987
0.49398
0.539205
0.503397
0.474692
0.480857
0.550565
0.454867
0.519183
0.557082
0.496828
0.535868
0.44924
0.436686
0.475868
0.510298
0.487995
0.473717
0.449387
0.518909
0.536409
0.50541
0.467005
0.503641
0.474516
0.498311
0.519649
0.480459
0.513007
0.524032
0.544808
0.4629
0.475912
0.511008
0.510497
0.467011
0.507502
0.476949
0.523825
0.507525
0.480056
0.484894
0.507316
0.465029
0.463366
0.492293
0.467254
0.461769
0.483864
0.533579
0.521678
0.534403
0.475495
0.545831
0.501943
0.447969
0.523033
0.485368
0.504379
0.516242
0.460945
0.489195
0.523154
0.476953
0.519183
0.505097
0.510417
0.500876
0.515955
0.541554
0.485829
0.513883
0.533637
0.454525
0.518018
0.530518
0.487051
0.481196
0.481089
0.503912
0.485407
0.517066
0.49836
0.484672
0.514787
0.495817
0.513768
0.503135
0.494197
0.482446
0.512167
0.524926
0.48446
0.50767
0.498799
0.496428
0.497537
0.471725
0.53389
0.529385
0.538929
0.522057
0.471289
0.504826
0.544427
0.532988
0.503707
0.495577
0.504432
0.505011
0.497183
0.541218
0.526173
0.522825
0.502108
0.504296
0.54109
0.528335
0.538401
0.484213
0.498352
0.478575
0.48138
0.555367
0.485567
0.507525
0.538419
0.546129
0.486146
0.451166
0.482817
0.51001
0.43413
0.500448
0.481248
0.49215
0.458555
0.468192
0.558016
0.532972
0.520133
0.511975
0.548817
0.493796
0.485282
0.481763
0.487164
0.461272
0.510743
0.462137
0.528816
0.520929
0.533365
0.535444
0.49673
0.474952
0.473491
0.502677
0.477031
0.512633
0.478917
0.489516
0.483538
0.468829
0.46403
0.529275
0.475311
0.468387
0.472603
0.44356
0.511688
0.51285
0.512239
0.463993
0.53826
0.477032
0.495786
0.460268
0.463366
0.562229
0.454619
0.474899
0.518839
0.532166
0.467525
0.47421
0.504084
0.487151
0.5167
0.477123
0.535061
0.548644
0.480921
0.514105
0.527427
0.515416
0.509936
0.461971
0.497004
0.495993
0.42057
0.517027
0.523945
0.539987
0.48339
0.528054
0.465398
0.510626
0.461164
0.477802
0.523304
0.477008
0.501258
0.490736
0.550065
0.559849
0.500561
0.516684
0.518395
0.48845
0.523067
0.513547
0.458549
0.506715
0.478945
0.473268
0.504607
0.537121
0.514182
0.547557
0.542255
0.505923
0.468952
0.504422
0.49699
0.520402
0.500014
0.522035
0.509505
0.497011
0.48993
0.528869
0.472591
0.482627
0.458119
0.492094
0.531905
0.482199
0.522787
0.510895
0.494767
0.454648
0.518157
0.486309
0.472474
0.49235
0.470168
0.47051
0.470787
0.502711
0.470449
0.469717
0.530997
0.455575
0.479951
0.477208
0.513621
0.507348
0.469666
0.484866
0.514126
0.499133
0.478376
0.489352
0.493277
0.49661
0.540962
0.526009
0.484751
0.506368
0.502377
0.471023
0.482635
0.476543
0.471637
0.558797
0.527201
0.506483
0.478963
0.493028
0.457234
0.515398
0.472203
0.530251
0.501902
0.546104
0.532807
0.51461
0.517988
0.536678
0.486508
0.521078
0.445093
0.517622
0.481438
0.457241
0.470366
0.569704
0.491352
0.464753
0.476269
0.470441
0.490753
0.521714
0.483077
0.58498
0.471811
0.515162
0.478059
0.447322
0.531822
0.504622
0.503858
0.455231
0.529264
0.496906
0.520241
0.529123
0.503258
0.460116
0.519457
0.461586
0.514904
0.489722
0.521657
0.537323
0.51168
0.527716
0.491478
0.487956
0.492289
0.500844
0.490824
0.514823
0.496112
0.526764
0.539248
0.465281
0.528286
0.516432
0.488042
0.46158
0.490411
0.452973
0.525432
0.480875
0.492502
0.50557
0.528857
0.452767
0.49112
0.542347
0.469611
0.486726
0.551146
0.497667
0.510758
0.493216
0.506412
0.522621
0.499624
0.454182
0.491965
0.496438
0.59202
0.492994
0.435069
0.532183
0.479939
0.491052
0.512751
0.480986
0.543631
0.475072
0.522744
0.501297
0.520929
0.48075
0.516649
0.496857
0.482279
0.467143
0.446
0.470308
0.492371
0.501698
0.503302
0.447272
0.504407
0.505699
0.502928
0.544305
0.539108
0.508792
0.495638
0.517094
0.458367
0.521638
0.532427
0.523627
0.526263
0.457357
0.487894
0.54942
0.533746
0.492695
0.482487
0.514379
0.525992
0.473564
0.531243
0.477054
0.48395
0.519141
0.511121
0.483012
0.527243
0.503919
0.589189
0.488428
0.470202
0.485251
0.481871
0.413837
0.484558
0.480009
0.435645
0.48991
0.47208
0.510154
0.509074
0.478215
0.501463
0.463275
0.534436
0.513778
0.49182
0.527774
0.506382
0.538975
0.528523
0.488199
0.519699
0.533453
0.506585
0.476639
0.48529
0.46348
0.46569
0.520863
0.45247
0.494982
0.474964
0.486474
0.518722
0.513605
0.553078
0.523449
0.479524
0.556045
0.480994
0.559537
0.558003
0.500714
0.483846
0.493828
0.536293
0.521159
0.521004
0.520788
0.509802
0.518592
0.517397
0.492993
0.486496
0.534047
0.495649
0.512062
0.502971
0.487113
0.46063
0.541675
0.496884
0.495531
0.4915
0.501503
0.543415
0.534276
0.449526
0.481081
0.496276
0.457599
0.493608
0.540632
0.528454
0.494096
0.512846
0.561284
0.533858
0.551701
0.472485
0.477475
0.500424
0.472646
0.504305
0.484383
0.472497
0.471614
0.47597
0.495333
0.472502
0.484441
0.489058
0.468165
0.478586
0.478595
0.488491
0.502796
0.558072
0.516147
0.484918
0.489565
0.520738
0.498885
0.477257
0.471768
0.468192
0.524481
0.488205
0.475835
0.485419
0.520942
0.466939
0.476303
0.480036
0.509992
0.46872
0.504926
0.518393
0.482161
0.531462
0.48619
0.522422
0.478251
0.507792
0.515173
0.476627
0.482162
0.553506
0.525294
0.472873
0.474855
0.527955
0.497957
0.506093
0.522067
0.579403
0.475767
0.513896
0.500445
0.512285
0.495653
0.47669
0.486549
0.519111
0.505323
0.474457
0.446824
0.425986
0.530702
0.486267
0.51776
0.45799
0.485881
0.515929
0.545079
0.472343
0.560309
0.51155
0.497607
0.459136
0.527962
0.440045
0.511476
0.489678
0.4848
0.4745
0.497173
0.472056
0.52632
0.479682
0.546707
0.465499
0.486317
0.468473
0.50943
0.485507
0.498392
0.541596
0.498964
0.478537
0.51808
0.529289
0.513744
0.499345
0.538234
0.503469
0.501092
0.508919
0.493072
0.472114
0.497991
0.47226
0.494702
0.455969
0.496987
0.521248
0.474579
0.535843
0.496485
0.539315
0.463749
0.523748
0.49219
0.514876
0.499619
0.512446
0.479217
0.505224
0.500777
0.477621
0.45851
0.520232
0.45987
0.529531
0.470286
0.486353
0.500097
0.553435
0.47233
0.489541
0.463339
0.540143
0.51073
0.486433
0.504639
0.521429
0.531116
0.464843
0.503559
0.484618
0.493306
0.498042
0.470138
0.543146
0.522459
0.495741
0.501737
0.465073
0.494121
0.423902
0.534128
0.481269
0.484869
0.483828
0.490843
0.513911
0.518352
0.469106
0.531164
0.51101
0.489335
0.510289
0.499231
0.533499
0.47464
0.457395
0.501787
0.549969
0.535552
0.527692
0.514992
0.474934
0.485096
0.501649
0.563838
0.506674
0.456532
0.486526
0.500797
0.489639
0.52517
0.520793
0.490831
0.506266
0.500164
0.551566
0.48263
0.458263
0.490026
0.50232
0.523165
0.505115
0.476147
0.512682
0.604358
0.507182
0.501362
0.551712
0.484083
0.484386
0.461545
0.549228
0.563705
0.493645
0.490989
0.497025
0.49335
0.4859
0.428065
0.506706
0.513793
0.476413
0.494814
0.498968
0.50773
0.491882
0.48901
0.498888
0.487995
0.559523
0.513215
0.543815
0.458435
0.473501
0.533679
0.488165
0.484429
0.502552
0.481153
0.498539
0.481804
0.501343
0.561866
0.531364
0.490059
0.5016
0.463684
0.464572
0.500581
0.504307
0.540916
0.487856
0.4329
0.510935
0.519911
0.488636
0.479232
0.531609
0.522674
0.491278
0.534479
0.496051
0.530725
0.516119
0.517863
0.555949
0.537468
0.485739
0.503249
0.514677
0.463059
0.484505
0.425355
0.504108
0.477157
0.511896
0.493283
0.48303
0.435706
0.501379
0.503476
0.494561
0.48908
0.487838
0.431143
0.490421
0.529083
0.453599
0.479778
0.519957
0.527601
0.464229
0.447426
0.566074
0.48371
0.551206
0.518203
0.50561
0.469794
0.522705
0.50808
0.487811
0.509463
0.461728
0.522428
0.51342
0.496646
0.511035
0.504186
0.553048
0.460047
0.517517
0.508029
0.513911
0.491
0.538108
0.517459
0.508308
0.474451
0.450826
0.485697
0.507388
0.498323
0.536331
0.482379
0.514248
0.479504
0.468346
0.508779
0.478459
0.516186
0.458534
0.494389
0.478986
0.525001
0.488951
0.524544
0.496474
0.503237
0.521055
0.447238
0.483281
0.525183
0.51545
0.509656
0.517703
0.478256
0.434155
0.481119
0.516909
0.537742
0.53315
0.50643
0.473363
0.484737
0.475489
0.506853
0.486359
0.553822
0.545088
0.457544
0.460878
0.466289
0.461869
0.509955
0.499743
0.499862
0.475807
0.462965
0.524041
0.512983
0.509077
0.542035
0.575623
0.42446
0.502591
0.48396
0.501032
0.498622
0.539053
0.545539
0.488201
0.480775
0.475099
0.485133
0.507522
0.47376
0.468264
0.501482
0.44213
0.517334
0.47137
0.536531
0.465366
0.519118
0.510641
0.478371
0.485973
0.567458
0.480203
0.493982
0.525704
0.518925
0.482969
0.54413
0.494117
0.499863
0.54696
0.446861
0.47851
0.513509
0.480155
0.50145
0.502736
0.430317
0.431841
0.458647
0.52898
0.50536
0.522337
0.490543
0.426174
0.49662
0.506746
0.476672
0.524371
0.48268
0.485322
0.491899
0.505897
0.49647
0.518837
0.523578
0.523222
0.52931
0.510373
0.535245
0.474957
0.450149
0.495983
0.484097
0.49216
0.50977
0.508894
0.46946
0.516677
0.477316
0.471262
0.456855
0.503763
0.462964
0.542102
0.451848
0.507052
0.529499
0.480745
0.531987
0.462246
0.477972
0.515294
0.583722
0.516162
0.497266
0.490833
0.461465
0.532019
0.520186
0.410863
0.502856
0.534624
0.51337
0.558413
0.450116
0.527438
0.515892
0.483724
0.501977
0.476959
0.510512
0.489164
0.491405
0.49035
0.548233
0.55738
0.456026
0.544473
0.504725
0.506351
0.53316
0.465337
0.537359
0.498346
0.459551
0.496063
0.462703
0.524504
0.504501
0.500802
0.572368
0.511218
0.469152
0.506131
0.473755
0.479368
0.526323
0.487378
0.532551
0.476175
0.534515
0.474576
0.494417
0.517592
0.523808
0.493356
0.460221
0.47526
0.51516
0.454606
0.46607
0.456612
0.53048
0.530185
0.477317
0.433296
0.508622
0.509895
0.49329
0.447241
0.499471
0.479296
0.502782
0.483829
0.42937
0.483414
0.562981
0.548506
0.478719
0.464864
0.517558
0.52004
0.486373
0.505993
0.491678
0.476286
0.482918
0.495333
0.488903
0.535068
0.510818
0.453523
0.480773
0.524366
0.496158
0.519864
0.515564
0.495739
0.544061
0.477425
0.466742
0.478523
0.515259
0.464109
0.51018
0.508226
0.529505
0.503827
0.515808
0.511313
0.514903
0.503024
0.46516
0.473685
0.420688
0.472677
0.499806
0.537251
0.491779
0.556694
0.473084
0.476452
0.541446
0.518772
0.482369
0.485106
0.506028
0.508436
0.562552
0.46692
0.472623
0.472489
0.501894
0.496058
0.484379
0.472722
0.455235
0.535733
0.473397
0.488779
0.490095
0.533528
0.510457
0.533749
0.519734
0.525481
0.523865
0.538766
0.492286
0.562462
0.543855
0.513767
0.512673
0.480602
0.52914
0.549062
0.47789
0.502951
0.530611
0.483535
0.527346
0.465727
0.50381
0.539719
0.507001
0.535044
0.48389
0.515604
0.465011
0.457241
0.559187
0.492486
0.50119
0.538684
0.494702
0.474344
0.453845
0.482367
0.514376
0.466847
0.55406
0.504687
0.458624
0.494971
0.485347
0.514592
0.525796
0.532083
0.569442
0.479762
0.475558
0.487076
0.527872
0.493819
0.538365
0.499389
0.48241
0.520556
0.505686
0.476452
0.521802
0.52412
0.535156
0.50885
0.540696
0.538774
0.505829
0.482292
0.540686
0.55153
0.510946
0.511874
0.481388
0.541436
0.496559
0.475119
0.497571
0.49884
0.488632
0.500451
0.490158
0.507368
0.511476
0.524086
0.50554
0.473868
0.506131
0.49039
0.487599
0.493059
0.536157
0.52055
0.526348
0.492238
0.464933
0.436465
0.509608
0.488051
0.485405
0.488152
0.550883
0.495221
0.460102
0.5332
0.516077
0.48204
0.523479
0.537844
0.490012
0.487706
0.465084
0.495773
0.474525
0.472923
0.523116
0.459662
0.504243
0.490933
0.483299
0.571327
0.442608
0.497049
0.515229
0.561266
0.425436
0.469122
0.482078
0.481748
0.475829
0.479944
0.502258
0.486582
0.503689
0.478683
0.513102
0.484739
0.534093
0.427847
0.454268
0.446148
0.507315
0.523201
0.487079
0.530838
0.523085
0.50739
0.477946
0.544057
0.443731
0.516957
0.479021
0.439746
0.503824
0.502809
0.464773
0.49466
0.51386
0.494232
0.464048
0.520191
0.536061
0.507099
0.475731
0.525481
0.482541
0.531214
0.592239
0.473254
0.498542
0.505551
0.565984
0.591084
0.512259
0.511834
0.484682
0.509937
0.491513
0.577144
0.484092
0.495885
0.477362
0.52839
0.501403
0.529479
0.584162
0.471304
0.506401
0.522225
0.480765
0.492364
0.515523
0.555745
0.482066
0.514554
0.518317
0.453262
0.504997
0.530352
0.486522
0.494765
0.487031
0.513639
0.460328
0.508555
0.534288
0.514574
0.519121
0.497304
0.51407
0.478707
0.547663
0.513456
0.564225
0.436935
0.502868
0.486118
0.437604
0.482188
0.528618
0.511753
0.590369
0.440181
0.481126
0.468321
0.50131
0.466027
0.47766
0.504245
0.517049
0.529183
0.506727
0.519088
0.433399
0.511968
0.4655
0.524238
0.542413
0.499941
0.495182
0.523686
0.51143
0.526601
0.489437
0.494231
0.515635
0.52342
0.494901
0.530617
0.528122
0.514945
0.473371
0.526324
0.50705
0.485867
0.527499
0.469421
0.501973
0.493341
0.517944
0.502179
0.48181
0.516776
0.509825
0.522493
0.473826
0.484464
0.447419
0.516641
0.4625
0.550222
0.502981
0.501031
0.482879
0.51433
0.51094
0.582409
0.526015
0.514794
0.512164
0.531012
0.542976
0.523152
0.501954
0.481417
0.50482
0.491899
0.474771
0.525894
0.512344
0.488961
0.500643
0.561888
0.492571
0.511742
0.492789
0.518494
0.507316
0.504949
0.460328
0.488277
0.558915
0.500816
0.469113
0.505307
0.492897
0.468492
0.499882
0.484631
0.538138
0.534253
0.475984
0.50227
0.530381
0.481862
0.490303
0.510154
0.501163
0.510959
0.527384
0.511814
0.474581
0.501668
0.58466
0.519042
0.510243
0.498922
0.565772
0.536758
0.480559
0.506089
0.496767
0.514966
0.530562
0.512691
0.477176
0.517446
0.502106
0.456001
0.524981
0.473818
0.532754
0.484483
0.527226
0.504266
0.511556
0.488123
0.473651
0.486659
0.485252
0.584954
0.454312
0.518489
0.482853
0.515353
0.465827
0.548049
0.475167
0.499191
0.494656
0.50014
0.497158
0.501472
0.476927
0.503261
0.551286
0.437985
0.497663
0.462412
0.502601
0.49445
0.470155
0.461124
0.46259
0.494033
0.478526
0.547878
0.497143
0.524612
0.480573
0.527553
0.420547
0.487178
0.50864
0.472584
0.455854
0.470933
0.485791
0.478081
0.483297
0.482396
0.492988
0.499846
0.471243
0.490804
0.487369
0.506002
0.494653
0.518714
0.487241
0.446389
0.467647
0.485593
0.558095
0.446021
0.500721
0.506813
0.505913
0.469211
0.498005
0.546397
0.536398
0.491563
0.501759
0.477581
0.476525
0.502382
0.493693
0.521397
0.51027
0.527212
0.536767
0.523416
0.563279
0.468719
0.515451
0.458239
0.529134
0.49599
0.523104
0.538615
0.547393
0.482102
0.485762
0.511946
0.493203
0.534507
0.503321
0.534717
0.499801
0.491948
0.490393
0.490829
0.535992
0.477266
0.506194
0.50118
0.505535
0.472162
0.519158
0.509973
0.516685
0.544698
0.558823
0.541345
0.487683
0.47265
0.503287
0.463826
0.495208
0.507791
0.501487
0.528116
0.482444
0.462259
0.519165
0.466523
0.503918
0.51544
0.506788
0.473366
0.53535
0.49782
0.465498
0.530549
0.525927
0.488948
0.479468
0.449583
0.512351
0.554703
0.533355
0.501425
0.521163
0.461364
0.533138
0.531803
0.468052
0.550111
0.445855
0.468085
0.467381
0.457662
0.524964
0.52242
0.476958
0.501118
0.516606
0.535692
0.524407
0.494996
0.51924
0.480987
0.532209
0.53521
0.473366
0.519631
0.506017
0.520597
0.525605
0.475645
