0.226908
0.373055
0.191626
0.267965
0.59183
0.24346
0.472176
0.532314
0.717705
0.350629
0.559678
0.694543
0.408577
0.490995
0.347434
0.588857
0.538504
0.716367
0.428329
0.660775
0.636822
0.362724
0.463585
0.646416
0.330536
0.670924
0.735427
0.443085
0.149489
0.34764
0.157291
0.381113
0.60062
0.443098
0.328363
0.481903
0.59932
0.387121
0.123958
0.780565
0.414046
0.743177
0.25871
0.251002
0.277968
0.840329
0.632532
0.457038
0.72893
0.366751
0.393962
0.737749
0.474407
0.509537
0.293656
0.303762
0.496901
0.370484
0.251498
0.671641
0.510253
0.555121
0.760944
0.805583
0.479231
0.714011
0.377923
0.392328
0.391349
0.415062
0.100599
0.381511
0.426703
0.359798
0.389849
0.627279
0.651643
0.254002
0.795076
0.32813
0.345778
0.545414
0.460181
0.453141
0.477146
0.502016
0.451959
0.749249
0.522786
0.290381
0.576946
0.343738
0.58444
0.703456
0.769686
0.298573
0.802139
0.672362
0.319638
0.461576
0.589959
0.681344
0.167217
0.628592
0.813733
0.505157
0.691071
0.728613
0.742952
0.432971
0.215242
0.630267
0.918963
0.773595
0.210639
0.715982
0.406784
0.207508
0.611943
0.86453
0.59398
0.528087
0.51792
0.521223
0.559929
0.376593
0.42684
0.527995
0.793019
0.414253
0.153461
0.555533
0.349744
0.493999
0.191693
0.361697
0.53389
0.610697
0.47661
0.042413
0.368813
0.350676
0.147911
0.603075
0.521893
0.670653
0.848184
0.533006
0.335388
0.866585
0.565381
0.897834
0.57767
0.110887
0.248762
0.372344
0.746169
0.320919
0.528109
0.529711
0.458718
0.563901
0.421335
0.3046
0.331356
0.707441
0.437516
0.892579
0.363498
0.407126
0.420041
0.784374
0.278683
0.411857
0.714733
0.320747
0.481302
0.505465
0.614661
0.564924
0.704794
0.443261
0.788661
0.709697
0.400252
0.551186
0.243519
0.26318
0.239093
0.611886
0.437077
0.800917
0.510037
0.457842
0.525425
0.855273
0.346894
0.830497
0.403509
0.0708935
0.735195
0.362523
0.134235
0.435223
0.655423
0.126989
0.443071
0.855737
0.508968
0.513435
0.507586
0.573323
0.55793
0.490838
0.555939
0.159313
0.34701
0.667427
0.504341
0.239698
0.257916
0.336259
0.64759
0.534155
0.204381
0.594763
0.343237
0.512363
0.677165
0.650061
0.210423
0.490867
0.498551
0.386081
0.548189
0.668085
0.788017
0.30235
0.351814
0.583083
0.755304
0.479143
0.793696
0.258194
0.442014
0.533375
0.599176
0.63151
0.283677
0.670639
0.586749
0.400431
0.653797
0.289997
0.393003
0.491944
0.610282
0.350952
0.639598
0.271825
0.560818
0.370381
0.534406
0.338583
0.102567
0.29746
0.580732
0.16648
0.416184
0.745704
0.584069
0.62535
0.784814
0.584606
0.319378
0.486075
0.483629
0.462784
0.315049
0.204358
0.299865
0.51661
0.421779
0.159787
0.0903823
0.691749
0.302314
0.52204
0.793806
0.461377
0.275523
0.244226
0.355356
0.267963
0.587357
0.379901
0.200044
0.561776
0.61111
0.332934
0.746853
0.487617
0.586722
0.438205
0.473441
0.523171
0.617959
0.408832
0.63567
0.451548
0.51873
0.457388
0.774372
0.523688
0.434996
0.401975
0.896224
0.411985
0.603162
0.713319
0.426823
0.766394
0.21395
0.468829
0.370021
0.362104
0.64414
0.588991
0.673826
0.290211
0.746435
0.88823
0.64252
0.518398
0.336887
0.53661
0.327774
0.379033
0.313891
0.473054
0.596166
0.381067
0.24455
0.420454
0.362367
0.756197
0.462396
0.525566
0.58907
0.217742
0.371709
0.692285
0.817164
0.224074
0.322355
0.618306
0.870555
0.601049
0.616685
0.417505
0.0849203
0.506248
0.386023
0.361272
0.481478
0.540658
0.615213
0.361646
0.72614
0.772378
0.323794
0.320078
0.398981
0.785629
0.593532
0.663202
0.404448
0.173494
0.463165
0.37867
0.572032
0.533004
0.329391
0.560207
0.360644
0.188155
0.472237
0.594074
0.255837
0.563775
0.174958
0.204363
0.542496
0.677531
0.582597
0.469577
0.189918
0.237502
0.326077
0.787957
0.581569
0.270143
0.354386
0.076642
0.676385
0.812001
0.627797
0.52518
0.757573
0.544633
0.52933
0.584744
0.501626
0.714698
0.186545
0.470874
0.414965
0.451625
0.435479
0.512256
0.406389
0.177396
0.914809
0.226169
0.495752
0.513353
0.700366
0.390398
0.445911
0.55634
0.864653
0.271825
0.92663
0.062415
0.197278
0.536154
0.0935028
0.194651
0.811854
0.486558
0.547865
0.128669
0.192275
0.759019
0.327693
0.344327
0.532914
0.348981
0.595492
0.555924
0.577588
0.580273
0.204771
0.450196
0.572693
0.888251
0.447659
0.527761
0.369985
0.422461
0.555265
0.508328
0.530849
0.639862
0.420144
0.904445
0.820651
0.730596
0.454639
0.246593
0.500754
0.679488
0.3453
0.620578
0.526133
0.11556
0.505187
0.535215
0.275023
0.249139
0.492903
0.365772
0.847809
0.364048
0.22783
0.720287
0.287266
0.556327
0.0905869
0.368295
0.740383
0.538339
0.499247
0.483427
0.49012
0.518332
0.775779
0.324287
0.757807
0.393046
0.481473
0.365858
0.475125
0.540075
0.760263
0.362805
0.548056
0.964945
0.877844
0.755386
0.620435
0.855504
0.812718
0.409626
0.566107
0.44585
0.610847
0.419889
0.407859
0.528792
0.363792
0.41035
0.527472
0.32744
0.654195
0.581098
0.781166
0.4031
0.612506
0.596068
0.292592
0.310827
0.263134
0.557584
0.523085
0.600987
0.461978
0.822439
0.41536
0.10257
0.233722
0.166063
0.608875
0.62204
0.436697
0.485755
0.507033
0.472752
0.583538
0.355241
0.849821
0.649639
0.432794
0.617158
0.359726
0.329631
0.182996
0.95661
0.87049
0.370201
0.726945
0.478879
0.441695
0.569283
0.878151
0.47174
0.569023
0.424672
0.618817
0.334008
0.41954
0.587579
0.532622
0.475796
0.690234
0.553404
0.40612
0.533951
0.280459
0.595719
0.677948
0.502129
0.496743
0.561992
0.590615
0.165398
0.420635
0.259475
0.598436
0.682981
0.753841
0.427038
0.287574
0.72129
0.233826
0.186179
0.688272
0.456471
0.349256
0.677223
0.260485
0.607903
0.277168
0.912423
0.305377
0.810213
0.849449
0.626449
0.326937
0.272848
0.509194
0.79932
0.608205
0.817047
0.649555
0.602274
0.0809035
0.336435
0.388042
0.121102
0.498434
0.628541
0.604532
0.504201
0.450818
0.331494
0.285764
0.636722
0.304167
0.627064
0.634569
0.342844
0.562073
0.504426
0.717655
0.563036
0.725017
0.597392
0.778255
0.352363
0.69679
0.602887
0.803468
0.622064
0.32216
0.563975
0.0224971
0.335
0.34293
0.673176
0.170343
0.213705
0.473146
0.85012
0.468626
0.587915
0.899017
0.113069
0.67528
0.269214
0.222996
0.450546
0.499619
0.57896
0.549996
0.573464
0.867904
0.469645
0.349818
0.468869
0.593812
0.479426
0.653924
0.774887
0.532295
0.767364
0.224898
0.15679
0.785966
0.228188
0.678453
0.402562
0.439573
0.527651
0.683942
0.501863
0.507006
0.493109
0.800261
0.466378
0.61094
0.611325
0.637861
0.845902
0.639223
0.211943
0.729797
0.359783
0.43382
0.348199
0.538209
0.676256
0.604208
0.336393
0.647953
0.324252
0.39171
0.605121
0.0741198
0.517299
0.656237
0.469399
0.84047
0.623668
0.461356
0.531233
0.114265
0.759665
0.28431
0.777118
0.690103
0.455575
0.398779
0.566992
0.419129
0.299921
0.731513
0.373462
0.635828
0.473955
0.678706
0.432422
0.535575
0.5235
0.620838
0.316504
0.53252
0.770801
0.269884
0.56394
0.0474061
0.94889
0.53206
0.422407
0.543831
0.761448
0.721743
0.34803
0.492353
0.761239
0.604752
0.793996
0.775154
0.141257
0.705848
0.503944
0.767629
0.498666
0.347974
0.277465
0.302814
0.428907
0.698536
0.596499
0.232915
0.314752
0.317655
0.502119
0.579816
0.584222
0.409107
0.413961
0.481352
0.525822
0.178131
0.724482
0.897739
0.286092
0.350913
0.824905
0.385852
0.561803
0.394808
0.38947
0.65854
0.678721
0.120642
0.731851
0.539725
0.474566
0.910353
0.637775
0.659278
0.242086
0.49409
0.368377
0.0973874
0.317871
0.637302
0.429972
0.416986
0.415148
0.364654
0.440328
0.282579
0.498126
0.455442
0.524309
0.260118
0.698008
0.343757
0.490624
0.46829
0.605389
0.632786
0.736506
0.487243
0.181863
0.510399
0.871099
0.244267
0.269138
0.694439
0.726324
0.342855
0.303265
0.839983
0.333697
0.774729
0.743551
0.744109
0.49706
0.384406
0.591865
0.76052
0.50727
0.51062
0.212142
0.598497
0.86053
0.513858
0.278439
0.0773319
0.405095
0.457434
0.71179
0.325261
0.811509
0.521317
0.352691
0.675276
0.612189
0.711409
0.111332
0.880728
0.572004
0.437471
0.507963
0.450548
0.930353
0.363544
0.240071
0.523977
0.507151
0.31583
0.38264
0.342034
0.512815
0.632676
0.546672
0.539414
0.680905
0.264936
0.605692
0.625193
0.399237
0.225518
0.579114
0.530395
0.511139
0.624976
0.876469
0.299395
0.865761
0.433313
0.1115
0.651951
0.300141
0.632402
0.656493
0.442612
0.633666
0.361473
0.903671
0.631125
0.357913
0.240419
0.523673
0.825343
0.734128
0.450262
0.364764
0.278894
0.502102
0.462408
0.337001
0.368599
0.705479
0.581347
0.801982
0.428124
0.409766
0.179555
0.582479
0.698771
0.303246
0.576719
0.47099
0.33749
0.6126
0.303204
0.618633
0.595138
0.0321952
0.783232
0.304551
0.581724
0.368679
0.506645
0.512678
0.54378
0.563471
0.197706
0.481123
0.304067
0.710118
0.440285
0.256015
0.404595
0.478868
0.224279
0.405333
0.437226
0.657531
0.418354
0.370418
0.366112
0.288136
0.667393
0.207367
0.604656
0.408516
0.514526
0.263926
0.905741
0.294168
0.450532
0.5285
0.394395
0.748827
0.828063
0.168088
0.391096
0.634794
0.812542
0.145136
0.0532164
0.501309
0.381273
0.0859021
0.750966
0.208822
0.370078
0.393869
0.379262
0.0190511
0.183345
0.902412
0.31249
0.697886
0.446452
0.895257
0.196852
0.545639
0.444787
0.157603
0.444083
0.524533
0.453873
0.734147
0.277589
0.706791
0.750962
0.453883
0.561576
0.340939
0.377771
0.539535
0.427374
0.464066
0.702394
0.568092
0.848069
0.0214933
0.548643
0.317112
0.689387
0.552735
0.603768
0.0606572
0.705898
0.636438
0.398562
0.422817
0.718605
0.742317
0.232737
0.52213
0.502143
0.512642
0.786206
0.225835
0.363841
0.699692
0.543896
0.570042
0.587022
0.741485
0.735991
0.794675
0.84879
0.301097
0.362484
0.806631
0.857539
0.37276
0.573614
0.350099
0.674045
0.430733
0.696592
0.670687
0.306667
0.537373
0.45201
0.763829
0.467479
0.6201
0.245888
0.464381
0.541358
0.370557
0.648477
0.54212
0.490895
0.323601
0.509083
0.308625
0.67062
0.361207
0.275414
0.518446
0.366284
0.692346
0.591559
0.378168
0.757872
0.63185
0.683849
0.389693
0.315532
0.899504
0.38885
0.490265
0.69977
0.157681
0.350651
0.265423
0.312853
0.38696
0.270824
0.468434
0.436646
0.56198
0.427046
0.559904
0.529709
0.844417
0.215679
0.175478
0.817675
0.879159
0.887748
0.341801
0.807462
0.79853
0.542063
0.20757
0.236877
0.555577
0.35678
0.166519
0.623439
0.381018
0.461861
0.463899
0.323997
0.462162
0.197737
0.451414
0.621584
0.661152
0.62538
0.653999
0.517292
0.321807
0.342976
0.614179
0.259333
0.369383
0.654933
0.277558
0.263223
0.208395
0.597959
0.479915
0.477817
0.405308
0.361989
0.209149
0.881011
0.653215
0.293646
0.872531
0.0329641
0.714571
0.417311
0.242985
0.298003
0.898451
0.671608
0.841283
0.230543
0.435686
0.692701
0.800459
0.404725
0.46631
0.273203
0.133407
0.288663
0.159212
0.317211
0.475891
0.696519
0.466295
0.865906
0.808968
0.406698
0.208069
0.689869
0.19353
0.161583
0.441988
0.576589
0.804198
0.850104
0.539235
0.765221
0.471572
0.043233
0.562668
0.41327
0.784761
0.46602
0.683431
0.377177
0.136551
0.647154
0.593945
0.743576
0.790519
0.525064
0.580851
0.690899
0.804148
0.2824
0.835535
0.559855
0.45855
0.140158
0.237346
0.57165
0.0401311
0.217836
0.593188
0.497642
0.521319
0.743721
0.316928
0.733785
0.337757
0.703724
0.255692
0.0858428
0.312055
0.21001
0.602845
0.482248
0.395654
0.651094
0.676778
0.593772
0.669541
0.689879
0.200865
0.183179
0.652851
0.479521
0.815672
0.601859
0.419695
0.580674
0.424856
0.299436
0.635278
0.436901
0.468921
0.559578
0.521462
0.284482
0.496113
0.401085
0.890695
0.362777
0.430059
0.60588
0.49969
0.513374
0.504324
0.510087
0.13672
0.909752
0.542545
0.814094
0.947846
0.880803
0.519443
0.462678
0.219204
0.655467
0.365352
0.285022
0.668539
0.373747
0.310168
0.672109
0.575935
0.83063
0.549472
0.648643
0.430024
0.530674
0.316113
0.248677
0.623248
0.556509
0.527488
0.546571
0.351982
0.755868
0.33718
0.883159
0.830819
0.5283
0.247328
0.554132
0.594031
0.681138
0.845032
0.223998
0.722542
0.498741
0.435155
0.762637
0.305598
0.34137
0.887991
0.177824
0.63907
0.709303
0.751298
0.379159
0.205925
0.660895
0.752066
0.637059
0.320247
0.584276
0.707029
0.712813
0.198128
0.853059
0.357246
0.587649
0.213312
0.546021
0.338866
0.303307
0.0814146
0.315919
0.309599
0.374116
0.385414
0.727628
0.391046
0.709193
0.210682
0.462378
0.596089
0.0983774
0.516635
0.152206
0.635652
0.610001
0.362916
0.653619
0.100487
0.703004
0.672384
0.115975
0.96384
0.888157
0.60493
0.510105
0.435102
0.238779
0.401647
0.555321
0.510483
0.243291
0.617166
0.854919
0.52451
0.640658
0.180285
0.59593
0.328473
0.653261
0.21342
0.399666
0.443819
0.535456
0.316182
0.27509
0.507817
0.632957
0.206521
0.513637
0.705471
0.178781
0.655731
0.596215
0.638583
0.253637
0.305136
0.522415
0.504928
0.06798
0.278785
0.617626
0.645642
0.772294
0.387055
0.962527
0.377044
0.602054
0.341869
0.195578
0.77707
0.982258
0.779423
0.574288
0.281302
0.358753
0.327093
0.7945
0.406981
0.532954
0.586598
0.545373
0.325513
0.633238
0.67688
0.445371
0.317451
0.47846
0.141413
0.623181
0.653978
0.331956
0.642246
0.476151
0.753128
0.201233
0.315826
0.694497
0.467522
0.639563
0.645077
0.556122
0.296001
0.619078
0.712063
0.286431
0.709206
0.0759666
0.552444
0.388983
0.486729
0.22016
0.665532
0.17307
0.640952
0.634769
0.483708
0.557508
0.622817
0.482586
0.525941
0.377791
0.852691
0.143616
0.618782
0.0655451
0.292854
0.621776
0.343205
0.841582
0.687069
0.811174
0.448601
0.54109
0.459916
0.370607
0.369881
0.383255
0.129166
0.624667
0.506487
0.857166
0.286159
0.633971
0.202042
0.807864
0.402045
0.336151
0.341771
0.595179
0.394507
0.871173
0.91563
0.125114
0.325407
0.724879
0.344675
0.318405
0.892289
0.446258
0.715516
0.320031
0.435997
0.647381
0.504116
0.541227
0.235543
0.448107
0.399619
0.473622
0.434822
0.086044
0.777764
0.0727146
0.391626
0.618857
0.350624
0.261715
0.21766
0.48126
0.476321
0.581099
0.2617
0.540902
0.802969
0.465651
0.0617319
0.0813598
0.41166
0.768672
0.453518
0.619468
0.292941
0.608971
0.482814
0.368837
0.53111
0.464609
0.248894
0.659476
0.484878
0.689689
0.343484
0.320525
0.357841
0.736165
0.489113
0.472098
0.476613
0.708229
0.484601
0.333657
0.279946
0.786698
0.605455
0.458172
0.722491
0.796581
0.468504
0.0989235
0.578473
0.451902
0.150918
0.502326
0.372393
0.73466
0.463854
0.52588
0.557336
0.523626
0.443109
0.773385
0.6104
0.495377
0.368424
0.525273
0.235668
0.423627
0.307218
0.663384
0.486873
0.690346
0.957553
0.527057
0.285836
0.417546
0.411856
0.609179
0.772874
0.393659
0.162404
0.562121
0.748024
0.602405
0.319465
0.427415
0.526014
0.301611
0.523544
0.559933
0.524896
0.318849
0.626911
0.555288
0.341975
0.541725
0.431786
0.213553
0.757563
0.432366
0.450779
0.726297
0.176108
0.674904
0.45965
0.337661
0.906676
0.595647
0.51579
0.621857
0.654653
0.540008
0.40318
0.594495
0.210193
0.647266
0.233669
0.426403
0.455303
0.570599
0.59528
0.786781
0.661939
0.719765
0.4137
0.475309
0.621973
0.569104
0.618134
0.61598
0.752824
0.423261
0.625113
0.321667
0.588802
0.654085
0.733678
0.378374
0.439164
0.638623
0.735343
0.559708
0.723572
0.201775
0.667498
0.520762
0.150256
0.497241
0.777121
0.129337
0.860871
0.0835363
0.322938
0.301722
0.619994
0.542387
0.551258
0.588
0.580501
0.356319
0.568609
0.503638
0.424967
0.360133
0.250886
0.472796
0.896782
0.793721
0.433891
0.714894
0.334148
0.635753
0.396829
0.387495
0.559548
0.750666
0.363424
0.650872
0.922931
0.134518
0.502682
0.335805
0.327809
0.335229
0.623011
0.806594
0.376922
0.523746
0.642089
0.583979
0.362187
0.71658
0.515725
0.933076
0.50858
0.245954
0.469603
0.472568
0.292407
0.628495
0.758456
0.403675
0.232399
0.320909
0.250435
0.608819
0.551269
0.233352
0.685522
0.48594
0.592049
0.49737
0.583286
0.257979
0.226696
0.491999
0.387363
0.358676
0.405498
0.593252
0.254384
0.513442
0.468584
0.540344
0.458779
0.413176
0.191813
0.655924
0.539732
0.462426
0.39738
0.803999
0.222532
0.451766
0.265994
0.242346
0.276498
0.575565
0.496414
0.687761
0.610584
0.346053
0.235856
0.661667
0.153367
0.435536
0.630221
0.657193
0.826617
0.541465
0.607612
0.440926
0.923601
0.681545
0.616207
0.885042
0.479896
0.4939
0.804488
0.567431
0.623441
0.183227
0.18719
0.365676
0.571957
0.198523
0.625344
0.729384
0.382404
0.469227
0.717495
0.506226
0.533983
0.419953
0.517934
0.319272
0.54092
0.822446
0.245435
0.683558
0.45416
0.557325
0.514099
0.382522
0.544683
0.715667
0.610184
0.111675
0.70069
0.276911
0.271832
0.48688
0.46397
0.89797
0.431171
0.594638
0.837576
0.619202
0.891823
0.655953
0.490112
0.454103
0.69333
0.345531
0.0466487
0.236595
0.523747
0.553308
0.390179
0.54564
0.36163
0.532492
0.710779
0.742019
0.750195
0.521506
0.154893
0.804545
0.233543
0.568283
0.379558
0.348065
0.83384
0.373401
0.453624
0.486405
0.648194
0.390354
0.530184
0.55042
0.636046
0.501022
0.514302
0.502372
0.706134
0.583811
0.352671
0.558581
0.362816
0.410304
0.174923
0.335553
0.313833
0.680175
0.229921
0.501102
0.766613
0.70792
0.607274
0.609288
0.15212
0.820293
0.649591
0.631784
0.53026
0.359424
0.592388
0.711505
0.0779765
0.200216
0.476099
0.337492
0.281753
0.205894
0.231153
0.391041
0.504242
0.32434
0.327528
0.697464
0.536516
0.269212
0.602406
0.628539
0.461939
0.570572
0.743574
0.668205
0.33625
0.294124
0.134739
0.846256
0.335085
0.427742
0.397116
0.667299
0.4512
0.768146
0.337174
0.657829
0.668027
0.49598
0.793357
0.403651
0.735328
0.828384
0.53774
0.370768
0.480454
0.446192
0.716937
0.750933
0.571501
0.507299
0.407913
0.341166
0.685457
0.115308
0.628777
0.785182
0.316512
0.187403
0.80478
0.541828
0.491107
0.269372
0.78086
0.306772
0.253369
0.92785
0.341687
0.341745
0.576202
0.297079
0.508533
0.741131
0.280941
0.49387
0.602057
0.506559
0.366
0.20177
0.476334
0.761871
0.418747
0.462921
0.539944
0.31638
0.893891
0.740424
0.594753
0.304139
0.177276
0.699455
0.864807
0.459032
0.52013
0.413603
0.391744
0.335289
0.441932
0.783121
0.086919
0.493536
0.688899
0.740819
0.814189
0.824132
0.741315
0.643214
0.403671
0.190342
0.440141
0.361221
0.250975
0.299286
0.61823
0.69516
0.736012
0.441547
0.552736
0.480003
0.510671
0.211332
0.294458
0.192758
0.478111
0.196059
0.480784
0.536377
0.553291
0.512733
0.417998
0.302919
0.402267
0.511384
0.154869
0.699437
0.466945
0.443663
0.404116
0.577564
0.164991
0.325419
0.255384
0.903715
0.496663
0.461121
0.229221
0.540345
0.489082
0.938374
0.725106
0.116675
0.374025
0.572947
0.509227
0.5238
0.350446
0.456649
0.573415
0.385883
0.762672
0.537527
0.291731
0.185542
0.377275
0.587217
0.434653
0.444047
0.826173
0.464248
0.213971
0.30003
0.67317
0.182781
0.878329
0.255609
0.741104
0.798934
0.52621
0.465448
0.404623
0.324696
0.628986
0.868993
0.919645
0.502749
0.45283
0.283196
0.247245
0.492348
0.638744
0.794152
0.27237
0.432254
0.461084
0.860452
0.164006
0.504443
0.365648
0.855455
0.0333203
0.502525
0.230109
0.65423
0.492633
0.429316
0.146138
0.575475
0.485878
0.664456
0.460453
0.218349
0.448285
0.548146
0.210106
0.625684
0.369334
0.551609
0.137044
0.832677
0.401459
0.71665
0.672149
0.735529
0.812468
0.351152
0.956159
0.286984
0.670028
0.607556
0.742793
0.181845
0.331857
0.5277
0.349626
0.759719
0.0682176
0.827874
0.43863
0.586018
0.749049
0.978027
0.387144
0.274983
0.0842127
0.791696
0.730445
0.226784
0.322121
0.518906
0.310259
0.638947
0.312011
0.491001
0.353569
0.432021
0.453563
0.309487
0.549194
0.549925
0.64204
0.443612
0.414884
0.343351
0.527843
0.383893
0.796382
0.744286
0.718958
0.609219
0.466001
0.452851
0.748387
0.418899
0.558217
0.583354
0.303969
0.951075
0.872351
0.791633
0.785147
0.685804
0.579181
0.404423
0.432892
0.58269
0.593043
0.505514
0.110312
0.334794
0.630171
0.751973
0.640111
0.575584
0.396515
0.28349
0.59113
0.234347
0.875511
0.773131
0.522477
0.515854
0.572168
0.21016
0.225223
0.53742
0.380764
0.104433
0.546095
0.284058
0.3583
0.593756
0.345177
0.4704
0.796158
0.49485
0.252866
0.794606
0.591858
0.676877
0.685591
0.54
0.848055
0.703062
0.402548
0.567592
0.495636
0.867485
0.397177
0.427522
0.493565
0.874912
0.590016
0.517715
0.553739
0.233235
0.908926
0.289094
0.441084
0.649925
0.506289
0.731638
0.586267
0.482619
0.48073
0.504753
0.21214
0.163781
0.265811
0.266876
0.419342
0.511926
0.855287
0.118418
0.517649
0.406578
0.60139
0.64201
0.456745
0.327451
0.109502
0.285053
0.944285
0.564673
0.732081
0.199748
0.494607
0.757884
0.122005
0.490511
0.294359
0.51691
0.33821
0.411063
0.780726
0.852253
0.514836
0.133786
0.395253
0.573949
0.331679
0.450375
0.60526
0.214276
0.493714
0.760617
0.792086
0.342428
0.488528
0.508441
0.619701
0.254459
0.702748
0.811594
0.459983
0.763641
0.514716
0.321353
0.616173
0.44671
0.525839
0.197155
0.519948
0.419368
0.244914
0.280755
0.65928
0.156756
0.708428
0.336061
0.415005
0.115496
0.428084
0.252113
0.747856
0.465062
0.239652
0.493167
0.600933
0.547008
0.432445
0.364575
0.594161
0.637481
0.626384
0.326527
0.52857
0.515902
0.206406
0.547712
0.143185
0.502277
0.507026
0.503089
0.542311
0.216564
0.460905
0.477104
0.614907
0.472676
0.494341
0.566431
0.792114
0.521089
0.792514
0.852493
0.137504
0.309534
0.203013
0.43926
0.853931
0.490024
0.345585
0.568917
0.949648
0.449202
0.109024
0.517557
0.476187
0.501952
0.115601
0.352986
0.685214
0.827138
0.204363
0.262508
0.717558
0.438323
0.624815
0.323132
0.413844
0.608259
0.351953
0.520565
0.713965
0.277907
0.455165
0.694448
0.395992
0.590527
0.812128
0.501206
0.410352
0.248205
0.502347
0.485392
0.421232
0.278713
0.603373
0.416169
0.31548
0.34912
0.318862
0.595385
0.633744
0.730751
0.176448
0.233175
0.685622
0.607172
0.542715
0.509036
0.409077
0.259581
0.32244
0.321351
0.515686
0.836505
0.162407
0.144455
0.631431
0.428815
0.801668
0.464799
0.313986
0.47588
0.247704
0.499823
0.130851
0.511072
0.371798
0.294973
0.359487
0.738866
0.779637
0.264119
0.574893
0.683256
0.709905
0.641731
0.488053
0.357358
0.34204
0.444604
0.269476
0.213545
0.164659
0.627172
0.426854
0.116546
0.190869
0.825414
0.108784
0.250323
0.341178
0.525567
0.293753
0.172436
0.0964436
0.208288
0.824244
0.553752
0.712526
0.486912
0.601155
0.310963
0.357665
0.898221
0.21776
0.116141
0.268242
0.670869
0.451447
0.35074
0.516149
0.78351
0.724543
0.597766
0.651663
0.662058
0.583823
0.809419
0.552151
0.621415
0.436026
0.860232
0.804244
0.23689
0.529935
0.746648
0.223038
0.777348
0.623517
0.609947
0.326465
0.126358
0.358484
0.364539
0.208991
0.177247
0.338391
0.26977
0.581324
0.368403
0.336489
0.489561
0.3595
0.119479
0.324785
0.177321
0.507826
0.167709
0.307678
0.977725
0.08816
0.35437
0.265925
0.0639435
0.678286
0.379993
0.686038
0.877887
0.342138
0.476151
0.295333
0.498769
0.324649
0.812069
0.685289
0.356004
0.576625
0.683845
0.739377
0.587797
0.375476
0.478191
0.252627
0.42609
0.793464
0.854328
0.717722
0.698374
0.486609
0.777402
0.147814
0.451635
0.457075
0.632527
0.513449
0.334933
0.114968
0.755821
0.706278
0.674198
0.479688
0.880412
0.0347213
0.522314
0.37631
0.19203
0.547597
0.193853
0.47181
0.838205
0.225071
0.658448
0.744213
0.692947
0.338372
0.369137
0.582747
0.237885
0.439504
0.778683
0.0889403
0.311761
0.691144
0.522133
0.509929
0.870852
0.588798
0.529468
0.621243
0.398778
0.378689
0.627259
0.634672
0.24827
0.764519
0.379597
0.497574
0.470171
0.765661
0.330337
0.245924
0.504385
0.592437
0.702679
0.65959
0.328923
0.707217
0.687454
0.442451
0.579779
0.72217
0.344976
0.422224
0.496416
0.136921
0.931126
0.557826
0.483291
0.646062
0.148203
0.891013
0.712354
0.163862
0.86421
0.831481
0.568013
0.450433
0.627371
0.480783
0.334949
0.7216
0.650015
0.553005
0.768505
0.137512
0.609214
0.624182
0.422469
0.659188
0.809998
0.535755
0.633108
0.81652
0.117206
0.199976
0.60152
0.637197
0.658431
0.529774
0.746908
0.347506
0.144656
0.277425
0.526615
0.289302
0.19636
0.562905
0.277684
0.431731
0.187819
0.464442
0.809818
0.332669
0.155177
0.702898
0.388825
0.67751
0.51645
0.463682
0.24846
0.658018
0.423075
0.362217
0.649982
0.330614
0.639675
0.882081
0.503159
0.402903
0.505638
0.521151
0.337894
0.64347
0.78055
0.905778
0.577574
0.609416
0.464768
0.623754
0.656563
0.767552
0.403116
0.643785
0.525563
0.790149
0.448146
0.405033
0.917687
0.588535
0.441243
0.260136
0.760608
0.573938
0.46436
0.536707
0.60894
0.583905
0.35904
0.455677
0.666623
0.575548
0.476845
0.732786
0.53945
0.567907
0.0280401
0.927072
0.908437
0.23112
0.182699
0.335097
0.88852
0.598845
0.63687
0.621981
0.414517
0.563862
0.510451
0.402819
0.495344
0.858928
0.454568
0.425786
0.453645
0.69211
0.41379
0.958962
0.114238
0.476983
0.749191
0.356663
0.551559
0.864553
0.956273
0.800676
0.621555
0.54954
0.518804
0.412168
0.192725
0.405078
0.474955
0.659135
0.297242
0.525936
0.422439
0.401946
0.326649
0.672316
0.278877
0.498674
0.315656
0.158237
0.404052
0.417558
0.647376
0.486664
0.381333
0.373767
0.467021
0.376952
0.483002
0.531836
0.939
0.450204
0.682755
0.516323
0.892593
0.738641
0.54002
0.886577
0.479264
0.182561
0.314079
0.704689
0.253341
0.501711
0.158122
0.518793
0.567528
0.218467
0.518393
0.469672
0.263662
0.921813
0.683384
0.0921549
0.692619
0.660382
0.491632
0.821762
0.408364
0.518436
0.650961
0.641646
0.180261
0.152227
0.521093
0.437691
0.42287
0.349442
0.577208
0.505879
0.35906
0.837929
0.0534427
0.623324
0.753332
0.740435
0.349221
0.312906
0.358161
0.691116
0.491944
0.373818
0.225031
0.451025
0.548597
0.701791
0.599003
0.449985
0.565522
0.48087
0.534185
0.4202
0.526672
0.403581
0.367719
0.864
0.530298
0.390798
0.439997
0.518164
0.403956
0.371758
0.554041
0.556749
0.257193
0.396085
0.670487
0.642186
0.396985
0.34363
0.716709
0.0319223
0.427136
0.746944
0.567381
0.529111
0.481231
0.53054
0.584661
0.697064
0.598422
0.398354
0.882043
0.317401
0.379231
0.576176
0.427464
0.252375
0.828704
0.861927
0.396153
0.176677
0.718513
0.488674
0.427681
0.889523
0.327092
0.510873
0.677567
0.232921
0.434423
0.4436
0.262071
0.468045
0.279779
0.690241
0.293484
0.552642
0.598364
0.671316
0.047779
0.184623
0.0356099
0.613498
0.6898
0.609468
0.332483
0.583649
0.633825
0.223135
0.255953
0.280459
0.707217
0.441779
0.827263
0.361146
0.417489
0.471051
0.426215
0.530433
0.841422
0.120164
0.208996
0.413678
0.439355
0.610411
0.294311
0.348399
0.866332
0.678621
0.609523
0.443475
0.460034
0.739256
0.844359
0.170911
0.826166
0.323598
0.771146
0.281154
0.54577
0.152073
0.831858
0.192339
0.663783
0.520106
0.875071
0.731671
0.389385
0.505418
0.19954
0.550971
0.389475
0.464318
0.512183
0.358535
0.167212
0.317604
0.361103
0.27839
0.70609
0.487201
0.820465
0.451039
0.1819
0.598941
0.382961
0.524462
0.893114
0.593886
0.793819
0.360672
0.365186
0.881695
0.51214
0.324164
0.514042
0.628663
0.122505
0.459263
0.413942
0.516601
0.291396
0.551404
0.148074
0.465608
0.655917
0.662837
0.40705
0.325387
0.670631
0.208861
0.858916
0.660029
0.183842
0.781554
0.69983
0.546464
0.0666185
0.831828
0.500175
0.656075
0.712852
0.397515
0.717026
0.983553
0.741041
0.0378902
0.718546
0.430983
0.769931
0.538618
0.464508
0.864708
0.659799
0.63322
0.652721
0.366637
0.495907
0.608075
0.154124
0.641837
0.164524
0.690163
0.337662
0.674217
0.396729
0.845565
0.285312
0.308468
0.330211
0.139685
0.2106
0.357929
0.601106
0.537459
0.351338
0.286191
0.800811
0.676173
0.37684
0.488907
0.328487
0.259904
0.537197
0.527835
0.687655
0.650977
0.93018
0.470582
0.501824
0.630003
0.8505
0.208114
0.783494
0.134996
0.634448
0.511936
0.545038
0.356718
0.575808
0.720125
0.387943
0.459502
0.659407
0.685238
0.385579
0.324509
0.267166
0.668735
0.458071
0.298327
0.325977
0.72999
0.537929
0.509176
0.692766
0.649554
0.590846
0.733419
0.452452
0.675002
0.874366
0.716718
0.719895
0.324856
0.512129
0.249688
0.405106
0.385637
0.294798
0.452486
0.577552
0.155434
0.789859
0.733981
0.343296
0.303442
0.487907
0.669276
0.258326
0.120087
0.407046
0.306918
0.410901
0.430538
0.33135
0.709418
0.520353
0.352022
0.623178
0.195219
0.262632
0.52128
0.709203
0.947348
0.524388
0.344189
0.720574
0.356092
0.325505
0.978892
0.130319
0.455527
0.590244
0.223144
0.275238
0.69411
0.0824405
0.114883
0.511745
0.457987
0.381058
0.563759
0.509687
0.464967
0.426707
0.21426
0.346783
0.402203
0.0231009
0.314716
0.578219
0.339348
0.772638
0.759686
0.707786
0.671381
0.74301
0.627376
0.303075
0.104109
0.619753
0.70287
0.139221
0.775657
0.553595
0.2283
0.422864
0.106841
0.654154
0.331678
0.477016
0.802123
0.343551
0.44833
0.332645
0.803794
0.232782
0.566555
0.485666
0.46999
0.425654
0.118795
0.588004
0.650065
0.232817
0.430062
0.435044
0.828605
0.172209
0.768077
0.613411
0.574841
0.760264
0.468426
0.344347
0.452453
0.815771
0.39942
0.598164
0.413397
0.0984339
0.564224
0.601043
0.428675
0.317347
0.603517
0.481147
0.421475
0.538806
0.864416
0.518191
0.499033
0.903525
0.357083
0.718612
0.876542
0.873421
0.458139
0.623945
0.409681
0.448188
0.581246
0.697186
0.774362
0.839711
0.473823
0.582546
0.838481
0.823694
0.381288
0.697236
0.758205
0.695378
0.425323
0.62655
0.711024
0.670613
0.361887
0.729722
0.671933
0.36265
0.921962
0.735527
0.282923
0.734339
0.509682
0.362627
0.5071
0.217965
0.767477
0.526937
0.0573425
0.491118
0.357643
0.32101
0.518121
0.614847
0.508076
0.430331
0.423151
0.235226
0.493382
0.687732
0.40845
0.114474
0.649931
0.196539
0.340459
0.623296
0.446181
0.449821
0.244647
0.660125
0.551598
0.648917
0.466755
0.370961
0.585204
0.428465
0.134081
0.568453
0.407023
0.814265
0.808213
0.371229
0.38398
0.298545
0.705962
0.722205
0.769925
0.676415
0.297189
0.453227
0.753916
0.446634
0.564254
0.735771
0.730534
0.276044
0.638301
0.32415
0.62227
0.3343
0.634989
0.626627
0.140795
0.735646
0.331915
0.436481
0.527636
0.326583
0.709341
0.662488
0.194304
0.51916
0.475253
0.596772
0.228682
0.613433
0.487776
0.0656693
0.702423
0.84112
0.757745
0.581489
0.669518
0.394895
0.559485
0.642917
0.568153
0.62076
0.508668
0.349634
0.617735
0.418784
0.50519
0.670641
0.244497
0.731892
0.721499
0.141091
0.388821
0.752559
0.190365
0.502244
0.374238
0.529905
0.670833
0.823859
0.293286
0.33909
0.819777
0.375924
0.843165
0.742658
0.554118
0.802541
0.790524
0.428956
0.453184
0.288079
0.638964
0.792544
0.531857
0.62469
0.30607
0.399903
0.435919
0.559132
0.193154
0.472445
0.606347
0.620829
0.766571
0.767048
0.577015
0.355327
0.293575
0.628777
0.470429
0.488177
0.129451
0.355389
0.411398
0.441777
0.190122
0.110295
0.27411
0.677333
0.531905
0.649143
0.511624
0.828734
0.676555
0.221794
0.698352
0.765395
0.656511
0.250406
0.568505
0.734801
0.716381
0.277304
0.791715
0.698197
0.5084
0.672612
0.838895
0.427502
0.590958
0.577858
0.716943
0.358573
0.521602
0.362204
0.562817
0.513359
0.583119
0.244384
0.371
0.366793
0.259811
0.384933
0.580989
0.136335
0.369797
0.316703
0.283459
0.343488
0.449489
0.63115
0.637763
0.305225
0.582237
0.385149
0.264558
0.564657
0.680886
0.18743
0.233346
0.207297
0.402612
0.751732
0.465648
0.512526
0.335198
0.189836
0.393107
0.877195
0.100929
0.22327
0.331151
0.275261
0.643745
0.517098
0.350679
0.476854
0.0763473
0.619383
0.362565
0.572767
0.257713
0.599955
0.895467
0.703865
0.252134
0.43369
0.681453
0.885003
0.304659
0.415872
0.514061
0.482482
0.583659
0.317042
0.569765
0.233476
0.630622
0.406312
0.459009
0.603154
0.473985
0.657079
0.482235
0.615794
0.774361
0.596724
0.507244
0.8632
0.551777
0.508872
0.467019
0.417372
0.192869
0.61735
0.424426
0.522952
0.551369
0.486884
0.49713
0.323604
0.855004
0.115962
0.530332
0.528425
0.445054
0.95894
0.906651
0.330048
0.542698
0.721565
0.264333
0.463269
0.512737
0.488375
0.942086
0.397354
0.546889
0.761105
0.278933
0.579507
0.694318
0.451011
0.380645
0.62193
0.417954
0.349181
0.343206
0.51825
0.355282
0.109036
0.733646
0.492524
0.528103
0.763707
0.716915
0.468323
0.506152
0.654393
0.744628
0.377131
0.425832
0.688474
0.159982
0.522442
0.0516103
0.339696
0.708177
0.833857
0.310178
0.94651
0.370884
0.877308
0.805242
0.295195
0.576872
0.663587
0.425225
0.766097
0.401459
0.285688
0.791035
0.485767
0.390167
0.821519
0.272895
0.414299
0.974526
0.805301
0.262893
0.492383
0.750424
0.87885
0.764779
0.200801
0.1346
0.40101
0.408607
0.407961
0.387724
0.675114
0.281374
0.397829
0.29092
0.343569
0.364861
0.118004
0.796497
0.625905
0.579784
0.539916
0.465889
0.609874
0.455023
0.591865
0.493391
0.849906
0.588556
0.860204
0.440956
0.626398
0.471616
0.540962
0.137247
0.353399
0.351035
0.787978
0.495847
0.209197
0.360524
0.405753
0.568413
0.459635
0.726215
0.475087
0.565986
0.440612
0.324153
0.613703
0.266062
0.494641
0.428776
0.236859
0.89684
0.48448
0.145907
0.406001
0.288579
0.440305
0.587616
0.0861084
0.652819
0.478416
0.448499
0.261203
0.453481
0.33976
0.724855
0.206793
0.442301
0.153437
0.633796
0.549484
0.329752
0.189309
0.404954
0.756845
0.349205
0.717905
0.912012
0.531622
0.556872
0.875395
0.276223
0.307665
0.315502
0.8045
0.613265
0.672332
0.571229
0.414268
0.324688
0.0207592
0.597915
0.415653
0.384623
0.468006
0.512005
0.826286
0.882891
0.329934
0.525979
0.814571
0.410968
0.594421
0.395047
0.425968
0.283906
0.94046
0.417553
0.695726
0.458126
0.660407
0.58462
0.633142
0.523476
0.374576
0.261756
0.230392
0.321881
0.208968
0.65936
0.109762
0.390835
0.585664
0.658223
0.719508
0.676658
0.337796
0.460143
0.10117
0.251461
0.331412
0.505486
0.597921
0.35279
0.416604
0.42401
0.809813
0.512626
0.539235
0.56017
0.420712
0.231476
0.359151
0.749652
0.453628
0.275292
0.3152
0.242629
0.22408
0.231649
0.76332
0.506429
0.360551
0.273548
0.540674
0.443527
0.789956
0.273177
0.463083
0.490233
0.524783
0.42544
0.168867
0.589795
0.35524
0.635933
0.641623
0.445979
0.499726
0.666699
0.876435
0.857289
0.193268
0.794463
0.635392
0.717847
0.32665
0.211544
0.643251
0.671384
0.256847
0.593106
0.414323
0.454871
0.397431
0.482365
0.626441
0.515648
0.208907
0.536597
0.453905
0.690823
0.223885
0.672777
0.362738
0.572639
0.678531
0.506337
0.820281
0.433777
0.535453
0.756168
0.87618
0.349791
0.466865
0.872659
0.769997
0.842127
0.451205
0.724543
0.686156
0.197234
0.689095
0.258587
0.521531
0.130265
0.171357
0.440098
0.503747
0.503321
0.475434
0.12074
0.586145
0.0384938
0.707715
0.704638
0.572314
0.35754
0.36575
0.348181
0.151125
0.518185
0.621655
0.499583
0.151216
0.0993869
0.419204
0.740183
0.98891
0.724591
0.562516
0.321998
0.559547
0.425673
0.821975
0.509012
0.221089
0.476122
0.598437
0.639699
0.489711
0.607684
0.412877
0.864021
0.496715
0.530303
0.405958
0.711167
0.468659
0.373459
0.558375
0.768476
0.74986
0.843049
0.333851
0.863667
0.387556
0.639421
0.195259
0.620702
0.681783
0.419277
0.680936
0.295592
0.438621
0.529444
0.620906
0.896288
0.468581
0.429302
0.226798
0.566741
0.0908696
0.498397
0.247822
0.198264
0.425631
0.456859
0.628579
0.662886
0.404413
0.881067
0.550857
0.697285
0.465629
0.561002
0.746216
0.368623
0.525997
0.316305
0.322193
0.604055
0.667477
0.275537
0.282724
0.655185
0.626378
0.250123
0.610952
0.601346
0.62875
0.236052
0.325336
0.387533
0.833133
0.600386
0.360959
0.573139
0.504945
0.816016
0.447541
0.377704
0.380464
0.669646
0.271943
0.503568
0.244175
0.469823
0.48127
0.659049
0.740522
0.52157
0.296152
0.578508
0.50644
0.422056
0.392693
0.328647
0.418733
0.790329
0.44409
0.307794
0.612095
0.408673
0.394332
0.402852
0.888617
0.771209
0.709805
0.396225
0.0945655
0.367195
0.500392
0.853564
0.309501
0.144614
0.437874
0.126652
0.537871
0.289407
0.681433
0.340491
0.713556
0.81455
0.34093
0.678626
0.359962
0.391479
0.598741
0.62731
0.266503
0.596567
0.638343
0.0912018
0.558344
0.82281
0.597953
0.767305
0.499347
0.369052
0.423317
0.488699
0.164944
0.32633
0.215728
0.366706
0.576436
0.305675
0.377455
0.723328
0.762635
0.579376
0.402456
0.581613
0.708121
0.435688
0.338512
0.248777
0.396301
0.385672
0.488248
0.477045
0.734271
0.532683
0.48879
0.324007
0.566799
0.455364
0.618615
0.474312
0.197843
0.711345
0.568362
0.556651
0.726645
0.20144
0.460532
0.335559
0.395705
0.615592
0.529011
0.330564
0.30171
0.297298
0.428733
0.481995
0.436847
0.210461
0.93149
0.322255
0.743685
0.181606
0.506355
0.914971
0.256121
0.443955
0.650452
0.596049
0.473557
0.763037
0.433233
0.106721
0.324572
0.424005
0.588081
0.678019
0.306783
0.268827
0.109392
0.450262
0.465443
0.759585
0.609201
0.543858
0.556323
0.497547
0.510481
0.705559
0.72787
0.343944
0.297357
0.616035
0.490193
0.177866
0.736116
0.851778
0.688252
0.611804
0.393055
0.150724
0.675612
0.201492
0.511338
0.353038
0.342278
0.681307
0.41211
0.805156
0.472338
0.689891
0.535584
0.567798
0.418536
0.29536
0.453724
0.711201
0.543223
0.670775
0.522796
0.379613
0.487598
0.605984
0.594671
0.541145
0.730506
0.581783
0.600521
0.599687
0.658464
0.599132
0.527661
0.836768
0.501818
0.385147
0.435077
0.289291
0.447193
0.836374
0.23869
0.783015
0.400348
0.768584
0.52404
0.872768
0.570539
0.193754
0.529886
0.642676
0.539085
0.224019
0.546588
0.759525
0.460354
0.40701
0.5811
0.228668
0.659535
0.237196
0.486403
0.666026
0.712521
0.48628
0.505184
0.575665
0.630745
0.387589
0.441076
0.426513
0.477115
0.442296
0.488645
0.382967
0.494973
0.349476
0.606183
0.303779
0.464484
0.270011
0.621054
0.335675
0.7718
0.601424
0.371389
0.159021
0.784899
0.764461
0.403338
0.57137
0.212925
0.592832
0.290206
0.312433
0.75739
0.497619
0.686773
0.344677
0.555392
0.68261
0.384192
0.523855
0.616363
0.663875
0.931236
0.352236
0.551437
0.356455
0.316645
0.245458
0.71255
0.505682
0.182973
0.215747
0.658629
0.545599
0.420035
0.64611
0.34782
0.159841
0.558895
0.780948
0.75443
0.811317
0.385646
0.379689
0.801349
0.518763
0.286073
0.675506
0.594789
0.72588
0.623129
0.667319
0.39761
0.57999
0.48189
0.478962
0.46684
0.472045
0.371855
0.486101
0.634612
0.76115
0.871972
0.393063
0.591239
0.499594
0.595221
0.504627
0.933801
0.286404
0.529767
0.46091
0.31017
0.518811
0.51323
0.378168
0.490979
0.504399
0.48336
0.668568
0.452471
0.677229
0.327932
0.614118
0.500589
0.876594
0.171808
0.172893
0.497851
0.457354
0.7705
0.940932
0.693671
0.378776
0.245029
0.434515
0.767614
0.649501
0.547938
0.461412
0.172769
0.687455
0.587977
0.195071
0.349757
0.195264
0.59166
0.343917
0.445023
0.276757
0.711554
0.0229099
0.321815
0.263568
0.209364
0.402666
0.347672
0.430328
0.289438
0.561694
0.565275
0.612646
0.815866
0.140999
0.728148
0.676678
0.131725
0.651435
0.070836
0.607683
0.867777
0.679102
0.783908
0.285283
0.272991
0.151682
0.614295
0.2053
0.451111
0.460364
0.385125
0.714691
0.614102
0.581734
0.538273
0.782425
0.670142
0.728181
0.496329
0.782767
0.693836
0.102891
0.105489
0.378534
0.560053
0.487689
0.481063
0.333126
0.178066
0.402937
0.494747
0.236625
0.195115
0.514558
0.116555
0.300716
0.54101
0.203182
0.491264
0.469729
0.488379
0.445643
0.563441
0.833396
0.174742
0.393559
0.27846
0.746113
0.378064
0.583927
0.828458
0.505287
0.299892
0.711428
0.468761
0.577805
0.170062
0.77287
0.92608
0.66157
0.562178
0.414889
0.61648
0.613415
0.755169
0.542909
0.487969
0.563302
0.586138
0.56157
0.436269
0.277677
0.743909
0.705547
0.487128
0.254739
0.519135
0.289001
0.306132
0.666518
0.261001
0.668071
0.536589
0.454559
0.735434
0.40286
0.36444
0.297865
0.715758
0.464658
0.390439
0.776288
0.381885
0.614508
0.615873
0.63484
0.313931
0.347231
0.317973
0.712114
0.333425
0.42941
0.441668
0.739348
0.900699
0.252111
0.439707
0.568225
0.388378
0.473183
0.265028
0.480514
0.423767
0.556167
0.406967
0.418668
0.670212
0.452167
0.353019
0.413811
0.379712
0.258809
0.474748
0.64866
0.214155
0.480579
0.341749
0.263122
0.0559743
0.573838
0.560473
0.787182
0.103781
0.666455
0.552076
0.879403
0.205072
0.387815
0.799294
0.582585
0.28439
0.133763
0.518594
0.616005
0.486867
0.63927
0.39951
0.153852
0.816746
0.568189
0.885079
0.252125
0.588913
0.895732
0.269665
0.554068
0.346423
0.409298
0.425075
0.412264
0.884138
0.753208
0.431854
0.211548
0.45077
0.471899
0.926742
0.370976
0.309328
0.655412
0.653722
0.467984
0.287172
0.064594
0.536579
0.198589
0.347112
0.327671
0.524634
0.311874
0.603059
0.58369
0.387102
0.394996
0.0683567
0.243136
0.869442
0.409419
0.67979
0.595747
0.439001
0.97503
0.641083
0.386533
0.436245
0.663944
0.669278
0.582251
0.448802
0.410302
0.536273
0.553381
0.71252
0.788859
0.543943
0.305007
0.328507
0.898846
0.360121
0.520253
0.516967
0.758016
0.517284
0.66105
0.394161
0.62527
0.316509
0.644294
0.682352
0.501297
0.304094
0.430982
0.605762
0.490546
0.752724
0.797886
0.687662
0.342104
0.47605
0.984837
0.38141
0.731976
0.56562
0.51701
0.515781
0.427384
0.430149
0.794715
0.924025
0.420257
0.444683
0.339482
0.305922
0.279694
0.124138
0.513575
0.729487
0.512015
0.502646
0.531932
0.53799
0.604737
0.244861
0.414757
0.55047
0.452532
0.293539
0.252026
0.529034
0.616688
0.362115
0.146929
0.570735
0.26484
0.542262
0.665097
0.439896
0.397553
0.382352
0.54435
0.400121
0.127741
0.609009
0.132013
0.78316
0.685702
0.75328
0.142438
0.73091
0.636724
0.286068
0.307752
0.591446
0.492621
0.38213
0.0838672
0.601765
0.758149
0.473751
0.337814
0.448085
0.0758408
0.117071
0.260491
0.695845
0.428491
0.606427
0.312278
0.500166
0.549894
0.902989
0.321613
0.455224
0.316821
0.398849
0.234928
0.866917
0.79608
0.35954
0.589239
0.524172
0.460129
0.0571877
0.487566
0.524356
0.835707
0.0411447
0.456121
0.639357
0.297478
0.548387
0.117268
0.290113
0.460373
0.525256
0.502558
0.565455
0.570411
0.345703
0.246987
0.450292
0.666805
0.237006
0.353066
0.530174
0.623414
0.267488
0.507595
0.363211
0.322612
0.555023
0.704197
0.84312
0.329654
0.600493
0.61207
0.542826
0.493274
0.254932
0.48993
0.488429
0.683625
0.648206
0.540227
0.767628
0.489567
0.233786
0.811234
0.461558
0.543733
0.66894
0.775026
0.178737
0.448518
0.220373
0.541529
0.476071
0.574247
0.867615
0.629153
0.623922
0.639934
0.313089
0.929961
0.396768
0.627483
0.679388
0.923229
0.172232
0.694402
0.69875
0.559535
0.360927
0.123448
0.532512
0.624659
0.266871
0.577604
0.292477
0.677324
0.529927
0.425615
0.602024
0.52878
0.401958
0.889683
0.300466
0.699121
0.768993
0.277894
0.265069
0.161624
0.501753
0.447289
0.344206
0.601051
0.783243
0.559257
0.542906
0.806297
0.348896
0.609864
0.296408
0.445845
0.343711
0.428906
0.263835
0.402575
0.451209
0.440625
0.865634
0.451579
0.217493
0.87626
0.505531
0.542034
0.154527
0.546581
0.228329
0.79591
0.771596
0.756445
0.574458
0.378649
0.102052
0.320884
0.643682
0.25892
0.450593
0.0833931
0.354297
0.497461
0.308633
0.814659
0.498469
0.342909
0.4336
0.169041
0.804488
0.131582
0.661403
0.0944066
0.615719
0.167575
0.756598
0.63854
0.714253
0.590439
0.576112
0.694961
0.422809
0.2242
0.0415833
0.917794
0.516658
0.359844
0.831527
0.656893
0.711268
0.48264
0.204485
0.481035
0.541495
0.0571023
0.77218
0.641153
0.732318
0.880013
0.61927
0.462576
0.0349982
0.272054
0.612751
0.742671
0.258891
0.38021
0.196122
0.67826
0.0985989
0.797582
0.49534
0.878504
0.00657025
0.578438
0.687054
0.668553
0.398176
0.35079
0.743823
0.505068
0.442637
0.73522
0.762765
0.566621
0.569453
0.108691
0.42749
0.42286
0.524116
0.159397
0.510046
0.411149
0.694417
0.72993
0.889108
0.556012
0.792426
0.519838
0.479488
0.965042
0.54787
0.506695
0.310537
0.347905
0.513974
0.450743
0.768723
0.667594
0.512403
0.38864
0.181977
0.292985
0.69274
0.225544
0.356901
0.539082
0.634358
0.843302
0.208912
0.628837
0.792619
0.809599
0.51156
0.673158
0.242503
0.365138
0.233778
0.341455
0.394007
0.262012
0.569538
0.39383
0.375413
0.417982
0.667338
0.390589
0.270845
0.742066
0.74902
0.220214
0.462729
0.693357
0.217752
0.440914
0.511034
0.785929
0.380297
0.473662
0.279723
0.789757
0.373241
0.888712
0.314876
0.554428
0.0482805
0.178245
0.643777
0.76564
0.637282
0.602637
0.492891
0.412864
0.620287
0.847028
0.645645
0.491574
0.933175
0.551049
0.446102
0.488972
0.488059
0.312924
0.407539
0.324574
0.887839
0.367307
0.548587
0.765321
0.583485
0.454362
0.934345
0.350392
0.372637
0.40833
0.363806
0.797557
0.332928
0.482393
0.573456
0.28711
0.722005
0.490608
0.512952
0.810104
0.695549
0.397256
0.422956
0.616108
0.46864
0.241802
0.775274
0.706046
0.786484
0.288863
0.727085
0.604078
0.726945
0.384923
0.137059
0.438103
0.816189
0.847018
0.87215
0.602447
0.0244305
0.776029
0.517644
0.222741
0.682753
0.763658
0.545261
0.858226
0.42371
0.645266
0.287598
0.739647
0.534444
0.650737
0.442484
0.542932
0.195719
0.744982
0.455883
0.743926
0.475196
0.66384
0.112227
0.803918
0.59774
0.487564
0.539552
0.428535
0.316267
0.71299
0.0939023
0.865083
0.477796
0.159542
0.641261
0.909664
0.382703
0.458521
0.9611
0.551596
0.469936
0.427413
0.646562
0.867867
0.363771
0.231301
0.202768
0.585932
0.462911
0.604549
0.714702
0.662959
0.551943
0.083001
0.57506
0.600148
0.817695
0.527449
0.373347
0.650819
0.545524
0.363488
0.630796
0.532024
0.477299
0.393515
0.53937
0.46541
0.595448
0.53886
0.582626
0.420305
0.155262
0.541433
0.674569
0.689466
0.257265
0.405022
0.480272
0.586986
0.707208
0.409127
0.546897
0.622487
0.364797
0.418113
0.381402
0.29218
0.582787
0.283203
0.2045
0.764787
0.572406
0.554516
0.269917
0.669824
0.423325
0.457664
0.781591
0.671552
0.318295
0.929563
0.424665
0.60009
0.413455
0.548597
0.64188
0.490981
0.541722
0.845477
0.76579
0.647047
0.412962
0.965463
0.627032
0.285749
0.342496
0.505484
0.405167
0.787773
0.688075
0.41848
0.314329
0.647211
0.501562
0.322443
0.201584
0.38176
0.229377
0.345542
0.199405
0.146881
0.386971
0.566743
0.570531
0.177134
0.686485
0.770999
0.106705
0.329907
0.750004
0.539628
0.622717
0.622843
0.367619
0.362519
0.391961
0.240417
0.77167
0.0245011
0.404613
0.35364
0.545164
0.831199
0.637762
0.378747
0.450285
0.460202
0.588561
0.437343
0.47625
0.823945
0.554975
0.525739
0.526282
0.0966027
0.909205
0.321492
0.09042
0.586105
0.1895
0.52945
0.620916
0.834332
0.467208
0.389206
0.714337
0.42618
0.795579
0.434753
0.620936
0.516797
0.720456
0.63169
0.496529
0.393419
0.373572
0.746494
0.571829
0.634108
0.557145
0.667467
0.863082
0.582933
0.881842
0.652
0.947648
0.214902
0.794389
0.686136
0.878196
0.611938
0.51913
0.1889
0.645958
0.123476
0.770196
0.367031
0.801465
0.0645927
0.73547
0.629388
0.411868
0.0460389
0.395871
0.420879
0.426725
0.581829
0.266477
0.262186
0.1256
0.141308
0.610132
0.62517
0.955277
0.776478
0.497505
0.788658
0.493511
0.647068
0.125445
0.571633
0.699258
0.282883
0.850912
0.209637
0.662957
0.675732
0.681299
0.31685
0.328912
0.504125
0.151406
0.364732
0.636846
0.498342
0.718358
0.724704
0.670468
0.498868
0.561125
0.696002
0.0942175
0.807847
0.461656
0.512028
0.229307
0.453743
0.187862
0.343047
0.328619
0.768916
0.850199
0.856436
0.65608
0.316116
0.356535
0.33675
0.496562
0.602945
0.574593
0.398036
0.291383
0.415957
0.795741
0.944008
0.723777
0.523314
0.68349
0.564309
0.217588
0.284463
0.62794
0.626006
0.347459
0.52737
0.293901
0.370172
0.414386
0.380976
0.563535
0.60769
0.678186
0.868009
0.889626
0.692813
0.157557
0.0686614
0.585846
0.216295
0.645632
0.469138
0.516269
0.493636
0.218487
0.93329
0.67567
0.431905
0.0476918
0.115714
0.38053
0.557221
0.714865
0.418404
0.260861
0.503213
0.853074
0.440439
0.935691
0.0399272
0.631019
0.25404
0.0880734
0.516764
0.612927
0.0456287
0.484403
0.46839
0.069278
0.785072
0.600523
0.468165
0.517481
0.54015
0.65415
0.800824
0.711731
0.559182
0.667361
0.668861
0.489215
0.337749
0.299931
0.761709
0.264728
0.413334
0.64694
0.232272
0.434475
0.754483
0.462953
0.383083
0.326428
0.301557
0.77802
0.918197
0.380965
0.259383
0.463346
0.533327
0.660663
0.235734
0.279614
0.774596
0.709007
0.673891
0.529102
0.686976
0.278377
0.465014
0.301969
0.300974
0.539915
0.681984
0.562699
0.286773
0.520845
0.398367
0.507824
0.267785
0.575299
0.704364
0.721059
0.771783
0.506851
0.278688
0.574863
0.861388
0.786616
0.506432
0.433718
0.693114
0.848986
0.245799
0.296953
0.484289
0.834701
0.351227
0.308304
0.811381
0.462183
0.679575
0.723522
0.325531
0.454521
0.574885
0.571645
0.667751
0.580571
0.59333
0.413109
0.726242
0.770855
0.65358
0.769034
0.34304
0.766716
0.851526
0.888859
0.400549
0.616051
0.647336
0.393407
0.466997
0.740268
0.61474
0.770454
0.232165
0.901517
0.34749
0.440402
0.512562
0.271011
0.668771
0.318681
0.652163
0.450027
0.520982
0.584503
0.507555
0.174283
0.673635
0.765569
0.513586
0.426434
0.83608
0.245651
0.518879
0.614694
0.372125
0.814732
0.413681
0.609826
0.370543
0.264988
0.11202
0.467045
0.426528
0.083278
0.574735
0.73063
0.0446114
0.732536
0.461238
0.401319
0.305967
0.518374
0.179635
0.451654
0.38766
0.208921
0.383533
0.151586
0.525768
0.458262
0.468401
0.8025
0.738716
0.157391
0.292105
0.59662
0.54415
0.519245
0.43716
0.482291
0.29748
0.351654
0.912705
0.32301
0.250445
0.876875
0.641109
0.926062
0.383878
0.849238
0.578898
0.259521
0.732944
0.27131
0.388243
0.885704
0.330574
0.319338
0.519952
0.264394
0.393409
0.203508
0.520725
0.50676
0.624308
0.588283
0.777693
0.215294
0.479148
0.800647
0.515964
0.48788
0.22829
0.715023
0.736344
0.694535
0.732506
0.215898
0.799614
0.390186
0.45932
0.233211
0.722007
0.780223
0.11149
0.689363
0.447856
0.51928
0.859691
0.395723
0.226112
0.746884
0.414176
0.533743
0.866489
0.533097
0.695347
0.331618
0.529805
0.647158
0.143448
0.820001
0.569514
0.534264
0.528178
0.474823
0.853925
0.289063
0.577522
0.425
0.340051
0.386102
0.751717
0.447983
0.631835
0.541338
0.765609
0.864831
0.341567
0.34688
0.545949
0.2842
0.600075
0.19233
0.546992
0.474251
0.657581
0.347391
0.398311
0.443539
0.124432
0.255844
0.69569
0.504377
0.773146
0.342386
0.654392
0.530445
0.526678
0.660374
0.421778
0.597497
0.671567
0.646891
0.503233
0.942426
0.649909
0.676072
0.214359
0.359576
0.504975
0.523873
0.368556
0.87954
0.498033
0.226806
0.890078
0.887767
0.707533
0.520208
0.868614
0.2185
0.507659
0.402596
0.714967
0.621929
0.455202
0.153375
0.323823
0.204383
0.858251
0.530732
0.596335
0.275911
0.0361583
0.531746
0.232675
0.737165
0.699096
0.581787
0.0953162
0.366031
0.481098
0.34684
0.202896
0.229531
0.769287
0.47977
0.389573
0.490955
0.212837
0.406366
0.516176
0.586613
0.60956
0.553577
0.819605
0.528842
0.509755
0.482325
0.321236
0.807532
0.412502
0.909902
0.280969
0.804388
0.237795
0.228969
0.891375
0.532848
0.530305
0.425736
0.478656
0.540087
0.590899
0.780803
0.949075
0.0612254
0.756862
0.851519
0.438774
0.542765
0.489882
0.371371
0.251621
0.432855
0.72371
0.184035
0.676562
0.588153
0.324949
0.418956
0.44812
0.626381
0.596929
0.511046
0.548717
0.35299
0.387174
0.505852
0.659703
0.240304
0.734815
0.447677
0.571872
0.505855
0.619445
0.533315
0.801085
0.229058
0.563739
0.577518
0.368006
0.704662
0.727514
0.564742
0.853095
0.338159
0.65233
0.479361
0.401449
0.260454
0.226971
0.975147
0.612166
0.33206
0.311713
0.463486
0.801065
0.61386
0.662093
0.505433
0.384196
0.432563
0.52223
0.559363
0.315108
0.532299
0.517692
0.675435
0.156592
0.584844
0.584717
0.589611
0.325117
0.572729
0.255232
0.240189
0.473717
0.742379
0.617055
0.833008
0.349182
0.366461
0.439646
0.479349
0.557369
0.811283
0.364392
0.822352
0.0937515
0.669265
0.0834521
0.590118
0.65532
0.718761
0.26406
0.740899
0.36712
0.381748
0.61989
0.309573
0.667352
0.269643
0.803897
0.674095
0.546592
0.381648
0.326994
0.622691
0.289646
0.529128
0.43532
0.641293
0.795257
0.521463
0.559655
0.517864
0.734757
0.419147
0.15016
0.375103
0.353196
0.531516
0.306879
0.232187
0.525851
0.539916
0.802922
0.733983
0.481868
0.830285
0.376612
0.284216
0.430253
0.427512
0.857795
0.426682
0.5193
0.880553
0.420662
0.822425
0.788779
0.532491
0.46238
0.395073
0.507647
0.241648
0.547383
0.423009
0.313743
0.653821
0.597787
0.744911
0.483557
0.854754
0.429983
0.451172
0.869889
0.386579
0.527372
0.532016
0.775721
0.86
0.60342
0.455517
0.818976
0.341119
0.364075
0.504329
0.53286
0.880761
0.553059
0.295591
0.200075
0.465615
0.298954
0.568292
0.209329
0.222299
0.733383
0.808145
0.334101
0.253098
0.38117
0.290942
0.364412
0.318623
0.315226
0.298111
0.882486
0.938359
0.212355
0.667093
0.385299
0.0231362
0.745136
0.495775
0.456291
0.489245
0.515911
0.673941
0.622634
0.475376
0.610663
0.852095
0.563494
0.771173
0.764487
0.303407
0.431432
0.287865
0.340479
0.649592
0.498571
0.712834
0.396506
0.805488
0.239064
0.183807
0.428428
0.386673
0.719907
0.625326
0.62529
0.29386
0.515934
0.47809
0.655759
0.748774
0.326965
0.526144
0.44197
0.157956
0.403348
0.43077
0.695918
0.210121
0.440576
0.393702
0.136044
0.393691
0.25701
0.513915
0.521475
0.415408
0.606086
0.72725
0.505086
0.507994
0.49347
0.51945
0.192892
0.471163
0.280513
0.611288
0.397768
0.570255
0.380754
0.697305
0.393993
0.132013
0.531306
0.182798
0.832024
0.776797
0.79333
0.749932
0.489172
0.0975647
0.265635
0.473817
0.652828
0.0624018
0.455446
0.520956
0.412512
0.741052
0.625621
0.0511153
0.541722
0.835947
0.3258
0.602449
0.359153
0.571399
0.626275
0.198941
0.162886
0.335122
0.5304
0.347028
0.534402
0.585794
0.17933
0.590033
0.328185
0.388207
0.629385
0.407705
0.626241
0.400354
0.337576
0.964302
0.786316
0.538836
0.507471
0.440134
0.702027
0.651915
0.410676
0.78381
0.588793
0.532646
0.806613
0.488618
0.390355
0.644466
0.544897
0.156895
0.458198
0.582692
0.573357
0.838947
0.494197
0.0692003
0.925547
0.523513
0.181768
0.623454
0.17228
0.757885
0.591599
0.357639
0.452348
0.66807
0.276034
0.431253
0.520816
0.550807
0.215355
0.832733
0.554377
0.575251
0.515916
0.0318459
0.329668
0.75573
0.863253
0.803343
0.252588
0.468577
0.394296
0.73395
0.286922
0.553701
0.37564
0.102939
0.144376
0.570613
0.675769
0.420408
0.502871
0.612204
0.127188
0.303853
0.17601
0.698004
0.430941
0.396674
0.536488
0.589991
0.514942
0.443866
0.885198
0.753706
0.285249
0.639275
0.453351
0.418436
0.384839
0.582406
0.237433
0.503005
0.589011
0.204874
0.618784
0.736265
0.324077
0.859066
0.246189
0.219159
0.312986
0.353505
0.30884
0.491181
0.656861
0.457658
0.75843
0.358672
0.696449
0.607557
0.225666
0.733686
0.516199
0.484463
0.603323
0.375469
0.522409
0.51103
0.63273
0.0150585
0.52459
0.749806
0.743413
0.607443
0.367248
0.271541
0.0792445
0.563213
0.401595
0.797579
0.633973
0.368057
0.269743
0.760568
0.562063
0.546854
0.726441
0.757759
0.687606
0.449914
0.487066
0.515349
0.477227
0.750074
0.618962
0.702491
0.557616
0.696425
0.353021
0.428843
0.842241
0.366253
0.262349
0.166724
0.39503
0.621924
0.726432
0.732121
0.0240455
0.381853
0.476307
0.349893
0.80062
0.759778
0.615259
0.166524
0.586607
0.657385
0.459412
0.745592
0.384612
0.492305
0.784659
0.410907
0.875898
0.324589
0.354593
0.551648
0.663226
0.565479
0.504893
0.372226
0.588987
0.505555
0.451821
0.193493
0.962571
0.315652
0.567597
0.865733
0.327838
0.621236
0.627254
0.649185
0.566845
0.334735
0.29663
0.503975
0.517346
0.193537
0.528234
0.494892
0.539169
0.374499
0.502349
0.281798
0.571024
0.0568719
0.548698
0.695145
0.459815
0.239863
0.675812
0.387489
0.316672
0.781795
0.299702
0.142609
0.267989
0.24528
0.692079
0.688188
0.948265
0.875042
0.564941
0.807616
0.959721
0.507527
0.389439
0.630662
0.149205
0.457029
0.141278
0.588133
0.58584
0.422436
0.114025
0.466479
0.535975
0.629585
0.499471
0.556366
0.810412
0.622319
0.666965
0.253633
0.200158
0.633391
0.360429
0.778603
0.731416
0.535059
0.563855
0.5046
0.380677
0.656344
0.567494
0.740425
0.231848
0.365055
0.613993
0.643791
0.677027
0.79077
0.54539
0.639841
0.820854
0.390435
0.549487
0.60534
0.718165
0.649118
0.671664
0.416402
0.740886
0.42016
0.781993
0.445121
0.330642
0.534513
0.546557
0.364796
0.55829
0.0788675
0.337491
0.758868
0.503464
0.82424
0.43244
0.536908
0.521143
0.786523
0.61718
0.491241
0.326065
0.360955
0.544081
0.366789
0.159553
0.374157
0.855212
0.388635
0.0797021
0.158155
0.406181
0.558461
0.420053
0.726197
0.491655
0.39152
0.291466
0.613131
0.654756
0.756926
0.56712
0.66411
0.651723
0.680047
0.814023
0.682366
0.444117
0.878255
0.651252
0.485305
0.0199585
0.879644
0.373105
0.611054
0.531342
0.705058
0.534458
0.145445
0.620746
0.601275
0.0286665
0.82013
0.145302
0.45915
0.780402
0.521551
0.364136
0.534016
0.624543
0.440925
0.407444
0.0436534
0.157867
0.517493
0.688661
0.225577
0.55534
0.249279
0.356705
0.502279
0.0725934
0.472689
0.230466
0.479344
0.558204
0.887657
0.541078
0.973979
0.43397
0.909035
0.170722
0.46451
0.741006
0.775541
0.673522
0.526635
0.279445
0.600335
0.760959
0.678816
0.687416
0.495081
0.510033
0.733935
0.420952
0.272681
0.498618
0.821403
0.733206
0.200723
0.392882
0.715012
0.444021
0.4435
0.522754
0.426224
0.38706
0.738213
0.812175
0.0869495
0.58169
0.481148
0.522497
0.274473
0.373061
0.670157
0.374023
0.385679
0.8017
0.416209
0.298543
0.147408
0.900939
0.791959
0.223803
0.491281
0.386892
0.859817
0.590567
0.398954
0.524051
0.483758
0.258108
0.949171
0.855115
0.583592
0.381148
0.620413
0.824007
0.880627
0.369186
0.309124
0.756366
0.38995
0.609424
0.337609
0.664717
0.355085
0.50077
0.709545
0.701289
0.350815
0.575368
0.22371
0.387578
0.69263
0.45441
0.91488
0.416558
0.816928
0.288212
0.729013
0.573406
0.602775
0.170534
0.869511
0.189096
0.299223
0.610234
0.321872
0.375631
0.344743
0.618649
0.0619762
0.752463
0.397897
0.769742
0.702971
0.433175
0.258723
0.466229
0.598784
0.485166
0.404084
0.164779
0.898084
0.500349
0.380299
0.356005
0.367603
0.232057
0.523198
0.851703
0.552449
0.684993
0.577383
0.406527
0.525045
0.626366
0.868293
0.710469
0.542841
0.565012
0.285697
0.461019
0.274744
0.481358
0.445942
0.00108915
0.691398
0.457353
0.430578
0.644713
0.506892
0.136973
0.806419
0.373404
0.408235
0.242366
0.509592
0.950991
0.850881
0.588245
0.354123
0.364956
0.507834
0.400432
0.572165
0.861836
0.548139
0.788674
0.51347
0.519416
0.73718
0.296596
0.469148
0.418236
0.782741
0.713166
0.519629
0.480649
0.721565
0.252909
0.756969
0.691349
0.212849
0.0815129
0.552752
0.265203
0.576976
0.577028
0.527727
0.265392
0.926461
0.584855
0.758536
0.388612
0.355925
0.469583
0.198318
0.628369
0.400483
0.523905
0.397185
0.118602
0.786566
0.611686
0.428383
0.776913
0.77255
0.459181
0.937053
0.850915
0.932903
0.237895
0.348598
0.376678
0.34052
0.289855
0.358476
0.451144
0.446871
0.628822
0.667552
0.479862
0.685026
0.619261
0.257505
0.378615
0.501029
0.211504
0.487162
0.586601
0.665942
0.331494
0.538496
0.506008
0.28358
0.334558
0.793293
0.247147
0.774086
0.494952
0.558704
0.271082
0.105405
0.789023
0.599999
0.936869
0.424948
0.525062
0.537255
0.144498
0.711757
0.77475
0.612467
0.0963033
0.261708
0.479859
0.365116
0.370414
0.809242
0.266042
0.0355233
0.513608
0.390275
0.428468
0.651842
0.534175
0.111662
0.109208
0.291231
0.636962
0.199539
0.523974
0.419173
0.234063
0.376296
0.688574
0.420859
0.439568
0.525506
0.728541
0.300705
0.481761
0.445134
0.626393
0.33321
0.620123
0.398458
0.580076
0.431118
0.428797
0.223558
0.236038
0.823001
0.706723
0.46773
0.456111
0.407654
0.113942
0.82194
0.826719
0.919739
0.542366
0.429185
0.482015
0.28075
0.649131
0.253587
0.461913
0.639221
0.665365
0.885936
0.547025
0.479949
0.609203
0.625436
0.402585
0.59653
0.758108
0.553304
0.833006
0.405453
0.36334
0.175859
0.220173
0.201099
0.622816
0.574518
0.827252
0.114858
0.683805
0.806938
0.943253
0.791156
0.0530477
0.444084
0.482058
0.60888
0.690187
0.426497
0.605648
0.576552
0.504889
0.141255
0.50017
0.669056
0.535044
0.458171
0.192719
0.645723
0.631921
0.556474
0.666664
0.524658
0.209489
0.295774
0.736422
0.554236
0.533207
0.649159
0.214183
0.825242
0.444904
0.271157
0.68867
0.149094
0.473681
0.505637
0.399874
0.469508
0.909647
0.372751
0.706397
0.794695
0.37153
0.571542
0.288786
0.790343
0.247245
0.494945
0.110682
0.553056
0.507236
0.813406
0.679876
0.920137
0.475262
0.416422
0.536146
0.632633
0.194191
0.419704
0.677196
0.359697
0.361631
0.49853
0.16577
0.556793
0.560871
0.882033
0.600219
0.848288
0.617964
0.26276
0.450189
0.514689
0.629781
0.902594
0.24369
0.58156
0.0969384
0.549352
0.339408
0.74405
0.538479
0.554617
0.438784
0.648317
0.65358
0.377017
0.3088
0.557074
0.533201
0.477832
0.433751
0.756345
0.427867
0.416752
0.840163
0.257352
0.275713
0.621561
0.303653
0.391676
0.528766
0.660667
0.522491
0.70747
0.53921
0.653464
0.415181
0.504946
0.44747
0.409742
0.566055
0.193657
0.529211
0.632464
0.413978
0.642673
0.500223
0.622362
0.277275
0.495541
0.350588
0.399821
0.768263
0.640528
0.698841
0.45849
0.420763
0.705832
0.551983
0.3728
0.0939884
0.569889
0.669627
0.522274
0.398856
0.356445
0.214052
0.530866
0.303144
0.578164
0.589074
0.348867
0.307819
0.794295
0.208126
0.364768
0.0582592
0.587626
0.577402
0.599206
0.683853
0.511724
0.0370289
0.414393
0.0825197
0.516682
0.588618
0.21946
0.630901
0.773237
0.0799505
0.251688
0.566361
0.76175
0.558451
0.489838
0.526195
0.391936
0.598433
0.370462
0.227779
0.627108
0.419171
0.930398
0.628357
0.395766
0.520679
0.425317
0.525022
0.714325
0.0629717
0.449486
0.666801
0.58541
0.806556
0.61744
0.586719
0.482077
0.433208
0.413387
0.370075
0.622368
0.605816
0.755459
0.615925
0.261395
0.645495
0.483751
0.394682
0.297507
0.457208
0.625022
0.340951
0.460583
0.388293
0.612318
0.744846
0.517051
0.936333
0.781244
0.527262
0.0182953
0.825253
0.500434
0.527579
0.80474
0.445219
0.733616
0.631137
0.362445
0.819297
0.62383
0.266313
0.755552
0.246777
0.223458
0.367176
0.706869
0.521011
0.591086
0.500272
0.88816
0.88244
0.399454
0.278168
0.466867
0.711627
0.647192
0.525664
0.229974
0.271441
0.677282
0.337211
0.398965
0.263492
0.551571
0.388677
0.730347
0.575363
0.424813
0.178416
0.769467
0.678616
0.352895
0.619169
0.734245
0.821715
0.344836
0.743896
0.430584
0.888507
0.251023
0.697856
0.760411
0.315484
0.532717
0.451184
0.632139
0.846188
0.279311
0.378696
0.714746
0.527741
0.666888
0.426594
0.721065
0.913934
0.458562
0.242077
0.431364
0.435537
0.645503
0.916479
0.080147
0.647919
0.866812
0.733338
0.0705147
0.197507
0.21311
0.679725
0.731662
0.303644
0.737149
0.44503
0.414236
0.584717
0.226605
0.481228
0.480791
0.733624
0.738708
0.53026
0.487378
0.246486
0.19025
0.747514
0.29791
0.821532
0.513959
0.388341
0.193315
0.676029
0.544964
0.512072
0.338059
0.694597
0.338391
0.642904
0.790394
0.650968
0.427606
0.469358
0.570144
0.178748
0.436634
0.9365
0.546893
0.458875
0.221403
0.272854
0.437607
0.308628
0.532053
0.69467
0.29898
0.378192
0.199163
0.653963
0.296544
0.177274
0.12481
0.266324
0.39787
0.670017
0.916374
0.504928
0.576463
0.507912
0.786355
0.726204
0.169108
0.246412
0.241777
0.260364
0.183085
0.052958
0.426277
0.629101
0.518624
0.716027
0.518426
0.22842
0.611822
0.272995
0.0304231
0.634411
0.206923
0.668018
0.828781
0.463952
0.564771
0.221139
0.28715
0.173507
0.574485
0.340359
0.692785
0.342555
0.0633029
0.155859
0.811545
0.711324
0.638182
0.22884
0.758386
0.185637
0.122514
0.627985
0.345435
0.657452
0.490225
0.228168
0.649422
0.603189
0.503055
0.13529
0.353944
0.610948
0.317879
0.0567616
0.616248
0.662272
0.380054
0.410671
0.357357
0.376962
0.623909
0.501993
0.489967
0.555655
0.468075
0.507647
0.630001
0.572214
0.36442
0.432756
0.671581
0.136461
0.215273
0.56951
0.565821
0.640226
0.232497
0.561438
0.492863
0.501061
0.129118
0.516147
0.553308
0.226153
0.202745
0.59749
0.266197
0.743877
0.620293
0.355188
0.620396
0.614938
0.713573
0.219973
0.19613
0.574161
0.450575
0.921815
0.402917
0.815434
0.500756
0.206602
0.555828
0.176213
0.444731
0.574197
0.158178
0.377051
0.607566
0.0919714
0.6371
0.51092
0.575694
0.219193
0.58817
0.654366
0.483429
0.387789
0.46313
0.197894
0.356476
0.515611
0.654926
0.489073
0.844849
0.683127
0.608523
0.683902
0.171516
0.199965
0.863475
0.657521
0.608989
0.352825
0.201728
0.594677
0.254376
0.202334
0.65583
0.436033
0.222083
0.637359
0.790396
0.483612
0.467901
0.567594
0.602415
0.76507
0.59152
0.517637
0.230673
0.132254
0.367203
0.669916
0.495294
0.747232
0.592187
0.593337
0.616904
0.623896
0.725025
0.30612
0.240549
0.592983
0.754383
0.583562
0.49871
0.102997
0.773272
0.476103
0.615108
0.63191
0.7523
0.60375
0.737841
0.449554
0.363717
0.506227
0.4963
0.636201
0.198826
0.53291
0.3377
0.538956
0.57509
0.644211
0.590387
0.456965
0.514124
0.570447
0.433888
0.324262
0.493012
0.351714
0.479284
0.352915
0.772148
0.491958
0.364595
0.669245
0.463407
0.74347
0.472645
0.394821
0.441011
0.648567
0.345128
0.676953
0.569296
0.469484
0.295474
0.458075
0.319799
0.414503
0.751336
0.199943
0.405047
0.309448
0.55938
0.569601
0.236171
0.572794
0.872165
0.28476
0.421417
0.346198
0.758558
0.754245
0.705795
0.539098
0.222036
0.494617
0.188898
0.307699
0.699557
0.529707
0.766383
0.358853
0.609221
0.370664
0.376143
0.514686
0.316874
0.327948
0.585817
0.573086
0.136841
0.733619
0.564424
0.843742
0.744343
0.874951
0.705574
0.33337
0.168601
0.593959
0.718328
0.713277
0.805306
0.439601
0.417366
0.556577
0.521833
0.630256
0.207086
0.3225
0.252489
0.866338
0.782649
0.44524
0.255881
0.511667
0.220177
0.721138
0.631488
0.435192
0.691359
0.359475
0.404354
0.281978
0.745042
0.260334
0.559726
0.846654
0.617947
0.311598
0.855209
0.589024
0.473977
0.0727731
0.505731
0.507801
0.369535
0.764686
0.313124
0.234696
0.0814971
0.452786
0.821541
0.299959
0.632686
0.451545
0.384082
0.337165
0.262662
0.854797
0.824004
0.637104
0.512043
0.0906376
0.302529
0.338362
0.247091
0.701163
0.638727
0.378131
0.515789
0.660742
0.676992
0.656132
0.70261
0.288105
0.813385
0.534978
0.579594
0.306224
0.360453
0.471935
0.516682
0.301076
0.375067
0.222566
0.732457
0.479989
0.65729
0.461321
0.893013
0.798574
0.549324
0.425337
0.894545
0.591314
0.559032
0.21585
0.524912
0.496076
0.276527
0.409177
0.558862
0.710939
0.556669
0.671513
0.806232
0.279405
0.45412
0.486318
0.2453
0.295937
0.807704
0.550131
0.61493
0.599501
0.501349
0.344805
0.127339
0.932041
0.541624
0.136598
0.653481
0.748252
0.385962
0.782952
0.618388
0.251274
0.0679227
0.65626
0.15464
0.987653
0.670399
0.443171
0.466456
0.46786
0.606271
0.583114
0.46023
0.602247
0.427927
0.518428
0.542609
0.385584
0.388924
0.400925
0.554857
0.167452
0.547152
0.408498
0.520321
0.264889
0.590894
0.655747
0.585707
0.174041
0.986308
0.432101
0.529611
0.598186
0.623905
0.579788
0.723738
0.621664
0.4567
0.454915
0.631525
0.126983
0.685609
0.63289
0.42086
0.792014
0.807634
0.672333
0.59528
0.844622
0.186007
0.499382
0.691872
0.634847
0.553141
0.789789
0.472075
0.263534
0.278502
0.394407
0.499161
0.547742
0.523775
0.472334
0.346314
0.386124
0.703458
0.475266
0.642394
0.803143
0.0447319
0.18909
0.906698
0.103511
0.507627
0.219717
0.754629
0.473879
0.334492
0.45709
0.616355
0.156522
0.433266
0.824568
0.580512
0.431017
0.486186
0.492923
0.272904
0.328509
0.376235
0.494326
0.661443
0.835552
0.436817
0.409528
0.636067
0.699692
0.792834
0.431042
0.376799
0.5181
0.247477
0.349352
0.562161
0.077896
0.290616
0.902933
0.489528
0.738418
0.810631
0.324033
0.721511
0.630706
0.368865
0.460745
0.418658
0.539229
0.768537
0.0346408
0.48657
0.779225
0.379916
0.687225
0.410469
0.256484
0.469822
0.575441
0.465212
0.573771
0.262941
0.306493
0.604297
0.220843
0.709213
0.178035
0.415421
0.557
0.457317
0.0465055
0.188161
0.282841
0.788388
0.531642
0.414291
0.530112
0.633143
0.839188
0.413625
0.516823
0.60387
0.719206
0.165986
0.172943
0.481946
0.259264
0.688529
0.306413
0.510878
0.437898
0.720022
0.128902
0.291094
0.544159
0.790414
0.486936
0.629998
0.426494
0.632943
0.450877
0.380892
0.603818
0.442736
0.317859
0.556516
0.401035
0.243209
0.714381
0.713798
0.620638
0.070125
0.780981
0.600216
0.804055
0.740794
0.639361
0.590707
0.156153
0.498216
0.547754
0.726422
0.801591
0.0997456
0.222279
0.829644
0.122498
0.687757
0.931778
0.287034
0.216064
0.703658
0.66518
0.677765
0.543087
0.791936
0.740164
0.423264
0.462086
0.13073
0.29867
0.437957
0.718368
0.400104
0.660118
0.189758
0.55607
0.57681
0.230843
0.396849
0.228876
0.78024
0.664754
0.492754
0.39951
0.281525
0.614383
0.621476
0.649271
0.75679
0.394804
0.352904
0.789649
0.584347
0.709193
0.547351
0.913401
0.559666
0.57054
0.296332
0.490169
0.374122
0.828094
0.511114
0.461882
0.554458
0.710898
0.845506
0.698476
0.207348
0.288259
0.48645
0.620044
0.713103
0.78442
0.124433
0.875006
0.257189
0.651226
0.262396
0.595555
0.508488
0.889317
0.510684
0.653931
0.516909
0.319486
0.658649
0.551387
0.115667
0.657602
0.559704
0.933527
0.318186
0.467784
0.602944
0.401234
0.876621
0.300878
0.59485
0.248373
0.736422
0.322452
0.501047
0.29087
0.434663
0.563062
0.399545
0.65446
0.341914
0.462233
0.810374
0.670371
0.26886
0.317942
0.365932
0.612209
0.517487
0.599204
0.583713
0.428499
0.55802
0.64715
0.747354
0.231261
0.699866
0.20858
0.479997
0.251978
0.37803
0.456769
0.82998
0.744875
0.913812
0.41134
0.344548
0.688777
0.685563
0.53847
0.881845
0.2106
0.354775
0.173738
0.44168
0.835945
0.365356
0.453705
0.155546
0.687861
0.537489
0.672964
0.278001
0.638934
0.817508
0.217162
0.513823
0.521954
0.664718
0.588343
0.685261
0.480736
0.135462
0.478336
0.41519
0.867895
0.38202
0.112629
0.437016
0.555621
0.37454
0.24771
0.539778
0.716424
0.471154
0.638112
0.653881
0.463596
0.235135
0.686734
0.253508
0.43843
0.796464
0.357399
0.107594
0.52817
0.183867
0.578399
0.901682
0.74291
0.955275
0.428893
0.264605
0.531395
0.61025
0.817907
0.591048
0.447535
0.595086
0.892162
0.515327
0.876547
0.565608
0.610547
0.16237
0.0897583
0.747039
0.678515
0.515723
0.630235
0.455223
0.536593
0.473489
0.160336
0.28687
0.847304
0.423297
0.462135
0.753902
0.740641
0.405857
0.620022
0.27127
0.588574
0.0400892
0.69193
0.889369
0.225517
0.175453
0.364117
0.409293
0.567886
0.480704
0.469461
0.387112
0.0784921
0.571999
0.428439
0.315186
0.349271
0.463882
0.555509
0.694538
0.430232
0.668342
0.484214
0.450707
0.917427
0.181604
0.736994
0.301486
0.544548
0.334838
0.54827
0.301743
0.230439
0.430162
0.601846
0.348404
0.659677
0.561552
0.338829
0.845735
0.769448
0.293127
0.715141
0.362668
0.549477
0.634038
0.836115
0.253162
0.711867
0.146594
0.679554
0.587789
0.24557
0.626461
0.360875
0.528026
0.63987
0.612552
0.129565
0.569426
0.459148
0.46876
0.362832
0.429019
0.606067
0.31672
0.400256
0.236384
0.463764
0.512545
0.615001
0.524768
0.413416
0.412618
0.427955
0.163963
0.0481493
0.563372
0.638683
0.623265
0.126584
0.314152
0.38138
0.531255
0.620695
0.26502
0.437892
0.577318
0.617126
0.934438
0.588358
0.48321
0.144942
0.514357
0.500835
0.104565
0.855002
0.459053
0.514572
0.6825
0.308036
0.253359
0.030003
0.272333
0.194121
0.287398
0.867221
0.785442
0.6718
0.527794
0.491339
0.684313
0.559743
0.756293
0.837881
0.900436
0.528696
0.620084
0.326815
0.667773
0.230732
0.115415
0.565242
0.286628
0.782644
0.356795
0.553715
0.396717
0.319811
0.454654
0.589826
0.124691
0.397276
0.359194
0.477772
0.398153
0.590127
0.388923
0.389181
0.640863
0.301906
0.548269
0.87626
0.275311
0.406582
0.286444
0.523467
0.689577
0.618116
0.133599
0.261003
0.743416
0.405554
0.181969
0.487733
0.599267
0.667538
0.60838
0.210216
0.210286
0.87678
0.246915
0.55862
0.160111
0.444056
0.440954
0.261959
0.645807
0.88633
0.293793
0.739604
0.581732
0.581305
0.196085
0.490912
0.370995
0.329761
0.27285
0.350323
0.573073
0.31903
0.737249
0.644091
0.159117
0.389696
0.57426
0.37191
0.395879
0.569467
0.454132
0.590008
0.678035
0.282223
0.67969
0.351695
0.817463
0.407631
0.627541
0.339702
0.314678
0.211671
0.312534
0.487016
0.337611
0.656997
0.586865
0.526977
0.309247
0.613481
0.716583
0.449296
0.388742
0.714753
0.733199
0.489075
0.388479
0.550025
0.048347
0.575956
0.407629
0.35844
0.294249
0.467926
0.224038
0.534418
0.598734
0.249129
0.751219
0.498456
0.845036
0.456031
0.0537786
0.592487
0.665261
0.596547
0.878296
0.688559
0.671461
0.339912
0.690387
0.533242
0.376414
0.591398
0.542978
0.679164
0.471706
0.248021
0.403596
0.183337
0.625282
0.694321
0.445212
0.895869
0.183435
0.388843
0.798906
0.251178
0.500023
0.372153
0.357703
0.448325
0.392741
0.668886
0.827444
0.521476
0.204209
0.644414
0.697882
0.122202
0.823729
0.509127
0.948342
0.241214
0.440567
0.249944
0.837779
0.279663
0.825602
0.532407
0.726691
0.343133
0.587085
0.592514
0.643851
0.191427
0.567103
0.173158
0.786891
0.563032
0.724937
0.815607
0.813058
0.0461391
0.316111
0.264771
0.552911
0.542295
0.183142
0.673021
0.520687
0.730437
0.225164
0.288793
0.593688
0.66724
0.745349
0.303312
0.219644
0.445751
0.461661
0.224081
0.653624
0.682029
0.519589
0.582516
0.630166
0.325539
0.314462
0.31292
0.584869
0.522043
0.702334
0.421
0.533087
0.439298
0.0765495
0.565027
0.409762
0.349778
0.573642
0.186687
0.429067
0.917376
0.546423
0.44927
0.128562
0.435463
0.540651
0.378321
0.450355
0.403232
0.408836
0.476851
0.649281
0.309789
0.40216
0.238822
0.110918
0.637486
0.548468
0.258567
0.353191
0.526246
0.737485
0.190215
0.0549614
0.700718
0.518085
0.62273
0.321251
0.40578
0.428261
0.288
0.413095
0.289654
0.42572
0.509167
0.133461
0.296574
0.302327
0.834246
0.699622
0.874041
0.423369
0.608694
0.414833
0.166978
0.744297
0.355105
0.383631
0.679144
0.272657
0.596295
0.438414
0.759709
0.84789
0.839827
0.840813
0.161469
0.130919
0.310216
0.607499
0.0706495
0.290561
0.45479
0.34212
0.492978
0.744092
0.358017
0.525905
0.575691
0.591448
0.387448
0.0596145
0.541704
0.65078
0.384593
0.626873
0.41425
0.269102
0.541506
0.769086
0.434344
0.294852
0.616053
0.467906
0.648223
0.64597
0.496047
0.503199
0.509048
0.611856
0.797235
0.310571
0.750321
0.65202
0.957737
0.358197
0.814298
0.197541
0.769586
0.49098
0.635858
0.460425
0.376634
0.481361
0.282409
0.584727
0.690004
0.348422
0.337251
0.643625
0.46255
0.465691
0.303854
0.447742
0.270158
0.616325
0.830617
0.26863
0.530299
0.452439
0.651264
0.721595
0.419716
0.691421
0.559035
0.455818
0.418596
0.191398
0.549606
0.666057
0.305804
0.583752
0.357171
0.406018
0.66874
0.133026
0.661716
0.322748
0.594934
0.611822
0.267151
0.256089
0.715684
0.325727
0.855995
0.60634
0.52254
0.543971
0.645694
0.853703
0.0354118
0.465828
0.845759
0.438913
0.439175
0.398717
0.497683
0.647493
0.509048
0.396994
0.637359
0.879509
0.611321
0.503565
0.631531
0.869211
0.205443
0.180059
0.696884
0.618869
0.808662
0.673493
0.0168066
0.539985
0.350444
0.553468
0.342873
0.502312
0.0886115
0.507022
0.634794
0.563263
0.44244
0.178729
0.595148
0.411706
0.692737
0.809537
0.647778
0.272482
0.290183
0.51451
0.557527
0.380413
0.598683
0.0402039
0.373018
0.781966
0.69029
0.487224
0.384827
0.233091
0.52507
0.440566
0.332536
0.845042
0.528246
0.825175
0.482239
0.335186
0.565758
0.63963
0.0599883
0.653815
0.778113
0.497532
0.807786
0.704923
0.133782
0.541947
0.381048
0.12052
0.192594
0.64866
0.496263
0.783577
0.524144
0.691937
0.043892
0.660848
0.41646
0.7425
0.495688
0.0777567
0.658606
0.0694002
0.861531
0.355078
0.822796
0.330966
0.504975
0.180429
0.454459
0.407907
0.437884
0.593362
0.562905
0.434497
0.724159
0.845359
0.263223
0.639444
0.584657
0.416935
0.637112
0.472154
0.276205
0.332619
0.454094
0.455432
0.696221
0.247532
0.235145
0.502855
0.63205
0.160784
0.470875
0.735963
0.134887
0.552718
0.661138
0.238564
0.468205
0.194407
0.570027
0.735779
0.58907
0.725344
0.349732
0.364465
0.108902
0.163332
0.451406
0.427281
0.402046
0.560799
0.296156
0.650381
0.552399
0.753359
0.622113
0.287552
0.529129
0.196179
0.664564
0.161901
0.0537588
0.825778
0.587842
0.0780941
0.566263
0.73099
0.405309
0.578914
0.33403
0.616215
0.84498
0.302709
0.703176
0.479456
0.40327
0.70345
0.708437
0.431233
0.650632
0.540667
0.48941
0.909967
0.495711
0.687967
0.77384
0.404092
0.676654
0.739017
0.461675
0.807688
0.639591
0.839419
0.768382
0.289023
0.907681
0.809639
0.46616
0.551802
0.57464
0.0536788
0.313888
0.56638
0.522033
0.513312
0.919564
0.629335
0.519907
0.509099
0.474244
0.798952
0.498306
0.624838
0.787786
0.612983
0.257927
0.697204
0.410653
0.722725
0.819347
0.759951
0.721351
0.310826
0.402017
0.692757
0.387285
0.473338
0.399225
0.506462
0.571831
0.651282
0.208661
0.76461
0.478538
0.642447
0.737714
0.638824
0.423639
0.597127
0.488309
0.503033
0.551752
0.0261747
0.310715
0.207008
0.310774
0.487866
0.484352
0.588365
0.446889
0.470802
0.333932
0.177295
0.448211
0.690228
0.531433
0.650113
0.247338
0.638819
0.291061
0.564329
0.592812
0.292004
0.87065
0.364793
0.633675
0.311431
0.496613
0.630464
0.55879
0.804927
0.190618
0.515062
0.534853
0.51156
0.467423
0.240187
0.947886
0.447769
0.279781
0.181877
0.138942
0.274393
0.505811
0.344102
0.314618
0.56128
0.616739
0.56568
0.298239
0.310451
0.151239
0.328673
0.27208
0.562084
0.79179
0.631767
0.461161
0.599149
0.536242
0.104659
0.453951
0.573098
0.844275
0.349271
0.486044
0.118788
0.686299
0.318885
0.28351
0.473513
0.916736
0.242388
0.539606
0.461866
0.432233
0.460701
0.660625
0.0918657
0.568277
0.796678
0.755478
0.502592
0.857609
0.896223
0.462834
0.621151
0.655964
0.462517
0.925884
0.576429
0.582535
0.500153
0.166792
0.565454
0.384464
0.571987
0.722196
0.299487
0.189165
0.566683
0.431508
0.132997
0.440565
0.434693
0.787739
0.698527
0.723097
0.567741
0.644972
0.470999
0.570591
0.202249
0.518905
0.240338
0.458782
0.588523
0.720905
0.493192
0.525169
0.790351
0.448251
0.642187
0.495964
0.406981
0.342531
0.781332
0.487185
0.221615
0.365944
0.513031
0.75807
0.19568
0.885435
0.64748
0.415174
0.701545
0.163568
0.418141
0.592383
0.21111
0.911715
0.424325
0.675809
0.56424
0.356943
0.377761
0.92572
0.597309
0.412783
0.406279
0.905556
0.423638
0.342288
0.603386
0.30828
0.567328
0.388371
0.594531
0.732947
0.440353
0.162704
0.443217
0.68219
0.737818
0.384385
0.504741
0.809374
0.563336
0.409608
0.551326
0.840206
0.778721
0.772472
0.276498
0.537656
0.429848
0.356411
0.213019
0.293944
0.801777
0.339281
0.179159
0.454094
0.306432
0.519384
0.551864
0.649886
0.548254
0.163569
0.339125
0.411096
0.527783
0.563313
0.51181
0.59535
0.448078
0.294457
0.619115
0.523865
0.339655
0.31721
0.550818
0.225501
0.509186
0.904306
0.560436
0.28608
0.876153
0.637983
0.400344
0.696374
0.257715
0.374811
0.65473
0.825862
0.700967
0.457648
0.0380424
0.567823
0.586306
0.685116
0.442155
0.964752
0.41633
0.5723
0.188975
0.70418
0.379558
0.505855
0.538401
0.558833
0.292721
0.578735
0.21362
0.729325
0.672352
0.0632198
0.673445
0.542521
0.696514
0.837262
0.658905
0.286789
0.358513
0.122296
0.680388
0.661962
0.292023
0.436892
0.541508
0.234397
0.603988
0.349059
0.603196
0.576389
0.568605
0.361771
0.600571
0.406882
0.630416
0.845602
0.697645
0.822181
0.692691
0.405353
0.800015
0.20879
0.421721
0.313286
0.580227
0.575784
0.508846
0.35149
0.278546
0.553915
0.168054
0.583698
0.135245
0.218059
0.713178
0.539247
0.238467
0.546414
0.898123
0.667434
0.520794
0.394027
0.79662
0.650931
0.932328
0.302633
0.762694
0.505891
0.719801
0.0783806
0.304842
0.41046
0.449463
0.441615
0.318744
0.271396
0.562754
0.598558
0.285776
0.35187
0.922395
0.526137
0.425468
0.34618
0.50423
0.13355
0.494924
0.415392
0.566075
0.615053
0.500079
0.520831
0.665785
0.398052
0.50287
0.351224
0.630896
0.591609
0.393021
0.488048
0.763264
0.537948
0.298628
0.258736
0.393371
0.561311
0.528981
0.367635
0.517021
0.704541
0.306664
0.561526
0.726355
0.866834
0.721772
0.283883
0.499056
0.841349
0.43466
0.316418
0.583647
0.646358
0.207874
0.926584
0.601483
0.908667
0.343304
0.4771
0.40177
0.865634
0.455179
0.562133
0.416279
0.587548
0.578613
0.580806
0.46473
0.382985
0.690153
0.621288
0.296678
0.446205
0.531506
0.299082
0.695466
0.860344
0.348378
0.275338
0.226072
0.118302
0.388567
0.391316
0.630734
0.712355
0.790155
0.32258
0.350746
0.733959
0.312162
0.822404
0.504092
0.789456
0.634559
0.242154
0.138227
0.660722
0.537281
0.653549
0.404641
0.61977
0.45205
0.432457
0.603526
0.553177
0.396713
0.287861
0.397138
0.288549
0.317482
0.436495
0.400981
0.776234
0.485351
0.750079
0.282083
0.912799
0.862055
0.366704
0.809916
0.458595
0.748686
0.902396
0.842323
0.672643
0.474477
0.276918
0.247783
0.249241
0.729714
0.346012
0.465704
0.48988
0.188327
0.389322
0.424903
0.791247
0.532756
0.230718
0.451269
0.198086
0.554323
0.869382
0.610436
0.493605
0.261862
0.792446
0.599466
0.427535
0.432919
0.751897
0.709638
0.373149
0.265712
0.66139
0.354793
0.432112
0.654376
0.156494
0.457949
0.555079
0.970153
0.330963
0.312289
0.714294
0.380171
0.59101
0.517931
0.462005
0.403701
0.650496
0.817229
0.558186
0.261317
0.426385
0.620516
0.787806
0.220589
0.802259
0.680385
0.459498
0.625911
0.536847
0.122543
0.0440408
0.100133
0.446025
0.699128
0.445273
0.439901
0.634314
0.457965
0.283022
0.35043
0.562062
0.717676
0.405058
0.671842
0.486098
0.440644
0.0430974
0.368604
0.496098
0.377724
0.309136
0.454073
0.490158
0.732069
0.628072
0.809034
0.307445
0.503656
0.56833
0.569492
0.492302
0.017821
0.524113
0.885237
0.744149
0.734546
0.793809
0.804842
0.764886
0.542091
0.573888
0.680276
0.516661
0.55808
0.344216
0.598093
0.726739
0.129997
0.46911
0.664789
0.514199
0.319531
0.801362
0.169271
0.769155
0.682934
0.689022
0.820952
0.705633
0.0718621
0.394619
0.460777
0.463008
0.362658
0.703823
0.844922
0.189343
0.801036
0.398072
0.224963
0.457147
0.285271
0.0783889
0.349502
0.704221
0.603538
0.65337
0.483456
0.538413
0.526737
0.0530799
0.312999
0.386572
0.311111
0.125147
0.344429
0.608783
0.597039
0.744825
0.719474
0.655384
0.850687
0.274772
0.80076
0.745275
0.270551
0.30307
0.409785
0.83106
0.295407
0.542108
0.643696
0.543424
0.26566
0.171598
0.612058
0.440369
0.605679
0.353855
0.513414
0.105305
0.247157
0.0486257
0.444425
0.633039
0.4771
0.330964
0.869538
0.318192
0.480372
0.703988
0.382102
0.733054
0.505118
0.746504
0.801423
0.48016
0.696499
0.503634
0.255083
0.670388
0.544209
0.789306
0.609715
0.364036
0.33404
0.30806
0.291964
0.386561
0.682371
0.317548
0.477442
0.471301
0.301729
0.352709
0.549603
0.780055
0.669666
0.540437
0.81057
0.512673
0.263827
0.284772
0.767578
0.855277
0.432533
0.444962
0.464712
0.562286
0.679071
0.222252
0.760578
0.461447
0.473537
0.288673
0.0863869
0.367509
0.430099
0.517515
0.411121
0.355389
0.499236
0.108297
0.183924
0.456619
0.860602
0.349017
0.149195
0.294909
0.536749
0.447931
0.804865
0.471698
0.392928
0.331236
0.504632
0.46708
0.592647
0.389461
0.833396
0.564279
0.62934
0.524314
0.392243
0.278405
0.0757055
0.471736
0.433091
0.226424
0.445594
0.541253
0.738989
0.381496
0.748046
0.713978
0.546942
0.590058
0.565981
0.891971
0.386637
0.285555
0.387172
0.212764
0.128392
0.512572
0.464423
0.269894
0.402595
0.995612
0.634354
0.160856
0.413791
0.176829
0.166705
0.678182
0.505857
0.848115
0.172795
0.64006
0.558421
0.468882
0.634382
0.609087
0.764151
0.558128
0.421989
0.669176
0.344948
0.556872
0.391381
0.431362
0.542665
0.466064
0.852632
0.242039
0.434885
0.87972
0.909757
0.707013
0.383905
0.56951
0.319424
0.469537
0.770367
0.664381
0.501579
0.350139
0.0724675
0.648387
0.47708
0.443404
0.745254
0.625605
0.069333
0.356964
0.587737
0.139309
0.387815
0.568487
0.651302
0.162276
0.547752
0.277607
0.47172
0.887706
0.846556
0.864111
0.166854
0.64959
0.725418
0.666522
0.338466
0.00388107
0.743089
0.614044
0.292229
0.336449
0.364955
0.439958
0.325727
0.271874
0.448327
0.248492
0.147703
0.392651
0.64611
0.385183
0.238739
0.407632
0.754852
0.470455
0.436692
0.310566
0.436488
0.507634
0.460222
0.435651
0.319845
0.392674
0.13847
0.651185
0.75016
0.468556
0.899901
0.0509131
0.351499
0.830309
0.63147
0.534551
0.484842
0.5571
0.831108
0.555596
0.447973
0.398412
0.459937
0.309761
0.63383
0.457254
0.411191
0.307689
0.540903
0.192122
0.343423
0.499875
0.649299
0.511391
0.50672
0.0913001
0.31348
0.581468
0.790326
0.402226
0.489098
0.248618
0.643669
0.416111
0.256051
0.53153
0.8134
0.634777
0.60959
0.637533
0.476995
0.476075
0.690169
0.862644
0.256881
0.454327
0.2726
0.339374
0.623225
0.345114
0.635011
0.494211
0.631585
0.832545
0.514966
0.17898
0.523921
0.460239
0.808016
0.469621
0.11607
0.560928
0.48468
0.117374
0.207061
0.540158
0.344595
0.438658
0.518651
0.565973
0.578069
0.701182
0.387643
0.810104
0.489709
0.277703
0.506788
0.150989
0.417922
0.780527
0.298007
0.251258
0.557104
0.656931
0.797098
0.541131
0.192968
0.728415
0.462591
0.565816
0.369938
0.617609
0.760924
0.393408
0.234536
0.46106
0.831067
0.646398
0.689517
0.101517
0.537156
0.343559
0.436743
0.749996
0.258021
0.56114
0.80683
0.378422
0.255689
0.196853
0.231982
0.633216
0.766541
0.413486
0.514515
0.44641
0.361623
0.530026
0.813988
0.674006
0.357328
0.408349
0.594901
0.233842
0.292058
0.256721
0.656197
0.882531
0.324127
0.553948
0.752695
0.310551
0.894007
0.618963
0.603608
0.806648
0.610522
0.651317
0.588886
0.819843
0.483714
0.602336
0.421806
0.61481
0.692355
0.571102
0.755374
0.471747
0.834361
0.432711
0.667288
0.935367
0.79422
0.289952
0.847844
0.691878
0.640862
0.597515
0.598692
0.78292
0.447746
0.256434
0.887328
0.899186
0.647178
0.744689
0.579006
0.0938531
0.473556
0.879092
0.408895
0.389747
0.633293
0.347636
0.524295
0.709529
0.418055
0.776894
0.718875
0.432693
0.345714
0.184632
0.434963
0.0870529
0.300364
0.40499
0.299975
0.938258
0.717073
0.466312
0.401021
0.583928
0.723991
0.766349
0.636643
0.436827
0.357134
0.855001
0.203315
0.354318
0.482011
0.642509
0.900971
0.611801
0.309225
0.654826
0.738133
0.711038
0.733763
0.624307
0.482424
0.257963
0.45283
0.611702
0.473067
0.248814
0.655271
0.696157
0.262633
0.290968
0.694791
0.547417
0.497499
0.590745
0.664861
0.725042
0.829476
0.812476
0.228311
0.462239
0.461518
0.31131
0.399592
0.428089
0.492614
0.739333
0.650632
0.275576
0.302573
0.405681
0.0674167
0.740244
0.505652
0.134156
0.617019
0.534423
0.63962
0.616484
0.624145
0.476185
0.318028
0.628528
0.470363
0.204449
0.569982
0.495582
0.423534
0.778323
0.47273
0.708973
0.422467
0.568758
0.33464
0.769854
0.563035
0.565352
0.433894
0.639732
0.874777
0.294494
0.923097
0.396331
0.596961
0.543484
0.671315
0.425321
0.353047
0.387642
0.669482
0.633483
0.613028
0.315164
0.74685
0.969702
0.292144
0.5415
0.246961
0.521841
0.367482
0.717704
0.440702
0.467867
0.543915
0.79449
0.698065
0.358553
0.748197
0.746953
0.623496
0.569471
0.492764
0.4481
0.243948
0.566868
0.284398
0.268736
0.623056
0.48313
0.5503
0.355923
0.596108
0.80296
0.745833
0.693505
0.252759
0.443835
0.562133
0.479914
0.349532
0.208906
0.0734727
0.387257
0.461294
0.344907
0.296626
0.520133
0.766725
0.412036
0.45802
0.814451
0.731643
0.339758
0.197114
0.959418
0.367538
0.18728
0.831725
0.256305
0.400052
0.347688
0.965827
0.524553
0.720176
0.640542
0.363238
0.420514
0.483745
0.151816
0.309481
0.850698
0.184247
0.837553
0.744434
0.856098
0.39909
0.656162
0.813208
0.545965
0.587169
0.494029
0.632367
0.809702
0.119903
0.372808
0.421209
0.888194
0.420736
0.659393
0.558739
0.507395
0.868534
0.338963
0.889258
0.54616
0.625088
0.767725
0.443472
0.3186
0.850367
0.417662
0.835883
0.502554
0.38283
0.495996
0.548203
0.356498
0.335313
0.314761
0.655761
0.76628
0.576499
0.0610483
0.279741
0.791871
0.557855
0.648747
0.570616
0.496746
0.668026
0.403222
0.702721
0.50503
0.450176
0.538839
0.479596
0.822971
0.239349
0.64588
0.444956
0.173098
0.640866
0.430736
0.532831
0.42553
0.288781
0.786545
0.378144
0.48762
0.944658
0.258266
0.488605
0.859457
0.608188
0.266727
0.530866
0.420081
0.736645
0.54313
0.42629
0.131429
0.671537
0.38395
0.139992
0.300602
0.147369
0.663802
0.273883
0.704686
0.445823
0.450887
0.0708375
0.44773
0.433149
0.278577
0.370756
0.390312
0.390842
0.172905
0.535643
0.184878
0.668995
0.26666
0.42289
0.493642
0.644768
0.906756
0.114161
0.30167
0.579409
0.555097
0.71964
0.119732
0.49796
0.279528
0.529348
0.366044
0.36536
0.32824
0.367742
0.701978
0.737856
0.588392
0.455387
0.265679
0.303655
0.370365
0.560035
0.603124
0.303343
0.468082
0.834481
0.454924
0.187953
0.670969
0.533067
0.548066
0.417401
0.50446
0.253069
0.106093
0.348573
0.426143
0.879483
0.182998
0.472324
0.288906
0.377364
0.211627
0.531272
0.698375
0.767794
0.715618
0.92228
0.849695
0.272278
0.156296
0.333089
0.251011
0.383879
0.376261
0.793429
0.46293
0.627075
0.376254
0.186374
0.452504
0.54525
0.84998
0.652311
0.0369906
0.485279
0.444429
0.550026
0.649517
0.450863
0.364767
0.478662
0.0808809
0.525581
0.269383
0.509998
0.536823
0.415951
0.781231
0.369295
0.708255
0.264734
0.567428
0.409038
0.305862
0.703093
0.31425
0.355153
0.195312
0.752603
0.365449
0.918645
0.732727
0.697442
0.427223
0.344108
0.802148
0.403808
0.0145314
0.634173
0.870251
0.685754
0.474746
0.307539
0.383579
0.559561
0.542155
0.816972
0.637769
0.385582
0.329666
0.309215
0.256826
0.697558
0.643372
0.825455
0.856043
0.63271
0.515629
0.330448
0.359891
0.906994
0.709031
0.569904
0.153748
0.771637
0.776405
0.0759726
0.425828
0.819971
0.511786
0.493855
0.675806
0.805629
0.548405
0.550468
0.214555
0.639818
0.518268
0.627808
0.652776
0.249556
0.962998
0.176104
0.285215
0.231035
0.768455
0.679023
0.644419
0.890504
0.790356
0.576974
0.358546
0.434801
0.360951
0.414122
0.149442
0.297807
0.146726
0.386724
0.510095
0.348214
0.305511
0.759157
0.277344
0.435908
0.322196
0.541187
0.751522
0.75463
0.351825
0.584818
0.307214
0.620157
0.746159
0.498273
0.498664
0.216703
0.876236
0.062392
0.71218
0.817377
0.392838
0.18284
0.491412
0.542946
0.505698
0.769055
0.607188
0.42975
0.33941
0.684758
0.421873
0.412834
0.380965
0.389073
0.581635
0.212287
0.2244
0.343824
0.343701
0.894719
0.808634
0.400414
0.00731694
0.360879
0.514184
0.835658
0.376862
0.415012
0.524337
0.554291
0.166051
0.569614
0.770592
0.728199
0.288541
0.43634
0.387034
0.248081
0.420244
0.492819
0.52277
0.708868
0.222274
0.676562
0.546997
0.560062
0.153574
0.55893
0.88159
0.787928
0.163803
0.149807
0.477753
0.757365
0.337863
0.470089
0.695086
0.264077
0.173578
0.134844
0.234898
0.506515
0.836134
0.483027
0.328527
0.593724
0.482201
0.375376
0.402357
0.308902
0.930735
0.703532
0.5629
0.535927
0.236537
0.391031
0.409307
0.351473
0.569332
0.138543
0.640735
0.55038
0.500625
0.227053
0.748664
0.505949
0.45048
0.636574
0.148364
0.406354
0.556918
0.794916
0.600654
0.62779
0.324368
0.608957
0.208849
0.81595
0.61978
0.655304
0.462682
0.599125
0.763274
0.561049
0.869981
0.635462
0.764605
0.669114
0.60934
0.72784
0.660135
0.474327
0.606911
0.784173
0.692285
0.391357
0.55407
0.65797
0.842575
0.466954
0.51912
0.510326
0.390209
0.407058
0.656639
0.364505
0.443612
0.422166
0.586592
0.489496
0.817336
0.50747
0.618255
0.59872
0.549202
0.410522
0.760225
0.471086
0.43232
0.179135
0.328803
0.318063
0.146658
0.743796
0.696653
0.29408
0.20007
0.327543
0.378319
0.677646
0.526892
0.384974
0.607817
0.573714
0.153512
0.481363
0.517516
0.57833
0.547362
0.200595
0.480782
0.716166
0.653753
0.422441
0.449789
0.559351
0.541461
0.178333
0.833439
0.648821
0.683241
0.760962
0.559804
0.491452
0.66405
0.244478
0.706919
0.759177
0.322913
0.424418
0.531451
0.569387
0.591693
0.202675
0.255651
0.515886
0.505748
0.353215
0.780533
0.520699
0.250087
0.577003
0.58121
0.600916
0.20554
0.394998
0.725318
0.740581
0.620083
0.27919
0.36621
0.112283
0.411095
0.46397
0.640624
0.730656
0.177589
0.531486
0.399689
0.502261
0.0524972
0.480705
0.688869
0.76243
0.65156
0.36343
0.245554
0.396474
0.487465
0.432187
0.194099
0.604175
0.538188
0.262472
0.590847
0.294703
0.222239
0.591006
0.822691
0.942953
0.688309
0.195113
0.220721
0.384749
0.732844
0.506875
0.5571
0.801462
0.788949
0.22697
0.602182
0.80613
0.568985
0.832847
0.696643
0.792362
0.188829
0.856868
0.718819
0.180885
0.364216
0.87282
0.591987
0.470686
0.771588
0.441798
0.583873
0.584206
0.942468
0.436159
0.417676
0.337945
0.459335
0.226285
0.769187
0.858099
0.402386
0.159457
0.509651
0.719468
0.433103
0.501436
0.822701
0.776743
0.377368
0.404696
0.642424
0.279513
0.285645
0.805658
0.60735
0.552676
0.610571
0.167276
0.593169
0.356639
0.575942
0.340748
0.379333
0.528423
0.550586
0.126602
0.437698
0.594806
0.633674
0.413781
0.333921
0.628631
0.36487
0.546138
0.745914
0.513634
0.465847
0.226948
0.382105
0.253255
0.584445
0.679063
0.192001
0.704223
0.246643
0.224184
0.581542
0.772806
0.534749
0.65986
0.567264
0.754903
0.625476
0.465198
0.430421
0.642142
0.773982
0.561424
0.2812
0.804254
0.467157
0.634177
0.643023
0.379748
0.45165
