           0           0
           0           0
           0           0
           0           0
           0           0
           0           0
           0           0
           0           0
           0           0
           0           0
           0           0
           0           0
           0           0
           0           0
           0           0
           0           0
           0           0
           0           0
           0           0
           0           0
           0           0
           0           0
           0           0
           0           0
           0           0
           0           0
           0           0
           0           0
           0           0
           0           0
           0           0
           0           0
           0           0
           0           0
           0           0
           0           0
           0           0
           0           0
           0           0
           0           0
 0.000584721 6.14592e-06
   0.0201451 7.10138e-05
    0.225678 0.000617056
     1.11601  0.00121713
      3.0406  0.00194636
     5.27763  0.00167771
     6.47959  0.00272206
     6.02083  0.00148541
     4.48975  0.00153215
      2.7566  0.00150929
     1.42758 0.000426849
    0.636048 0.000437327
    0.242934 0.000500947
   0.0812664 0.000166464
   0.0230011 5.28284e-05
  0.00575545 6.53562e-05
  0.00159157 2.66526e-05
  0.00188996 1.59493e-05
  0.00611432 4.75022e-05
   0.0208814 6.78697e-05
   0.0601693 0.000290584
    0.147001 0.000314199
    0.315933 0.000354927
    0.584315 0.000711663
    0.902804 0.000366129
     1.18883  0.00066164
     1.31069  0.00106431
     1.22193 0.000559575
    0.960132  0.00069502
    0.632639 0.000188431
    0.352565  0.00059395
    0.166884 0.000357789
   0.0667439  0.00020439
   0.0285768  8.0386e-05
    0.033187 0.000149418
    0.102417 0.000366838
    0.307761 0.000358953
    0.756553 0.000653744
      1.5146 0.000493965
     2.48251 0.000557948
     3.33476  0.00167297
     3.67533 0.000519253
     3.36315  0.00105985
     2.55397 0.000982727
     1.63075 0.000262791
    0.874316 0.000311781
    0.394089 0.000342974
    0.161696 0.000336041
    0.100092 0.000135887
    0.172404 0.000185785
    0.381074 0.000324461
    0.710529 0.000384529
     1.07122 0.000117632
     1.33044 0.000564299
     1.35306 0.000948841
     1.15678 0.000648359
    0.827329 0.000167141
    0.510564 0.000433294
     0.29249 0.000303418
    0.226725 0.000370327
