           0           0
           0           0
           0           0
           0           0
           0           0
           0           0
           0           0
           0           0
           0           0
           0           0
           0           0
           0           0
           0           0
           0           0
           0           0
           0           0
           0           0
           0           0
           0           0
           0           0
           0           0
           0           0
           0           0
           0           0
           0           0
           0           0
           0           0
           0           0
           0           0
           0           0
           0           0
           0           0
           0           0
           0           0
           0           0
  5.8982e-05 1.67545e-05
  0.00865957 6.92903e-05
   0.0977584 0.000220828
    0.458495 0.000917626
     1.19325  0.00263113
     2.05487  0.00287398
     2.70539  0.00152112
      2.9916  0.00277652
     2.95542  0.00183591
     2.72729  0.00105229
     2.41405 0.000987923
     2.09221  0.00153662
     1.79575  0.00131235
     1.54124  0.00161089
     1.33382  0.00178406
     1.16811 0.000955113
     1.02982   0.0016512
    0.918786 0.000666712
    0.832738  0.00132805
    0.765538 0.000935619
    0.713087  0.00197288
    0.667868 0.000878242
    0.636248 0.000562788
    0.613121   0.0010729
    0.597018 0.000933619
    0.588534 0.000967447
    0.583465 0.000799379
    0.589278 0.000915716
    0.599683  0.00137123
    0.616477  0.00113297
    0.641142 0.000740574
    0.676882 0.000815556
    0.715753 0.000390302
    0.756432  0.00100062
    0.806072  0.00151226
    0.865506 0.000400576
    0.915747 0.000620194
    0.976288 0.000774117
     1.03022  0.00060109
     1.07676 0.000793682
     1.11918  0.00101205
     1.15793 0.000948461
     1.18988 0.000541722
     1.21811 0.000434289
     1.24221  0.00067236
     1.26021 0.000372361
     1.27539 0.000372385
     1.27837 0.000446242
      1.2717 0.000834614
     1.25272 0.000981259
     1.22665 0.000253092
     1.19329 0.000443754
       1.159  0.00126914
     1.11779 0.000557837
     1.07638 0.000451795
     1.03422 0.000354985
    0.996647 0.000639341
     0.95905 0.000929266
    0.924737 0.000411375
    0.902564  0.00114669
    0.876574 0.000591733
    0.858888  0.00083116
    0.844541 0.000314865
    0.835165 0.000368367
    0.833569 0.000178635
