           0           0
           0           0
   0.0596649 2.19515e-10
           0           0
           0           0
           0           0
           0           0
           0           0
           0           0
           0           0
           0           0
           0           0
           0           0
  0.00258961 4.55149e-05
    0.191811 0.000599716
     1.03614  0.00261158
     1.79924  0.00405088
     1.96354  0.00861237
     1.84162  0.00481565
     1.64707  0.00410713
     1.48356   0.0025176
     1.36547 0.000932982
      1.2559    0.001942
     1.18774  0.00446922
     1.14177  0.00181175
     1.10318  0.00254708
      1.0724  0.00228717
     1.06893  0.00242366
     1.05237  0.00296372
      1.0365 0.000437436
     1.03038  0.00167555
      1.0355  0.00292606
     1.02412  0.00104149
     1.02538 0.000955268
     1.02161  0.00165353
      1.0247  0.00279112
       1.032  0.00312682
     1.02018  0.00140789
     1.00897 0.000704338
     1.00723  0.00213456
     1.00547 0.000609394
     1.00483  0.00110528
     1.00029  0.00106386
     1.00607  0.00197985
    0.997941  0.00173846
    0.997435  0.00242947
    0.999167  0.00180695
     1.00355  0.00264622
    0.994724   0.0013513
     0.98699  0.00109079
    0.993967 0.000502193
     0.99266  0.00120837
    0.992442  0.00116152
    0.992021 0.000700531
    0.990004 0.000750735
    0.983315 0.000777294
    0.987293 0.000612236
    0.979382  0.00137965
     0.98169 0.000980202
    0.982302 0.000688932
    0.985368 0.000865062
    0.983136  0.00126369
     0.98762 0.000901125
    0.988077 0.000714893
    0.989837 0.000460084
    0.991347 0.000803101
    0.990159   0.0011166
    0.984431 0.000807038
    0.983534 0.000547991
    0.984884 0.000454913
    0.984211  0.00138771
    0.987766 0.000694148
    0.986638 0.000857069
    0.992274 0.000306825
    0.989341 0.000687267
    0.989981 0.000575947
    0.991566  0.00102163
    0.988089 0.000573303
     0.99162 0.000702817
    0.995893  0.00163722
    0.994216  0.00226009
    0.994589  0.00179693
    0.994671  0.00115144
    0.992621  0.00129067
    0.991836    0.000798
    0.991043 0.000488733
    0.985255 0.000586894
    0.983915 0.000686672
     0.98766 0.000593398
    0.986528 0.000690209
    0.986099 0.000467221
    0.988703 0.000737718
    0.990631 0.000347998
    0.990016 0.000500323
      0.9903 0.000462269
     0.99329  0.00113564
    0.992021 0.000599927
    0.990434 0.000664013
    0.990105 0.000808503
    0.990968 0.000863388
