0.137057 0.271738
0.415673 0.57234
1.17418 2.12177
1.29393 2.41905
0.326762 3.13603
1.57782 3.55446
2.43691 3.54778
1.8813 4.21426
2.24324 4.60388
3.43152 4.21849
3.72236 4.13419
4.71809 4.71398
4.95439 4.62448
4.78936 4.63761
4.00585 3.09152
4.7952 2.35042
4.84263 1.76726
3.871 2.03047
3.56424 2.59331
3.2459 2.87842
2.47921 2.72051
2.55737 2.05307
2.91277 1.62492
3.54282 0.913718
4.1739 0.700023
3.78836 0.347941
2.90657 0.631338
2.18525 1.24003
2.1134 1.26294
1.58388 1.10861
0.931169 0.214274
0.522438 0.345278
0.137057 0.271738
