5 0
4.90393 0.975452
4.6194 1.91342
4.15735 2.77785
3.53553 3.53553
2.77785 4.15735
1.91342 4.6194
0.975452 4.90393
3.06162e-16 5
-0.975452 4.90393
-1.91342 4.6194
-2.77785 4.15735
-3.53553 3.53553
-4.15735 2.77785
-4.6194 1.91342
-4.90393 0.975452
-5 6.12323e-16
-4.90393 -0.975452
-4.6194 -1.91342
-4.15735 -2.77785
-3.53553 -3.53553
-2.77785 -4.15735
-1.91342 -4.6194
-0.975452 -4.90393
-9.18485e-16 -5
0.975452 -4.90393
1.91342 -4.6194
2.77785 -4.15735
3.53553 -3.53553
4.15735 -2.77785
4.6194 -1.91342
4.90393 -0.975452
