1731 2011 200
1699 1973 186
1666 1958 172.98
1699 2032 160.871
1613 2013 149.61
1582 1954 139.138
1568 2017 129.398
1567 1992 120.34
1492 1963 111.916
1486 1979 104.082
1502 1980 96.7965
1419 1991 90.0207
1343 1933 83.7193
1384 2049 77.8589
1277 1995 72.4088
1288 2089 67.3402
1231 2034 62.6264
1150 2021 58.2425
1094 2024 54.1655
1144 2017 50.374
1064 2002 46.8478
1032 2073 43.5684
1022 1988 40.5186
915 1993 37.6823
909 2004 35.0446
801 2026 32.5915
817 2027 30.3101
720 1998 28.1883
772 1987 26.2152
752 2024 24.3801
756 1991 22.6735
667 1998 21.0863
641 2000 19.6103
634 2049 18.2376
606 2041 16.961
636 2034 15.7737
596 2010 14.6695
527 1981 13.6427
525 2018 12.6877
553 1991 11.7995
494 1970 10.9736
550 2047 10.2054
490 1979 9.49104
491 2028 8.82667
482 1955 8.2088
489 2009 7.63419
507 2055 7.09979
478 1999 6.60281
446 2033 6.14061
463 1951 5.71077
433 2002 5.31101
417 1934 4.93924
402 1939 4.5935
417 1975 4.27195
411 2028 3.97291
418 1961 3.69481
419 2005 3.43617
385 1975 3.19564
395 1928 2.97195
410 1991 2.76391
384 2005 2.57044
387 2017 2.39051
374 1977 2.22317
418 2047 2.06755
380 2006 1.92282
380 1954 1.78822
379 1957 1.66305
364 2032 1.54663
389 1961 1.43837
382 2034 1.33768
377 2012 1.24405
375 2030 1.15696
393 1966 1.07598
366 2045 1.00066
356 1984 0.930611
356 2024 0.865468
372 1994 0.804885
407 2017 0.748543
377 1951 0.696145
351 2006 0.647415
375 2015 0.602096
382 2010 0.559949
404 2014 0.520753
398 1951 0.4843
362 1964 0.450399
371 2000 0.418871
409 2052 0.38955
381 2025 0.362282
392 2012 0.336922
398 2011 0.313338
395 1981 0.291404
381 2002 0.271006
352 1987 0.252035
397 2025 0.234393
364 1977 0.217985
381 1937 0.202726
372 1993 0.188535
398 2028 0.175338
358 1946 0.163064
368 2020 0.15165
