1819 1963 75
1830 1980 69.75
1870 2016 64.8675
1826 2001 60.3268
1845 2014 56.1039
1801 2007 52.1766
1761 1974 48.5243
1750 1958 45.1276
1760 2002 41.9686
1711 1993 39.0308
1697 1988 36.2987
1667 1974 33.7578
1623 1986 31.3947
1631 1957 29.1971
1620 2027 27.1533
1533 1951 25.2526
1557 2043 23.4849
1515 1978 21.8409
1500 1990 20.3121
1491 2052 18.8902
1416 1998 17.5679
1461 2094 16.3382
1337 1999 15.1945
1308 1974 14.1309
1266 1981 13.1417
1282 1985 12.2218
1271 2023 11.3663
1144 1970 10.5706
1157 1954 9.83069
1152 2006 9.14254
1094 1999 8.50256
1023 2032 7.90738
952 1996 7.35386
984 2000 6.83909
948 2014 6.36036
875 1935 5.91513
797 1887 5.50107
811 1997 5.116
873 2021 4.75788
757 1968 4.42483
738 1959 4.11509
674 2001 3.82703
661 1967 3.55914
687 1997 3.31
649 1990 3.0783
627 1979 2.86282
602 2046 2.66242
578 2036 2.47605
593 2018 2.30273
577 2032 2.14154
555 1951 1.99163
551 2042 1.85222
580 2022 1.72256
508 1954 1.60198
491 1964 1.48984
499 2012 1.38555
521 2055 1.28857
473 1949 1.19837
502 2012 1.11448
521 2049 1.03647
483 2014 0.963914
469 1965 0.89644
429 2007 0.833689
461 1946 0.775331
464 2006 0.721058
451 2040 0.670584
453 1978 0.623643
431 1966 0.579988
431 2003 0.539389
441 2038 0.501631
439 2018 0.466517
444 1957 0.433861
459 1983 0.403491
412 2037 0.375246
409 2022 0.348979
413 1968 0.324551
408 2000 0.301832
374 1978 0.280704
391 1988 0.261055
385 2011 0.242781
386 1970 0.225786
426 2047 0.209981
390 1989 0.195282
394 2053 0.181613
382 2024 0.1689
380 2031 0.157077
396 2075 0.146081
367 2013 0.135856
373 1984 0.126346
376 2003 0.117502
362 1951 0.109276
402 2059 0.101627
390 1964 0.0945132
394 1993 0.0878973
382 2010 0.0817445
381 1978 0.0760224
388 2053 0.0707008
372 1982 0.0657517
398 2018 0.0611491
384 2027 0.0568687
