0  15.5222  0
1000  15.1199  0.402261
2000  14.7633  0.425583
3000  14.7242  0.303453
4000  14.8269  0.256501
5000  14.7508  0.222823
6000  14.7861  0.191587
7000  15.0772  0.335088
8000  15.1257  0.29947
9000  15.142  0.268349
10000  15.1296  0.243048
11000  15.0843  0.226434
12000  15.0968  0.208664
13000  15.1634  0.204336
14000  15.2074  0.19525
15000  15.2128  0.182719
16000  15.2134  0.171636
17000  15.2368  0.163501
18000  15.2334  0.154695
19000  15.2341  0.146758
20000  15.1806  0.14952
21000  15.1938  0.143171
22000  15.1345  0.149078
23000  15.1153  0.144027
24000  15.1356  0.139633
25000  15.1551  0.13557
26000  15.1499  0.130558
27000  15.1397  0.126217
28000  15.1165  0.123992
29000  15.111  0.119913
30000  15.1062  0.116077
31000  15.1118  0.112531
32000  15.1068  0.109184
33000  15.1022  0.106024
34000  15.0853  0.104329
35000  15.095  0.101852
36000  15.09  0.099185
37000  15.096  0.0967285
38000  15.0907  0.0943679
39000  15.0842  0.0922061
40000  15.0826  0.0899429
41000  15.0802  0.0878093
42000  15.0865  0.0859779
43000  15.0448  0.0937947
44000  15.0285  0.0931245
45000  15.0277  0.0910815
46000  15.0165  0.089824
47000  15.0337  0.0896003
48000  15.0224  0.0884752
49000  14.9983  0.0899601
50000  15.0302  0.0937596
51000  15.0349  0.0920564
52000  15.0181  0.0918412
53000  15.0193  0.0901325
54000  15.0164  0.0885275
55000  15.012  0.0870404
56000  15.0223  0.0861145
57000  15.0275  0.0847771
58000  15.0476  0.0857071
59000  15.0411  0.0845133
60000  15.025  0.0846658
61000  15.0162  0.0837487
62000  15.0171  0.0824134
63000  15.0133  0.0812051
64000  15.0293  0.081518
65000  15.0179  0.0810673
66000  15.0194  0.0798616
67000  15.0029  0.0803872
68000  15.0086  0.0794147
69000  15.0122  0.0783558
70000  15.0171  0.0774003
71000  15.0188  0.0763358
72000  15.0235  0.0754339
73000  15.0196  0.0745111
74000  15.0237  0.0736246
75000  15.019  0.0728032
76000  15.0128  0.0721139
77000  15.0107  0.0712144
78000  15.0184  0.0707325
79000  15.0362  0.0720684
80000  15.0231  0.0723793
81000  15.0412  0.0737459
82000  15.0538  0.0739428
83000  15.0627  0.0735901
84000  15.0677  0.0728925
85000  15.0782  0.0728033
86000  15.0749  0.0720349
87000  15.0701  0.0713756
88000  15.0663  0.0706727
89000  15.0681  0.0699055
90000  15.0645  0.0692241
91000  15.0522  0.0695664
92000  15.0541  0.0688407
93000  15.0566  0.0681516
94000  15.0493  0.0678315
95000  15.0515  0.0671594
96000  15.0446  0.0668283
97000  15.0491  0.0662975
98000  15.0449  0.0657565
99000  15.0435  0.0651105
