0  5.23057  0
1000  5.26684  0.0362735
2000  5.36198  0.0974172
3000  5.33255  0.0749086
4000  5.37409  0.0713645
5000  5.4365  0.085383
6000  5.40991  0.0769049
7000  5.40949  0.066603
8000  5.34283  0.0888432
9000  5.35332  0.0801531
10000  5.32566  0.0775974
11000  5.3143  0.0717429
12000  5.32666  0.0671417
13000  5.3482  0.065788
14000  5.33291  0.0631251
15000  5.34674  0.0606473
16000  5.34623  0.0569706
17000  5.34826  0.0537505
18000  5.34388  0.051031
19000  5.34351  0.0484137
20000  5.35474  0.0474003
21000  5.36612  0.0466031
22000  5.38961  0.0503465
23000  5.39842  0.0490019
24000  5.41735  0.0506713
25000  5.41777  0.0486852
26000  5.41547  0.0469036
27000  5.40669  0.0460424
28000  5.4134  0.0449297
29000  5.40279  0.0446827
30000  5.40683  0.0434053
31000  5.41121  0.0422549
32000  5.41335  0.0410102
33000  5.40186  0.0414108
34000  5.41333  0.0418139
35000  5.42216  0.0415836
36000  5.42094  0.0404625
37000  5.42378  0.0394855
38000  5.41641  0.0391598
39000  5.41559  0.0381769
40000  5.40271  0.039402
41000  5.39915  0.0386165
42000  5.39357  0.0381178
43000  5.3968  0.0373814
44000  5.3992  0.03662
45000  5.40152  0.0358899
46000  5.39597  0.0355539
47000  5.39577  0.0348059
48000  5.39922  0.0342616
49000  5.40116  0.0336258
50000  5.40704  0.0334805
51000  5.41088  0.0330536
52000  5.41185  0.0324384
53000  5.41036  0.0318664
54000  5.40647  0.0315231
55000  5.4137  0.0317873
56000  5.41535  0.0312684
57000  5.40994  0.0311976
58000  5.40751  0.0307604
59000  5.40511  0.0303382
60000  5.4077  0.0299489
61000  5.41608  0.0306304
62000  5.4131  0.0302875
63000  5.41465  0.0298508
64000  5.4113  0.029578
65000  5.40983  0.0291635
66000  5.41194  0.0288028
67000  5.40729  0.0287556
68000  5.41048  0.0285146
69000  5.41697  0.028845
70000  5.41604  0.0284509
71000  5.40966  0.0287693
72000  5.40777  0.0284358
73000  5.40843  0.0280567
74000  5.41662  0.0288669
75000  5.42139  0.028881
76000  5.4231  0.0285546
77000  5.43316  0.0299296
78000  5.43718  0.0298199
79000  5.4425  0.0299215
80000  5.44145  0.0295683
81000  5.4433  0.0292642
82000  5.4437  0.0289122
83000  5.44958  0.0291646
84000  5.45043  0.0288321
85000  5.45138  0.0285106
86000  5.45449  0.0283522
87000  5.45419  0.0280298
88000  5.45562  0.0277503
89000  5.45547  0.0274407
90000  5.45948  0.0274328
91000  5.45943  0.027133
92000  5.45982  0.0268424
93000  5.46086  0.0265758
94000  5.46107  0.0262954
95000  5.46354  0.0261372
96000  5.45778  0.0265002
97000  5.45994  0.0263177
98000  5.46091  0.0260686
99000  5.4641  0.0260023
