0  14.3337  0
1000  14.5123  0.178645
2000  14.8287  0.332791
3000  14.9421  0.261222
4000  15.0117  0.213968
5000  14.9459  0.186666
6000  15.0437  0.18558
7000  15.148  0.191624
8000  15.0906  0.178496
9000  15.0245  0.172763
10000  14.9821  0.161929
11000  15.0617  0.167902
12000  15.1773  0.192921
13000  15.193  0.179294
14000  15.2249  0.16993
15000  15.2501  0.160945
16000  15.2153  0.15514
17000  15.2509  0.150543
18000  15.2193  0.145854
19000  15.2594  0.144054
20000  15.2399  0.138399
21000  15.2299  0.132341
22000  15.2206  0.126799
23000  15.2615  0.128115
24000  15.2643  0.122915
25000  15.2454  0.119594
26000  15.2535  0.115365
27000  15.2512  0.111193
28000  15.248  0.107339
29000  15.2289  0.105437
30000  15.2008  0.105773
31000  15.2081  0.102675
32000  15.219  0.100105
33000  15.2023  0.0985336
34000  15.2185  0.0970311
35000  15.2063  0.0950832
36000  15.1826  0.0954521
37000  15.1829  0.0929067
38000  15.186  0.0905465
39000  15.1849  0.0882619
40000  15.1834  0.0860939
41000  15.1665  0.0857017
42000  15.1598  0.0839556
43000  15.1388  0.0846734
44000  15.1341  0.0829009
45000  15.1294  0.0812185
46000  15.1335  0.0795762
47000  15.1129  0.0805642
48000  15.1166  0.078991
49000  15.0953  0.0802794
50000  15.0996  0.0788042
51000  15.1195  0.0798139
52000  15.1132  0.07855
53000  15.0955  0.0790924
54000  15.1001  0.0777781
55000  15.0968  0.0764485
56000  15.0863  0.0758166
57000  15.0805  0.0747269
58000  15.0879  0.0738203
59000  15.099  0.0734206
60000  15.0917  0.0725679
61000  15.0809  0.0722072
62000  15.0707  0.0717784
63000  15.0529  0.0728582
64000  15.0466  0.0720055
65000  15.0536  0.071254
66000  15.045  0.0707072
67000  15.0433  0.0696809
68000  15.0324  0.0695165
69000  15.0316  0.0685213
70000  15.0509  0.0702408
71000  15.0511  0.0692588
72000  15.0429  0.0687991
73000  15.0435  0.0678664
74000  15.0416  0.0669826
75000  15.0406  0.0661035
76000  15.0434  0.0652995
77000  15.0351  0.0649891
78000  15.0246  0.0650084
79000  15.019  0.0644381
80000  15.0185  0.0636398
81000  15.0224  0.0629804
82000  15.0366  0.0638291
83000  15.0291  0.0635144
84000  15.0321  0.0628336
85000  15.0336  0.0621165
86000  15.0269  0.0617634
87000  15.0275  0.0610611
88000  15.0279  0.0603721
89000  15.0368  0.0603599
90000  15.0362  0.0596958
91000  15.0451  0.0597073
92000  15.0465  0.0590798
93000  15.043  0.0585543
94000  15.0402  0.0580019
95000  15.0465  0.05774
96000  15.0492  0.0572062
97000  15.0493  0.0566196
98000  15.0482  0.0560568
99000  15.0511  0.0555741
