0  5.25234  0
1000  5.31486  0.062525
2000  5.41683  0.108172
3000  5.54837  0.152158
4000  5.53319  0.118835
5000  5.64084  0.144928
6000  5.63429  0.122662
7000  5.57754  0.120433
8000  5.59795  0.108155
9000  5.6164  0.0984792
10000  5.61474  0.0890933
11000  5.6245  0.0819147
12000  5.62712  0.0753959
13000  5.62389  0.0698774
14000  5.59745  0.0702233
15000  5.57678  0.0688631
16000  5.58545  0.0652645
17000  5.57684  0.0621319
18000  5.57406  0.0588363
19000  5.59011  0.058078
20000  5.6273  0.0665955
21000  5.59426  0.0715797
22000  5.58995  0.0685326
23000  5.59811  0.0661205
24000  5.59994  0.063447
25000  5.5993  0.0609612
26000  5.57838  0.0622788
27000  5.5822  0.0601351
28000  5.56753  0.0598522
29000  5.57789  0.0587444
30000  5.55626  0.0607947
31000  5.55552  0.0588689
32000  5.555  0.0570594
33000  5.54209  0.0568416
34000  5.5337  0.0558285
35000  5.53125  0.0543108
36000  5.54208  0.0539215
37000  5.53312  0.0532423
38000  5.53052  0.0519243
39000  5.5282  0.0506629
40000  5.5257  0.049475
41000  5.524  0.0483125
42000  5.52424  0.0471762
43000  5.51372  0.0472768
44000  5.50284  0.0474765
45000  5.51022  0.0470156
46000  5.51251  0.0460614
47000  5.50782  0.0453353
48000  5.51188  0.0445861
49000  5.51014  0.0437198
50000  5.51284  0.0429384
51000  5.50966  0.0422242
52000  5.50391  0.0418172
53000  5.50785  0.0412243
54000  5.49756  0.0417549
55000  5.50024  0.0410897
56000  5.49391  0.0408564
57000  5.49844  0.0404011
58000  5.49921  0.039718
59000  5.49274  0.0395843
60000  5.49042  0.0389989
61000  5.49304  0.0384545
62000  5.4849  0.0387051
63000  5.48006  0.0384026
64000  5.48445  0.0380611
65000  5.47707  0.038199
66000  5.48248  0.0380113
67000  5.47942  0.0375729
68000  5.46749  0.038899
69000  5.46518  0.0384087
70000  5.47045  0.0382285
71000  5.46988  0.0376981
72000  5.46581  0.0374002
73000  5.46725  0.0369195
74000  5.47005  0.0365316
75000  5.47122  0.0360667
76000  5.46777  0.0357624
77000  5.4649  0.0354175
78000  5.46358  0.0349911
79000  5.45824  0.0349615
80000  5.45612  0.0345924
81000  5.45848  0.0342495
82000  5.45427  0.0340953
83000  5.45247  0.033735
84000  5.44761  0.0336881
85000  5.44963  0.0333556
86000  5.45033  0.0329772
87000  5.44616  0.032866
88000  5.44308  0.0326403
89000  5.44544  0.032362
90000  5.44423  0.032027
91000  5.44417  0.031677
92000  5.44351  0.0313415
93000  5.44377  0.0310074
94000  5.44576  0.0307441
95000  5.45256  0.0311726
96000  5.45643  0.0310908
97000  5.45788  0.0308064
98000  5.45539  0.0305955
99000  5.45319  0.0303675
