-0.4833   -0.0362011   -0.131775
-0.0677642   0.204456   0.380872
-0.487651   0.0946708   0.333024
-0.253088   -0.250492   0.47497
-0.00836177   -0.326935   -0.336153
0.0603267   -0.116418   0.0877307
0.00586965   0.497587   -0.414069
-0.0230615   -0.20691   -0.106504
0.160565   -0.172518   -0.418969
0.146361   -0.40832   -0.236251
0.25956   0.216207   -0.138496
-0.220086   0.0171235   -0.194361
-0.180665   0.145867   -0.0369965
0.227361   0.43214   -0.363711
0.365502   0.20712   0.138302
0.0255624   -0.357247   -9.7981e-05
0.165662   0.457212   0.443537
-0.471021   0.424516   -0.443489
0.498039   -0.495658   -0.024541
0.225709   0.266302   -0.327044
-0.485069   -0.16748   0.161623
-0.220945   0.071824   0.42242
0.101988   0.395944   -0.0849483
-0.410033   -0.301439   0.0522512
-0.231262   0.318161   0.0746296
-0.293114   0.225825   -0.18626
-0.206168   -0.362121   0.300184
-0.46256   0.272848   0.0544626
0.00961759   0.237288   -0.445221
0.117195   -0.388963   0.310239
-0.411491   -0.361949   0.415126
0.261736   -0.0816085   0.102881
-0.173121   -0.0438019   0.0871839
0.242624   -0.0248536   -0.324935
-0.369321   0.0760897   -0.0253805
-0.15663   0.381709   0.44722
-0.209865   -0.248465   0.00617307
-0.395099   0.0810767   -0.277729
-0.0233356   -0.425642   0.195538
0.342553   -0.384344   0.430417
-0.155807   0.340083   -0.0890315
0.13809   -0.112101   0.293759
-0.0166268   0.179297   -0.193641
0.474255   0.290944   -0.162816
0.367562   -0.15434   -0.192208
0.117728   -0.386636   -0.485137
0.185195   0.274644   0.377508
-0.269837   0.435604   -0.409525
-0.00544591   -0.105139   -0.465977
0.186091   0.144726   0.200029
0.421233   0.0803549   -0.234752
-0.361989   0.00492696   0.157092
-0.381444   -0.16353   -0.210527
0.108819   0.0688792   0.418661
-0.123244   -0.420781   0.483592
-0.121449   -0.145884   -0.329519
0.326806   -0.410389   0.208456
0.313499   0.381869   0.0166164
-0.214533   0.106178   0.232656
-0.028812   0.255877   0.0648272
-0.375213   0.377421   -0.0753363
-0.0262683   -0.0181832   -0.199506
-0.389158   -0.392632   -0.124939
0.298664   0.40429   0.246106
0.181243   -0.275844   0.158803
-0.103975   0.110948   -0.407396
0.146888   0.214474   0.0312151
0.354572   0.240569   0.355566
-0.152072   0.336617   0.231442
-0.154191   -0.0765254   0.3733
-0.272332   -0.484527   0.160562
0.347394   -0.280733   -0.338574
-0.481043   -0.390935   0.219685
0.417438   0.470916   -0.3116
0.39301   -0.00119276   0.19822
-0.207208   -0.307895   -0.297553
-0.37871   0.379387   0.194995
-0.426395   0.274199   -0.336617
-0.253543   -0.207146   0.188245
0.420097   -0.0581124   -0.365177
-0.0721268   -0.236513   0.132095
-0.305058   0.172453   -0.429895
-0.380157   -0.172971   0.346278
-0.378775   0.476544   0.393499
-0.352058   0.291106   0.393954
0.0336877   0.391612   0.318474
-0.296866   -0.111989   -0.434374
-0.383642   0.442767   -0.255655
0.358776   0.364031   0.489919
0.419451   -0.134012   0.344015
-0.118412   0.477534   0.0367036
0.287393   0.0296026   -0.0775599
-0.414715   -0.350365   -0.347904
-0.0284854   0.358483   -0.269073
0.287957   0.385086   -0.192128
-0.243685   0.491413   -0.153783
0.308437   0.111616   -0.469614
-0.445087   0.031952   0.491845
0.277676   -0.423888   -0.00901136
0.262421   -0.0677671   0.459745
-0.00719598   -0.228653   0.318991
0.344577   -0.414192   -0.206224
0.185506   -0.28398   -0.114551
0.437051   0.472041   0.326267
0.426249   -0.256245   -0.0514492
-0.0415482   0.0879229   0.169008
0.10918   0.0253096   -0.0416544
0.151059   0.465083   0.0974503
