-0.48301   -0.0362713   -0.13189
-0.0678482   0.204422   0.380838
-0.487457   0.0943422   0.333006
-0.253436   -0.250411   0.474815
-0.00870351   -0.327204   -0.336548
0.0604295   -0.116424   0.0878279
0.00598853   0.49774   -0.413807
-0.0232791   -0.206816   -0.106868
0.160384   -0.172214   -0.419089
0.146086   -0.408018   -0.236292
0.259648   0.21607   -0.138461
-0.220208   0.0173812   -0.194758
-0.180856   0.145921   -0.0369029
0.227395   0.43206   -0.363527
0.365003   0.207001   0.138273
0.025674   -0.357609   -6.31031e-05
0.165586   0.457111   0.443638
-0.470719   0.424527   -0.443716
0.498047   -0.495463   -0.0246602
0.226153   0.266074   -0.327211
-0.484849   -0.167194   0.162096
-0.221037   0.0717479   0.422739
0.102014   0.395993   -0.0848453
-0.409952   -0.301392   0.0523396
-0.23163   0.318535   0.0743328
-0.293024   0.225556   -0.186443
-0.206061   -0.362041   0.299892
-0.462629   0.27239   0.0543604
0.00968194   0.23729   -0.445042
0.117466   -0.388959   0.310219
-0.411615   -0.362119   0.415059
0.261574   -0.0813818   0.10281
-0.173593   -0.0439863   0.0873478
0.242527   -0.0252933   -0.325367
-0.369271   0.075966   -0.0247145
-0.156677   0.382001   0.447391
-0.209651   -0.248284   0.00620366
-0.395241   0.0813476   -0.277991
-0.0233447   -0.426093   0.195911
0.34257   -0.383926   0.430131
-0.155538   0.339706   -0.088984
0.138123   -0.112125   0.293668
-0.0166489   0.179441   -0.193267
0.474472   0.291125   -0.162939
0.367425   -0.154524   -0.192098
0.117843   -0.386562   -0.485214
0.185123   0.274528   0.377506
-0.269932   0.435208   -0.409478
-0.00516981   -0.104975   -0.466215
0.186164   0.144441   0.200176
0.421187   0.0805661   -0.234394
-0.3622   0.00484225   0.156902
-0.381221   -0.163808   -0.210527
0.10891   0.0689526   0.418624
-0.123377   -0.420934   0.483441
-0.121543   -0.145469   -0.329606
0.326933   -0.410454   0.208553
0.313593   0.381795   0.0166987
-0.214499   0.106046   0.232805
-0.0287132   0.255711   0.0648614
-0.375143   0.377395   -0.0749506
-0.0263289   -0.0182114   -0.199275
-0.389409   -0.392912   -0.124551
0.298214   0.404449   0.246183
0.180961   -0.275759   0.158559
-0.104016   0.110735   -0.407436
0.147004   0.214321   0.0312939
0.354472   0.240434   0.355614
-0.152102   0.336804   0.231524
-0.154043   -0.0765561   0.372946
-0.272129   -0.48436   0.160503
0.347059   -0.280531   -0.338749
-0.481032   -0.390938   0.219531
0.41734   0.47098   -0.311318
0.39288   -0.00123679   0.198456
-0.207307   -0.307831   -0.297644
-0.378387   0.379661   0.194965
-0.426529   0.274333   -0.336781
-0.253516   -0.207114   0.188121
0.420506   -0.0583127   -0.365409
-0.0722141   -0.236276   0.132033
-0.305106   0.172093   -0.42945
-0.379851   -0.173236   0.345928
-0.378899   0.476921   0.393541
-0.35214   0.290722   0.393996
0.0336947   0.391977   0.318505
-0.296983   -0.111971   -0.434404
-0.383623   0.442818   -0.255514
0.358607   0.364184   0.489909
0.419574   -0.133826   0.343712
-0.118388   0.477469   0.0366779
0.287085   0.0298664   -0.0775142
-0.414797   -0.350523   -0.347649
-0.0283776   0.358417   -0.269223
0.288104   0.384953   -0.192291
-0.243349   0.491608   -0.153736
0.308449   0.111715   -0.469678
-0.445003   0.0316631   0.492001
0.278031   -0.42391   -0.00907884
0.262299   -0.06753   0.459467
-0.00707635   -0.228584   0.318746
0.344767   -0.414193   -0.20565
0.185447   -0.283506   -0.114733
0.437052   0.472048   0.326525
0.4266   -0.256356   -0.0515214
-0.0415054   0.0877954   0.169124
0.108922   0.0255903   -0.0417947
0.151252   0.46508   0.0976544
