8.94114
8.68964
8.32108
7.89524
7.51169
7.21701
7.01093
6.904
6.89412
6.92643
6.93598
6.91522
6.88644
6.84173
6.75603
6.66183
6.6397
6.70583
6.7762
6.77378
6.69406
6.56839
6.42885
6.3191
6.27449
6.26915
6.23329
6.12533
5.97292
5.87341
5.90007
6.01817
6.16928
6.32211
6.45557
6.55783
6.6157
6.61975
6.58322
6.5642
6.63126
6.7462
6.83733
6.88841
6.90179
6.88033
6.8222
6.71454
6.56356
6.43183
6.37424
6.37869
6.42517
6.52624
6.68687
6.86204
6.98861
7.02178
6.94136
6.77106
6.58233
6.4505
6.41616
6.46988
6.56992
6.69371
6.83132
6.94015
6.97473
6.92869
6.83676
6.75866
6.73063
6.74317
6.77343
6.78989
6.75507
6.65999
6.54894
6.4975
6.54753
6.67023
6.80425
6.90881
6.97919
7.03238
7.07863
7.10249
7.08552
7.04029
6.99834
6.97272
6.94685
6.9014
6.84973
6.82784
6.83257
6.81579
6.7367
6.59262
6.4358
6.354
6.42159
6.60344
6.78853
6.90045
6.91688
6.85535
6.75945
6.68014
6.64575
6.63315
6.58532
6.48207
6.38087
6.36469
6.4513
6.60585
6.78832
6.95558
7.07884
7.14794
7.15295
7.09435
7.00733
6.93884
6.89377
6.84345
6.78385
6.74364
6.73717
6.75115
6.76844
6.78399
6.79865
6.80839
6.83644
6.94569
7.15556
7.35912
7.4299
7.33568
7.16003
7.02539
6.88734
6.68459
6.52214
6.49859
6.56984
6.6542
6.7252
6.79298
6.85957
6.90461
6.91557
6.91525
6.91642
6.88204
6.76698
6.57634
6.41418
6.37826
6.42083
6.45864
6.49687
6.58315
6.71089
6.86101
7.04109
7.20159
7.27816
7.25968
7.15522
6.97389
6.76827
6.61866
6.54441
6.49514
6.42607
6.3469
6.30738
6.35303
6.48636
6.66072
6.7895
6.79208
6.7541
6.908
7.10582
7.16205
7.11185
7.04917
7.01762
6.95628
6.82586
6.68883
6.65036
6.73552
6.87359
6.9991
7.08989
7.14498
7.1655
7.15031
7.09231
6.98348
6.83715
6.69987
6.62849
6.63945
6.6784
6.65768
6.52724
6.3333
6.21786
6.25768
6.38416
6.53059
6.66589
6.76492
6.81105
6.80128
6.74924
6.70067
6.69736
6.70575
6.65845
6.53481
6.41829
6.41137
6.48282
6.57885
6.70479
6.83905
6.94517
7.02312
7.07754
7.09754
7.06787
6.98327
6.85493
6.6981
6.52863
6.39169
6.3623
6.45854
6.60525
6.72975
6.81387
6.8594
6.87043
6.87251
6.91056
7.01924
7.1875
7.34595
7.41684
7.36838
7.22079
7.02339
6.82606
6.65254
6.50111
6.40358
6.42158
6.51213
6.54962
6.48215
6.36652
6.29474
6.32293
6.45394
6.65867
6.88459
7.06199
7.13751
7.09453
6.96973
6.8466
6.7924
6.80871
6.85033
6.86569
6.82626
6.73219
6.60412
6.48043
6.42413
6.47577
6.57642
6.64193
6.66754
6.67825
6.65637
6.60098
6.556
6.55272
6.58753
6.64103
6.69099
6.72173
6.72626
6.7086
6.68754
6.68359
6.69955
6.72307
6.73746
6.72927
6.70228
6.66789
6.6334
6.61389
6.62686
6.67051
6.7294
6.80671
6.91618
7.03458
7.1124
7.11711
7.04964
6.94306
6.83583
6.74349
6.67336
6.63356
6.62169
6.63234
6.66086
6.68815
6.69249
6.67552
6.64643
6.62136
6.64974
6.72687
6.76529
6.74257
6.6824
6.56412
6.37
6.14796
5.97487
5.88672
5.86606
5.90936
6.02328
6.1387
6.16739
6.15978
6.31206
6.57972
6.77796
6.86603
6.87327
6.83552
6.77383
6.69472
6.61024
6.55061
6.55817
6.65856
6.81992
6.9758
7.08274
7.11164
7.0314
6.85057
6.66565
6.6092
6.68409
6.76047
6.86938
7.0674
7.2554
7.35253
7.3522
7.27214
7.12215
6.9006
6.64119
6.44934
6.40268
6.44419
6.48031
6.49434
6.53126
6.60761
6.70748
6.82398
6.95298
7.06864
7.1358
7.1445
7.10927
7.03244
6.90508
6.73028
6.52123
6.31288
6.24926
6.43143
6.69005
6.8761
6.95614
6.93778
6.84701
6.71781
6.59854
6.53542
6.53519
6.57167
6.62176
6.67508
6.71953
6.73786
6.71909
6.67047
6.62125
6.61077
6.66348
6.76874
6.88581
6.96537
6.97457
6.91821
6.83549
6.77287
6.74493
6.7211
6.66665
6.58426
6.51074
6.47586
6.4691
6.46406
6.45895
6.46241
6.45866
6.42517
6.38991
6.4452
6.62919
6.85364
7.00398
7.02569
6.95009
6.85547
6.7993
6.76433
6.72857
6.73991
6.83602
6.98794
7.13675
7.22943
7.23868
7.16845
7.04595
6.91019
6.79379
6.69925
6.61632
6.54664
6.48939
6.44664
6.43992
6.4793
6.53432
6.56692
6.56677
6.54639
6.52646
6.52784
6.55589
6.59803
6.64137
6.67759
6.70126
6.71176
6.70996
6.69549
6.67074
6.64747
6.64313
6.66177
6.69239
6.73825
6.80653
6.85973
6.84518
6.76205
6.64084
6.50163
6.38543
6.33362
6.32964
6.35754
6.43386
6.57732
6.76646
6.93386
7.01805
6.98983
6.85914
6.66759
6.47964
6.36212
6.32354
6.3264
6.35206
6.40093
6.48082
6.57401
6.62265
6.57648
6.44384
6.29452
6.20421
6.18701
6.20722
6.25656
6.36483
6.52984
6.70106
6.82902
6.89742
6.92289
6.93676
6.96055
6.99594
7.03358
7.05795
7.05027
7.01043
6.9752
6.98529
7.03059
7.06273
7.05297
7.00471
6.92614
6.82588
6.73577
6.70062
6.72772
6.77171
6.78114
6.74756
6.71035
6.71094
6.7578
6.83971
6.9338
6.9965
6.96817
6.81524
6.62559
6.56261
6.59345
6.60988
6.59294
6.55357
6.50175
6.46136
6.48646
6.60768
6.76055
6.86046
6.89019
6.90842
6.95927
7.02169
7.05865
7.01369
6.83489
6.56451
6.37425
6.36295
6.4439
6.53512
6.60419
6.63431
6.64588
6.69276
6.79083
6.90749
7.013
7.10001
7.16327
7.18378
7.15362
7.10959
7.10044
7.13131
7.17887
7.20561
7.15586
6.98497
6.69721
6.36994
6.16612
6.22863
6.48926
6.76973
6.94989
6.97225
6.83089
6.59187
6.39669
6.3711
6.51468
6.72476
6.89828
6.97733
6.9479
6.84604
6.7463
6.68134
6.62024
6.54699
6.48928
6.4889
6.55899
6.67339
6.79023
6.87479
6.91229
6.90445
6.85391
6.76329
6.66248
6.61186
6.63094
6.68716
6.75949
6.84452
6.93153
7.00245
7.05146
7.07639
7.06872
7.03169
6.98384
6.94473
6.91016
6.85999
6.79457
6.75549
6.77865
6.83034
6.86734
6.87481
6.83175
6.71947
6.57909
6.54287
6.67261
6.83248
6.9105
6.89456
6.80141
6.64444
6.43096
6.18682
5.98746
5.92472
6.0159
6.19576
6.39362
6.56493
6.68026
6.72908
6.72925
6.70535
6.6552
6.56569
6.47988
6.44334
6.43355
6.43018
6.4143
6.41757
6.49272
6.64217
6.83514
7.0279
7.1632
7.1839
7.0558
6.7963
6.49865
6.29449
6.23927
6.28495
6.36456
6.44613
6.52721
6.61329
6.68229
6.69389
6.65623
6.63748
6.69903
6.81413
6.89634
6.88365
6.76323
6.58108
6.4332
6.40823
6.54025
6.75485
6.94318
7.04122
7.0266
6.9203
6.79832
6.76616
6.84162
6.91496
6.93073
6.96109
7.0171
7.03869
7.01379
6.96316
6.90316
6.84828
6.84316
6.92939
7.0496
7.13208
7.17273
7.19655
7.23731
7.30906
7.37315
7.37769
7.31846
7.22998
7.14179
7.06634
7.00097
6.92496
6.82515
6.7302
6.69405
6.7386
6.8163
6.84445
6.79827
6.7169
6.62899
6.53109
6.45053
6.43854
6.51631
6.70144
6.9617
7.18901
7.31296
7.32514
7.23957
7.08049
6.88313
6.6845
6.52913
6.47262
6.50687
6.54665
6.53152
6.47091
6.43116
6.45172
6.50523
6.57057
6.66573
6.80769
6.95747
7.04393
7.03855
6.96971
6.88148
6.7856
6.65501
6.48084
6.32874
6.28961
6.37124
6.53681
6.77048
7.01578
7.18227
7.23704
7.1974
7.06369
6.83193
6.61984
6.63595
6.79951
6.87544
6.82548
6.73298
6.67182
6.66043
6.66793
6.65355
6.61189
6.5814
6.59479
6.62327
6.63394
6.65925
6.72694
6.79679
6.81599
6.75972
6.628
6.46341
6.37379
6.43646
6.59781
6.77366
6.90003
6.94797
6.94984
6.95589
6.97767
7.00138
7.02579
7.06231
7.1139
7.16595
7.19769
7.19999
7.17763
7.13941
7.09864
7.07381
7.07116
7.077
7.06954
7.03204
6.97622
6.9512
6.97006
6.96638
6.88952
6.82339
6.85419
6.8814
6.85215
6.82272
6.83116
6.85266
6.82507
6.7246
6.64012
6.64172
6.67758
6.72208
6.79061
6.8805
6.94434
6.91626
6.7742
6.56259
6.36428
6.25264
6.24756
6.30861
6.3809
6.43041
6.43862
6.40448
6.34929
6.3018
6.27551
6.26663
6.28708
6.38866
6.59074
6.83374
7.05346
7.20858
7.27788
7.27066
7.23067
7.21543
7.24833
7.30904
7.34565
7.30776
7.20314
7.09833
7.03429
6.98489
6.92503
6.86776
6.83647
6.83203
6.83169
6.82071
6.82076
6.86424
6.94688
7.04238
7.14623
7.26891
7.38769
7.45191
7.42964
7.32401
7.17134
7.02163
6.91514
6.87508
6.89005
6.91264
6.90034
6.84935
6.77111
6.66233
6.53747
6.47423
6.52324
6.62745
6.71727
6.75354
6.74325
6.75603
6.86152
7.02989
7.17176
7.22622
7.1848
7.08386
6.97757
6.89842
6.8359
6.76574
6.68816
6.62389
6.58058
6.54469
6.51778
6.5114
6.49326
6.40882
6.26356
6.16017
6.20859
6.3992
6.6296
6.83431
6.99203
7.05918
7.03643
6.98833
6.96639
6.96955
6.97271
6.96333
6.96038
6.99226
7.04768
7.09403
7.11245
7.0962
7.04362
6.95519
6.83825
6.70545
6.56757
6.44433
6.36902
6.35021
6.36141
6.36667
6.34035
6.28151
6.21403
6.19617
6.28418
6.42996
6.50321
6.45444
6.36814
6.34085
6.38351
6.4994
6.70134
6.92076
7.06997
7.09354
6.99269
6.84485
6.71808
