3.97599
3.97552
3.97555
3.9756
3.97532
3.9747
3.97546
3.97501
3.97543
3.97645
3.97872
3.9801
3.97979
3.98142
3.98174
3.98028
3.97984
3.97842
3.97806
3.97913
3.9793
3.97841
3.97784
3.97847
3.97966
3.97764
3.9758
3.9755
3.97586
3.97727
3.97709
3.97705
3.97643
3.97763
3.97883
3.97853
3.97822
3.97792
3.97871
3.97922
3.97979
3.97975
3.9796
3.98006
3.98022
3.97976
3.97883
3.97837
3.97766
3.97724
3.97678
3.97721
3.97633
3.9783
3.97752
3.97492
3.97308
3.97352
3.97323
3.97523
3.97422
3.97409
3.97544
3.97481
3.97314
3.97345
3.97388
3.97475
3.97385
3.97251
3.9724
3.97182
3.97166
3.97331
3.97117
3.97009
3.96888
3.97042
3.97258
3.97291
3.97152
3.97164
3.97403
3.97569
3.97676
3.97526
3.97586
3.97614
3.97706
3.97618
3.97574
3.97647
3.97615
3.97616
3.97633
3.97739
3.97795
3.97807
3.97806
3.97733
3.97693
3.97698
3.97893
3.97856
3.97746
3.97776
3.97777
3.97826
3.97798
3.9777
3.97677
3.97793
3.9773
3.97628
3.97604
3.97484
3.97376
3.97434
3.97508
3.97627
3.97899
3.97929
3.97959
3.97901
3.97662
3.97663
3.97736
3.97569
3.97375
3.9736
3.97435
3.97403
3.97237
3.97237
3.97327
3.97313
3.97257
3.97305
3.97372
3.9744
3.97695
3.97805
3.97769
3.97718
3.97803
3.97842
3.97985
3.97891
3.97856
3.979
3.97902
3.97827
3.97856
3.97854
3.97871
3.97963
3.98005
3.97926
3.9791
3.97992
3.98196
3.98131
3.9808
3.97945
3.97767
3.97676
3.97751
3.97753
3.97795
3.97776
3.97685
3.97791
3.97685
3.97779
3.97829
3.97951
3.97856
3.97883
3.97823
3.97887
3.97845
3.97906
3.97873
3.97973
3.97936
3.98104
3.98018
3.98141
3.98206
3.98091
3.98037
3.97995
3.98111
3.98078
3.98248
3.98316
3.98363
3.98463
3.98399
3.98248
3.98339
3.98354
3.98505
3.98566
3.98338
3.98324
3.9819
3.97937
3.97802
3.97753
3.97565
3.97561
3.97548
3.97708
3.97653
3.97723
3.97856
3.97825
3.97838
3.97732
3.97656
3.97535
3.97507
3.976
3.97718
3.97728
3.9771
3.97685
3.97783
3.97825
3.97836
3.97884
3.97989
3.97896
3.98139
3.98019
3.97944
3.97913
3.97806
3.97716
3.97687
3.97657
3.97735
3.9774
3.97741
3.97781
3.97912
3.97988
3.98064
3.98064
3.98111
3.98038
3.98041
3.98071
3.97915
3.97985
3.98059
3.97955
3.97897
3.97945
3.97809
3.97808
3.97779
3.97678
3.97826
3.97787
3.97783
3.97802
3.97944
3.97842
3.97736
3.97704
3.97641
3.97743
3.97726
3.97755
3.97863
3.97884
3.97722
3.97752
3.97779
3.97655
3.97729
3.97789
3.97851
3.97882
3.97946
3.97904
3.97839
3.97818
3.97848
3.97745
3.97804
3.97714
3.97929
3.97872
3.97827
3.97946
3.97885
3.97794
3.97748
3.97823
3.97855
3.97932
3.97856
3.97946
3.98005
3.9808
3.97869
3.97778
3.97703
3.97719
3.97826
3.97751
3.97749
3.97719
3.97736
3.97795
3.97671
3.97744
3.97896
3.97898
3.97734
3.97886
3.97825
3.97901
3.9778
3.97794
3.97764
3.97807
3.97941
3.98062
3.98063
3.98184
3.98187
3.98142
3.98075
3.98119
3.97971
3.9797
3.97771
3.9785
3.97733
3.97659
3.97657
3.97626
3.97627
3.97577
3.97646
3.97678
3.97709
3.97524
3.97618
3.97815
3.97788
3.97866
3.97913
3.97988
3.97958
3.9796
3.97765
3.97767
3.9784
3.97836
3.97758
3.97802
3.97815
3.97859
3.98
3.97887
3.97977
3.98041
3.98075
3.98006
3.98014
3.98011
3.97921
3.97862
3.97953
3.97877
3.97787
3.97793
3.9798
3.97976
3.97893
3.97832
3.98138
3.97988
3.97805
3.9776
3.97791
3.97775
3.97758
3.97636
3.97577
3.97668
3.97561
3.97606
3.97605
3.97544
3.97749
3.97923
3.97896
3.97752
3.97662
3.97467
3.97485
3.97426
3.9746
3.97508
3.97418
3.97462
3.97476
3.97611
3.97626
3.97458
3.97412
3.97488
3.97505
3.97522
3.97736
3.97645
3.97566
3.97623
3.97591
3.97531
3.977
3.9793
3.98036
3.97958
3.97986
3.97835
3.97852
3.97809
3.97732
3.9779
3.97715
3.97837
3.9782
3.97803
3.9791
3.97856
3.97919
3.98003
3.98042
3.98038
3.98131
3.98273
3.98262
3.98321
3.98288
3.98157
3.98145
3.98113
3.98185
3.98348
3.98377
3.98332
3.98092
3.98064
3.98036
3.9796
3.97913
3.97762
3.97883
3.97822
3.97672
3.97628
3.97671
3.97714
3.97623
3.97624
3.97837
3.97913
3.97929
3.97958
3.97882
3.98018
3.98048
3.98048
3.98003
3.97912
3.97822
3.97837
3.97823
3.97944
3.97897
3.97791
3.97762
3.97548
3.97574
3.9768
3.97637
3.97789
3.97852
3.97854
3.97777
3.97806
3.97732
3.97658
3.97641
3.97577
3.97649
3.97617
3.97678
3.97695
3.97593
3.97703
3.97824
3.97745
3.97714
3.9779
3.97837
3.97836
3.97847
3.97829
3.97829
3.97607
3.97461
3.97506
3.97518
3.97503
3.97627
3.97597
3.97715
3.97516
3.97606
3.97607
3.9761
3.97672
3.97823
3.97686
3.97731
3.97774
3.97819
3.97806
3.97764
3.97808
3.97789
3.97576
3.97607
3.97728
3.97728
3.9779
3.97809
3.97915
3.97927
3.97924
3.98014
3.98032
3.98065
3.98065
3.9808
3.98154
3.98151
3.97965
3.98218
3.98177
3.98084
3.9799
3.97983
3.97968
3.97985
3.9791
3.97896
3.97884
3.97902
3.97912
3.97816
3.97724
3.97743
3.97625
3.97669
3.97683
3.97695
3.97796
3.97767
3.97793
3.97739
3.97883
3.97833
3.97848
3.97862
3.97984
3.97988
3.98081
3.98003
3.98032
3.98002
3.97791
3.9791
3.98014
3.98062
3.98065
3.98156
3.98018
3.98107
3.97937
3.97919
3.97827
3.97876
3.97841
3.97821
3.97876
3.97743
3.97752
3.97765
3.97825
3.97934
3.97973
3.9783
3.97875
3.98019
3.97983
3.98055
3.9801
3.97997
3.97957
3.97913
3.97881
3.97925
3.97896
3.97915
3.97886
3.97808
3.97715
3.97698
3.97576
3.97758
3.97667
3.97727
3.97834
3.97853
3.97733
3.9767
3.97427
3.97442
3.97533
3.97471
3.9738
3.9738
3.97516
3.97319
3.97291
3.97398
3.97489
3.97517
3.97502
3.97489
3.97552
3.97534
3.97456
3.97426
3.97334
3.97452
3.97545
3.97614
3.97695
3.97533
3.97693
3.97558
3.97575
3.9759
3.97711
3.97848
3.98018
3.98054
3.98131
3.98172
3.98334
3.98317
3.983
3.98209
3.98044
3.98105
3.98059
3.98133
3.98089
3.98092
3.97954
3.97908
3.97997
3.97864
3.97809
3.97809
3.97793
3.97791
3.97818
3.97708
3.97706
3.97631
3.97682
3.9766
3.97663
3.9772
3.97685
3.97532
3.97638
3.97624
3.97773
3.97574
3.9756
3.97656
3.9769
3.97568
3.97562
3.97664
3.97784
3.97801
3.97882
3.98038
3.98056
3.98006
3.9809
3.98072
3.97981
3.97952
3.97941
3.97857
3.97783
3.97744
3.97769
3.9773
3.97776
3.97848
3.97923
3.98015
3.98046
3.98243
3.98139
3.98173
3.97943
3.97969
3.97909
3.97776
3.97673
3.97659
3.97535
3.97546
3.9741
3.97579
3.97701
3.97687
3.97611
3.97594
3.97562
3.97383
3.9728
3.97251
3.97157
3.97212
3.97165
3.97274
3.97246
3.9732
3.97291
3.97234
3.97189
3.97266
3.97416
3.97364
3.97376
3.97452
3.97454
3.97365
3.97367
3.9749
3.97476
3.9742
3.97328
3.97291
3.97378
3.9756
3.97565
3.97537
3.97534
3.97548
3.97383
3.97415
3.97428
3.97378
3.97211
3.97334
3.97352
3.97217
3.97304
3.97272
3.97412
3.97418
3.97358
3.9746
3.97415
3.97307
3.97316
3.97632
3.97589
3.97573
3.9757
3.97666
3.97682
3.9763
3.97659
3.97779
3.97545
3.9758
3.97672
3.97625
3.97712
3.9753
3.97397
3.97399
3.97427
3.97455
3.97473
3.97461
3.97413
3.97349
3.97303
3.97378
3.97244
3.97401
3.97361
3.97311
3.97352
3.97454
3.97513
3.97561
3.9761
3.97641
3.97715
3.97716
3.97701
3.97777
3.97776
3.97865
3.97744
3.97729
3.97669
3.97654
3.97852
3.97912
3.9782
3.97924
3.98044
3.98014
3.97972
3.97988
3.97923
3.97963
3.97893
3.97854
3.97861
3.9801
3.97925
3.98034
3.98137
3.98087
3.97993
3.97924
3.9799
3.97956
3.9797
3.97927
3.97822
3.97895
3.98072
3.97965
3.97967
3.97912
3.97962
3.97812
3.97899
3.98031
3.97879
3.97969
3.98014
3.98106
3.98184
3.9835
3.98077
3.98123
3.98036
3.97947
3.97973
3.97849
3.97802
3.97907
3.97787
3.97699
3.97583
3.97569
3.97507
3.97504
3.97561
3.97652
3.97732
3.97659
3.97672
3.97731
3.97883
3.97734
3.97764
3.97792
3.97715
3.97762
3.97658
3.97733
3.97685
3.97745
3.97565
3.97504
3.97546
3.9765
3.97785
3.97818
3.9776
3.97611
3.97612
3.97672
3.97548
3.97485
3.97576
3.97638
3.97818
3.97742
3.97898
3.97826
3.97716
3.97772
3.97725
3.97756
3.97866
3.97872
3.97885
3.98091
3.98118
3.97951
3.9809
3.98003
3.97809
3.97733
3.97851
3.97987
3.97928
3.97959
3.97897
3.97912
3.97807
3.97789
3.978
3.97829
3.97836
3.97904
3.97782
3.97866
3.97847
3.97846
3.97889
3.97814
3.97789
3.97989
3.97988
3.97925
3.97999
3.97925
3.977
3.9767
3.97729
3.97925
3.98045
3.9791
3.97819
3.97895
3.98047
3.98077
3.9829
3.98292
3.98247
3.98109
3.98152
3.9821
3.98089
3.98165
3.9841
3.98203
3.98215
3.9825
3.98187
3.98268
3.98154
3.98169
3.98138
3.98201
3.9803
3.98086
3.97856
3.97871
3.97816
3.97745
3.97912
