5.96076
5.79309
5.54739
5.26349
5.00779
4.81134
4.67395
4.60267
4.59608
4.61762
4.62398
4.61015
4.59096
4.56115
4.50402
4.44122
4.42647
4.47056
4.51747
4.51585
4.46271
4.37893
4.2859
4.21274
4.18299
4.17944
4.15553
4.08355
3.98195
3.91561
3.93338
4.01211
4.11285
4.21474
4.30372
4.37189
4.41047
4.41317
4.38882
4.37613
4.42084
4.49746
4.55822
4.59227
4.60119
4.58689
4.54813
4.47636
4.37571
4.28789
4.24949
4.25246
4.28345
4.35083
4.45791
4.57469
4.65907
4.68118
4.62757
4.51404
4.38822
4.30033
4.27744
4.31326
4.37995
4.46247
4.55421
4.62677
4.64982
4.61913
4.55784
4.50577
4.48709
4.49545
4.51562
4.52659
4.50338
4.43999
4.36596
4.33167
4.36502
4.44682
4.53617
4.60588
4.65279
4.68826
4.71909
4.73499
4.72368
4.69352
4.66556
4.64848
4.63123
4.60093
4.56649
4.55189
4.55504
4.54386
4.49113
4.39508
4.29054
4.236
4.28106
4.40229
4.52569
4.6003
4.61125
4.57023
4.5063
4.45343
4.4305
4.4221
4.39021
4.32138
4.25391
4.24313
4.30087
4.4039
4.52555
4.63705
4.71923
4.76529
4.76863
4.72957
4.67156
4.6259
4.59585
4.5623
4.52256
4.49576
4.49145
4.50077
4.51229
4.52266
4.53243
4.53893
4.55762
4.63046
4.77037
4.90608
4.95327
4.89045
4.77335
4.6836
4.59156
4.45639
4.3481
4.3324
4.37989
4.43613
4.48347
4.52865
4.57304
4.60307
4.61038
4.61017
4.61094
4.58803
4.51132
4.38423
4.27612
4.25217
4.28055
4.30576
4.33124
4.38877
4.47392
4.57401
4.69406
4.80106
4.85211
4.83979
4.77014
4.64926
4.51218
4.41244
4.36294
4.3301
4.28404
4.23127
4.20492
4.23535
4.32424
4.44048
4.52633
4.52805
4.50273
4.60533
4.73721
4.7747
4.74124
4.69945
4.67841
4.63752
4.55057
4.45922
4.43357
4.49035
4.58239
4.66607
4.72659
4.76332
4.777
4.76687
4.72821
4.65565
4.5581
4.46658
4.419
4.4263
4.45226
4.43845
4.35149
4.2222
4.14524
4.17178
4.25611
4.35373
4.44393
4.50994
4.5407
4.53419
4.49949
4.46711
4.46491
4.4705
4.43897
4.35654
4.27886
4.27424
4.32188
4.3859
4.46986
4.55937
4.63011
4.68208
4.71836
4.73169
4.71192
4.65551
4.56995
4.4654
4.35242
4.26113
4.24153
4.30569
4.4035
4.4865
4.54258
4.57293
4.58029
4.58167
4.60704
4.67949
4.79167
4.8973
4.94456
4.91225
4.81386
4.68226
4.55071
4.43503
4.33407
4.26905
4.28106
4.34142
4.36641
4.32144
4.24435
4.19649
4.21529
4.30263
4.43911
4.58973
4.70799
4.75834
4.72969
4.64648
4.5644
4.52827
4.53914
4.56689
4.57713
4.55084
4.48812
4.40275
4.32029
4.28275
4.31718
4.38428
4.42795
4.44503
4.45217
4.43758
4.40065
4.37067
4.36848
4.39169
4.42735
4.46066
4.48115
4.48418
4.4724
4.45836
4.45573
4.46637
4.48205
4.49164
4.48618
4.46819
4.44526
4.42227
4.40926
4.41791
4.44701
4.48626
4.53781
4.61078
4.68972
4.7416
4.74474
4.69976
4.6287
4.55722
4.49566
4.4489
4.42238
4.41446
4.42156
4.44057
4.45876
4.46166
4.45035
4.43095
4.41424
4.43316
4.48458
4.51019
4.49505
4.45494
4.37608
4.24667
4.09864
3.98325
3.92448
3.91071
3.93957
4.01552
4.09247
4.11159
4.10652
4.20804
4.38648
4.51864
4.57735
4.58218
4.55702
4.51589
4.46315
4.40683
4.36707
4.37211
4.43904
4.54661
4.65053
4.72183
4.7411
4.6876
4.56704
4.44377
4.40613
4.45606
4.50698
4.57959
4.7116
4.83693
4.90169
4.90146
4.84809
4.7481
4.6004
4.42746
4.29956
4.26846
4.29613
4.3202
4.32956
4.35418
4.40507
4.47165
4.54932
4.63532
4.71242
4.7572
4.763
4.73951
4.68829
4.60338
4.48686
4.34749
4.20859
4.16617
4.28762
4.46004
4.58407
4.63743
4.62519
4.56468
4.47854
4.39903
4.35695
4.35679
4.38111
4.41451
4.45005
4.47969
4.49191
4.47939
4.44698
4.41417
4.40718
4.44232
4.5125
4.59054
4.64358
4.64972
4.61214
4.55699
4.51524
4.49662
4.48073
4.44443
4.3895
4.34049
4.31724
4.31274
4.30937
4.30597
4.30827
4.30577
4.28344
4.25994
4.2968
4.41946
4.56909
4.66932
4.68379
4.63339
4.57032
4.53286
4.50955
4.48572
4.49327
4.55735
4.65863
4.75783
4.81962
4.82579
4.77897
4.6973
4.60679
4.52919
4.46617
4.41088
4.36443
4.32626
4.29776
4.29328
4.31953
4.35621
4.37795
4.37784
4.36426
4.35097
4.35189
4.37059
4.39869
4.42758
4.45172
4.46751
4.4745
4.47331
4.46366
4.44716
4.43165
4.42875
4.44118
4.4616
4.49217
4.53769
4.57315
4.56346
4.50804
4.42723
4.33442
4.25696
4.22241
4.21976
4.23836
4.28924
4.38488
4.51097
4.62257
4.6787
4.65988
4.57276
4.44506
4.31976
4.24141
4.21569
4.2176
4.23471
4.26729
4.32055
4.38268
4.4151
4.38432
4.29589
4.19635
4.13614
4.12467
4.13815
4.17104
4.24322
4.35323
4.46738
4.55268
4.59828
4.61526
4.6245
4.64037
4.66396
4.68905
4.7053
4.70018
4.67362
4.65013
4.65686
4.68706
4.70849
4.70198
4.66981
4.61743
4.55059
4.49051
4.46708
4.48515
4.51447
4.52076
4.49838
4.47356
4.47396
4.5052
4.55981
4.62253
4.66434
4.64545
4.54349
4.41706
4.37508
4.39563
4.40659
4.39529
4.36905
4.3345
4.30757
4.32431
4.40512
4.50703
4.57364
4.59346
4.60562
4.63951
4.68113
4.70577
4.67579
4.5566
4.37634
4.2495
4.24197
4.29593
4.35675
4.40279
4.42287
4.43059
4.46184
4.52722
4.60499
4.67534
4.73334
4.77551
4.78919
4.76908
4.73973
4.73363
4.7542
4.78591
4.80374
4.77057
4.65665
4.46481
4.24663
4.11074
4.15242
4.32617
4.51315
4.63326
4.64817
4.55393
4.39458
4.26446
4.2474
4.34312
4.48318
4.59885
4.65155
4.63193
4.56403
4.49753
4.45423
4.41349
4.36466
4.32619
4.32593
4.37266
4.44893
4.52682
4.58319
4.6082
4.60297
4.56927
4.50886
4.44165
4.40791
4.42063
4.45811
4.50633
4.56301
4.62102
4.6683
4.70097
4.71759
4.71248
4.68779
4.6559
4.62982
4.60677
4.57332
4.52972
4.50366
4.5191
4.55356
4.57823
4.58321
4.5545
4.47965
4.38606
4.36191
4.44841
4.55499
4.607
4.59637
4.53428
4.42963
4.2873
4.12454
3.99164
3.94982
4.0106
4.13051
4.26241
4.37662
4.4535
4.48605
4.48617
4.47023
4.4368
4.37713
4.31992
4.29556
4.28903
4.28679
4.2762
4.27838
4.32848
4.42812
4.55676
4.68526
4.77546
4.78927
4.70387
4.53087
4.33244
4.19633
4.15951
4.18996
4.24304
4.29742
4.35148
4.40886
4.45486
4.46259
4.43748
4.42499
4.46602
4.54275
4.59756
4.5891
4.50882
4.38738
4.2888
4.27215
4.36017
4.50324
4.62879
4.69415
4.6844
4.61353
4.53221
4.51077
4.56108
4.60997
4.62049
4.64073
4.67806
4.69246
4.67586
4.64211
4.60211
4.56552
4.5621
4.61959
4.69974
4.75472
4.78182
4.7977
4.82488
4.87271
4.91543
4.91846
4.87897
4.81998
4.76119
4.71089
4.66732
4.61664
4.5501
4.4868
4.4627
4.4924
4.5442
4.56297
4.53218
4.47794
4.41933
4.35406
4.30035
4.29236
4.34421
4.46763
4.64113
4.79267
4.87531
4.88343
4.82638
4.72032
4.58875
4.45633
4.35275
4.31508
4.33791
4.36443
4.35435
4.31394
4.28744
4.30115
4.33682
4.38038
4.44382
4.53846
4.63832
4.69596
4.69237
4.64647
4.58766
4.52373
4.43667
4.32056
4.21916
4.19307
4.24749
4.35787
4.51366
4.67719
4.78818
4.82469
4.79827
4.70913
4.55462
4.41322
4.42396
4.533
4.58363
4.55032
4.48865
4.44788
4.44029
4.44529
4.4357
4.40793
4.3876
4.39653
4.41552
4.42262
4.4395
4.48463
4.53119
4.544
4.50648
4.41867
4.30894
4.24919
4.29098
4.39854
4.51577
4.60002
4.63198
4.63323
4.63726
4.65178
4.66759
4.68386
4.70821
4.7426
4.7773
4.79846
4.79999
4.78509
4.75961
4.73243
4.71587
4.71411
4.718
4.71303
4.68803
4.65082
4.63413
4.64671
4.64425
4.59301
4.54893
4.56946
4.5876
4.5681
4.54848
4.5541
4.56844
4.55005
4.48306
4.42675
4.42781
4.45172
4.48138
4.52707
4.587
4.62956
4.61084
4.51613
4.37506
4.24285
4.16843
4.16504
4.20574
4.25394
4.28694
4.29241
4.26965
4.23286
4.2012
4.18367
4.17776
4.19138
4.2591
4.39382
4.55582
4.70231
4.80572
4.85192
4.8471
4.82045
4.81029
4.83222
4.87269
4.8971
4.87184
4.80209
4.73222
4.68953
4.6566
4.61668
4.57851
4.55765
4.55468
4.55446
4.54714
4.54717
4.57616
4.63126
4.69492
4.76415
4.84594
4.92513
4.96794
4.95309
4.88267
4.7809
4.68109
4.61009
4.58339
4.59337
4.60843
4.60023
4.56623
4.51407
4.44155
4.35831
4.31615
4.34883
4.4183
4.47818
4.50236
4.4955
4.50402
4.57435
4.68659
4.78117
4.81748
4.78987
4.72257
4.65172
4.59894
4.55726
4.51049
4.45878
4.41592
4.38705
4.36313
4.34519
4.34093
4.32884
4.27255
4.17571
4.10678
4.13906
4.26614
4.41973
4.55621
4.66135
4.70612
4.69095
4.65888
4.64426
4.64637
4.64847
4.64222
4.64026
4.6615
4.69845
4.72936
4.74164
4.7308
4.69574
4.63679
4.55883
4.4703
4.37838
4.29622
4.24602
4.23347
4.24094
4.24445
4.2269
4.18767
4.14269
4.13078
4.18945
4.28664
4.33547
4.30296
4.24543
4.22723
4.25567
4.33294
4.46756
4.61384
4.71331
4.72903
4.66179
4.56323
4.47872
