-4.96516
-4.71411
-4.34553
-3.91963
-3.53637
-3.2423
-3.03547
-2.92899
-2.91869
-2.94997
-2.95726
-2.93512
-2.90665
-2.8603
-2.7743
-2.68155
-2.65987
-2.72742
-2.79814
-2.79465
-2.71476
-2.58998
-2.45101
-2.34064
-2.29483
-2.29151
-2.25749
-2.14982
-1.99705
-1.89614
-1.92298
-2.04112
-2.19284
-2.34448
-2.47674
-2.57931
-2.63748
-2.64183
-2.60451
-2.58498
-2.65147
-2.76645
-2.85773
-2.90835
-2.92157
-2.90057
-2.84336
-2.73616
-2.58591
-2.45459
-2.39747
-2.40147
-2.44885
-2.54794
-2.70935
-2.88712
-3.01553
-3.04826
-2.96814
-2.79582
-2.60811
-2.47641
-2.44072
-2.49507
-2.59679
-2.72027
-2.85744
-2.9654
-3.00088
-2.95618
-2.86436
-2.78684
-2.75897
-2.76986
-2.80226
-2.8198
-2.7862
-2.68958
-2.57636
-2.52459
-2.576
-2.69859
-2.83023
-2.93312
-3.00242
-3.05712
-3.10278
-3.12634
-3.10846
-3.06411
-3.02261
-2.99624
-2.9707
-2.92524
-2.8734
-2.85045
-2.85461
-2.83772
-2.75864
-2.61529
-2.45888
-2.37702
-2.44266
-2.62488
-2.81107
-2.9227
-2.9391
-2.87709
-2.78147
-2.70244
-2.66898
-2.65522
-2.60801
-2.50578
-2.40483
-2.38985
-2.47754
-2.63151
-2.81325
-2.97931
-3.09985
-3.16865
-3.17336
-3.11534
-3.03071
-2.96222
-2.91641
-2.86776
-2.8101
-2.77003
-2.76283
-2.77712
-2.79607
-2.81161
-2.82537
-2.83526
-2.86386
-2.97264
-3.18183
-3.38472
-3.45295
-3.35763
-3.18234
-3.04821
-2.9093
-2.70617
-2.54229
-2.51968
-2.59128
-2.6752
-2.74619
-2.81471
-2.88101
-2.92607
-2.93686
-2.93563
-2.93637
-2.90278
-2.78787
-2.59642
-2.43222
-2.39695
-2.44003
-2.47919
-2.51919
-2.60639
-2.73338
-2.88349
-3.06314
-3.22384
-3.30131
-3.28176
-3.17836
-2.9961
-2.78998
-2.63916
-2.56585
-2.51632
-2.44783
-2.36804
-2.32893
-2.37397
-2.50764
-2.68099
-2.81014
-2.81104
-2.77392
-2.92659
-3.12375
-3.18115
-3.13148
-3.06922
-3.03651
-2.97551
-2.84338
-2.70567
-2.66673
-2.75088
-2.8896
-3.01662
-3.1065
-3.16144
-3.18045
-3.16465
-3.10893
-3.00024
-2.85525
-2.7205
-2.65047
-2.66192
-2.70275
-2.68207
-2.55176
-2.35621
-2.24133
-2.28044
-2.4056
-2.55234
-2.68751
-2.7876
-2.8345
-2.82593
-2.77417
-2.72467
-2.72019
-2.72847
-2.68135
-2.55797
-2.44046
-2.43312
-2.50446
-2.60002
-2.7249
-2.86009
-2.96378
-3.04292
-3.09811
-3.11841
-3.08981
-3.0061
-2.87806
-2.72153
-2.55129
-2.4143
-2.38489
-2.48073
-2.62613
-2.74988
-2.83323
-2.87876
-2.88932
-2.89212
-2.93015
-3.03853
-3.20836
-3.3661
-3.43626
-3.38883
-3.24182
-3.04394
-2.84797
-2.67446
-2.52332
-2.4268
-2.44332
-2.53426
-2.57178
-2.50413
-2.38707
-2.31632
-2.34557
-2.4769
-2.68226
-2.90716
-3.08473
-3.15995
-3.1159
-2.99089
-2.86937
-2.81488
-2.83092
-2.87378
-2.8884
-2.84837
-2.75368
-2.62529
-2.50097
-2.44508
-2.49738
-2.59824
-2.66344
-2.69009
-2.70021
-2.67924
-2.62169
-2.57728
-2.57445
-2.60807
-2.66218
-2.71305
-2.74425
-2.74803
-2.73005
-2.70822
-2.70502
-2.72009
-2.74302
-2.75666
-2.75058
-2.7245
-2.69086
-2.65621
-2.63563
-2.64936
-2.69301
-2.7522
-2.82935
-2.93823
-3.05787
-3.13496
-3.13815
-3.07066
-2.96571
-2.85697
-2.76524
-2.69434
-2.65576
-2.64375
-2.6547
-2.68279
-2.70873
-2.71187
-2.69489
-2.6646
-2.63949
-2.66832
-2.74612
-2.7841
-2.76286
-2.70271
-2.58641
-2.39151
-2.17062
-1.99828
-1.91015
-1.88981
-1.93309
-2.04751
-2.16225
-2.19061
-2.1827
-2.33681
-2.60353
-2.79981
-2.88815
-2.8946
-2.85639
-2.79395
-2.71513
-2.63065
-2.57296
-2.5805
-2.68015
-2.84156
-2.99821
-3.10471
-3.1335
-3.05281
-2.87057
-2.68679
-2.62943
-2.70367
-2.77972
-2.88932
-3.08725
-3.27529
-3.37332
-3.37357
-3.29261
-3.14338
-2.92273
-2.66326
-2.46954
-2.42293
-2.46526
-2.50199
-2.51297
-2.55139
-2.62955
-2.72988
-2.84607
-2.97523
-3.09106
-3.15943
-3.16873
-3.13259
-3.05682
-2.92902
-2.75423
-2.54579
-2.33539
-2.27003
-2.45248
-2.71253
-2.89948
-2.98147
-2.96294
-2.87275
-2.74322
-2.62345
-2.56124
-2.56057
-2.59691
-2.64565
-2.69883
-2.74495
-2.76374
-2.74421
-2.69543
-2.64603
-2.63341
-2.68704
-2.79308
-2.90958
-2.98946
-2.99926
-2.94122
-2.85619
-2.7925
-2.76535
-2.74124
-2.6883
-2.60573
-2.53265
-2.49854
-2.4912
-2.48691
-2.48059
-2.48421
-2.48063
-2.44607
-2.41135
-2.46601
-2.64915
-2.87322
-3.0236
-3.04438
-2.96736
-2.87286
-2.81609
-2.78145
-2.74701
-2.75846
-2.8549
-3.00609
-3.15327
-3.24566
-3.25536
-3.18753
-3.06531
-2.92983
-2.8142
-2.72012
-2.63869
-2.56781
-2.51117
-2.46991
-2.46363
-2.50259
-2.55718
-2.59069
-2.59053
-2.56802
-2.54732
-2.54855
-2.57631
-2.61921
-2.66119
-2.6971
-2.72078
-2.73172
-2.73084
-2.71728
-2.69237
-2.66925
-2.66369
-2.68279
-2.71448
-2.76063
-2.83105
-2.88398
-2.86838
-2.78568
-2.66296
-2.52311
-2.40689
-2.35585
-2.35158
-2.38022
-2.45728
-2.6009
-2.79069
-2.95737
-3.04189
-3.01305
-2.88218
-2.69166
-2.50261
-2.38388
-2.34609
-2.34926
-2.37416
-2.42257
-2.50246
-2.59554
-2.64437
-2.59819
-2.46777
-2.31992
-2.22915
-2.21182
-2.23219
-2.28029
-2.38886
-2.5527
-2.72591
-2.85296
-2.92135
-2.94679
-2.96004
-2.98233
-3.01908
-3.05627
-3.08021
-3.07208
-3.03237
-2.99756
-3.00721
-3.0527
-3.08697
-3.0769
-3.02743
-2.94886
-2.84798
-2.75768
-2.72147
-2.74845
-2.79247
-2.801
-2.76724
-2.7297
-2.73029
-2.777
-2.85817
-2.95229
-3.01685
-2.98599
-2.83346
-2.64476
-2.58272
-2.61363
-2.6302
-2.61309
-2.57447
-2.52279
-2.48252
-2.50744
-2.62856
-2.78239
-2.88322
-2.91276
-2.93217
-2.98258
-3.04486
-3.0817
-3.03573
-2.85723
-2.58658
-2.39686
-2.38412
-2.46557
-2.55664
-2.62557
-2.65447
-2.666
-2.71196
-2.8108
-2.92717
-3.03299
-3.1221
-3.18417
-3.20364
-3.173
-3.12894
-3.11888
-3.15112
-3.1978
-3.22624
-3.17667
-3.0067
-2.71845
-2.39153
-2.18791
-2.24987
-2.51183
-2.7922
-2.97224
-2.99401
-2.85155
-2.61214
-2.41839
-2.39235
-2.53449
-2.74494
-2.91772
-2.99723
-2.96793
-2.86648
-2.76716
-2.70253
-2.64099
-2.56803
-2.51013
-2.51004
-2.5809
-2.69624
-2.81325
-2.89903
-2.93472
-2.92778
-2.87664
-2.78496
-2.68395
-2.63453
-2.65424
-2.71289
-2.78506
-2.8692
-2.95682
-3.02865
-3.07766
-3.10123
-3.09553
-3.05878
-3.00986
-2.96984
-2.93499
-2.88497
-2.81968
-2.77997
-2.80331
-2.85577
-2.89309
-2.90148
-2.85722
-2.74403
-2.60295
-2.56592
-2.69728
-2.85555
-2.93492
-2.91881
-2.82551
-2.66733
-2.45248
-2.20664
-2.00691
-1.94342
-2.03418
-2.21242
-2.41045
-2.58193
-2.69817
-2.74864
-2.7482
-2.72476
-2.67387
-2.5848
-2.49896
-2.4638
-2.45447
-2.4502
-2.43566
-2.43948
-2.51463
-2.66425
-2.85723
-3.04972
-3.18611
-3.20684
-3.07949
-2.81948
-2.52205
-2.31786
-2.26207
-2.3081
-2.38924
-2.46975
-2.55098
-2.63556
-2.70655
-2.71829
-2.67967
-2.66058
-2.72336
-2.83851
-2.91969
-2.90581
-2.78521
-2.60225
-2.45282
-2.42767
-2.56019
-2.77395
-2.96246
-3.06141
-3.04708
-2.94089
-2.81975
-2.78833
-2.86418
-2.93726
-2.95343
-2.98333
-3.03862
-3.05946
-3.03364
-2.9827
-2.92073
-2.86688
-2.86142
-2.94996
-3.06991
-3.15298
-3.19497
-3.21983
-3.26073
-3.33371
-3.39768
-3.40359
-3.34268
-3.25296
-3.16492
-3.09023
-3.02503
-2.94934
-2.85132
-2.7574
-2.72154
-2.76703
-2.84419
-2.8728
-2.82553
-2.74445
-2.6558
-2.55818
-2.47819
-2.46666
-2.54365
-2.72728
-2.98806
-3.21525
-3.33843
-3.3506
-3.26591
-3.10681
-2.90823
-2.70974
-2.55493
-2.49934
-2.53395
-2.57287
-2.55592
-2.49526
-2.45579
-2.47638
-2.52975
-2.59673
-2.69158
-2.83341
-2.98369
-3.07183
-3.06522
-2.99619
-2.90932
-2.81256
-2.68229
-2.50672
-2.35456
-2.31603
-2.39663
-2.56266
-2.79742
-3.04262
-3.20595
-3.26115
-3.22167
-3.08799
-2.85527
-2.64302
-2.65964
-2.82292
-2.89765
-2.85003
-2.75717
-2.6951
-2.68419
-2.69081
-2.67825
-2.63792
-2.6074
-2.62052
-2.64873
-2.65921
-2.68464
-2.75281
-2.8233
-2.84297
-2.78594
-2.65556
-2.4894
-2.40018
-2.46335
-2.62429
-2.79912
-2.92491
-2.97236
-2.97374
-2.97948
-3.00052
-3.02422
-3.04878
-3.08454
-3.13613
-3.18729
-3.22026
-3.2227
-3.20095
-3.16287
-3.12012
-3.09468
-3.09296
-3.09775
-3.08911
-3.0519
-2.99651
-2.97132
-2.99084
-2.98675
-2.91059
-2.84485
-2.87557
-2.9013
-2.87291
-2.84239
-2.84978
-2.87179
-2.84514
-2.74536
-2.66022
-2.66216
-2.69788
-2.7428
-2.81239
-2.90155
-2.96362
-2.93662
-2.79452
-2.58347
-2.38466
-2.27453
-2.26857
-2.3283
-2.40212
-2.45072
-2.45848
-2.42341
-2.36745
-2.3183
-2.29474
-2.2854
-2.30672
-2.40919
-2.611
-2.85524
-3.07544
-3.22951
-3.3
-3.29366
-3.25484
-3.23974
-3.27325
-3.334
-3.37004
-3.33124
-3.22582
-3.12174
-3.05757
-3.00758
-2.94619
-2.89042
-2.85883
-2.85411
-2.85454
-2.84309
-2.84418
-2.88691
-2.97003
-3.06493
-3.17057
-3.29388
-3.41223
-3.47542
-3.45178
-3.34583
-3.19374
-3.04552
-2.93901
-2.89836
-2.91457
-2.93779
-2.92458
-2.87297
-2.79293
-2.68491
-2.55849
-2.49597
-2.54608
-2.64973
-2.74002
-2.77598
-2.76459
-2.77731
-2.88267
-3.04899
-3.19059
-3.2467
-3.2039
-3.10383
-2.99948
-2.92109
-2.85738
-2.78586
-2.70888
-2.6443
-2.60161
-2.56558
-2.53971
-2.53351
-2.51526
-2.43053
-2.2852
-2.18112
-2.23077
-2.42055
-2.65114
-2.85585
-3.01314
-3.08104
-3.05854
-3.00844
-2.9865
-2.9903
-2.99271
-2.98408
-2.98338
-3.01556
-3.07039
-3.11479
-3.132
-3.1171
-3.06543
-2.97624
-2.85778
-2.72468
-2.58467
-2.46141
-2.38655
-2.36912
-2.37989
-2.38457
-2.35946
-2.29986
-2.22992
-2.21415
-2.30203
-2.44746
-2.52135
-2.47175
-2.3866
-2.35916
-2.40213
-2.5174
-2.72104
-2.9399
-3.09141
-3.11483
-3.01453
-2.86739
-2.73897
