35000 1.4768 0
70000 1.48865 0.0118507
105000 1.48755 0.00692885
140000 1.48543 0.00533847
175000 1.49156 0.00738965
210000 1.49418 0.00657852
245000 1.49783 0.00665108
280000 1.49432 0.00674617
315000 1.4947 0.00596177
350000 1.496 0.00548984
385000 1.49519 0.00503286
420000 1.49473 0.00461647
455000 1.49557 0.00432722
490000 1.49704 0.00426776
525000 1.49605 0.00409277
560000 1.49812 0.00435172
595000 1.49917 0.00422009
630000 1.49952 0.0039939
665000 1.49901 0.00381139
700000 1.49931 0.00362802
735000 1.49927 0.00345115
770000 1.50143 0.00393317
805000 1.50126 0.00376223
840000 1.50047 0.00368599
875000 1.49941 0.00369345
910000 1.50067 0.0037676
945000 1.50107 0.00364691
980000 1.49953 0.00383492
1015000 1.49935 0.00370488
1050000 1.4987 0.00363787
1085000 1.49907 0.00353854
1120000 1.49939 0.00344082
1155000 1.4997 0.00334959
1190000 1.50033 0.00330878
1225000 1.49976 0.00326329
1260000 1.50009 0.0031887
1295000 1.5011 0.00326123
1330000 1.50125 0.00317789
1365000 1.50167 0.00312421
1400000 1.50212 0.00307858
1435000 1.50235 0.00301076
1470000 1.50119 0.00315706
1505000 1.50197 0.00317929
1540000 1.50086 0.00329737
1575000 1.50058 0.00323525
1610000 1.49929 0.00341747
1645000 1.49951 0.00335097
1680000 1.49962 0.00328215
1715000 1.49864 0.00336017
1750000 1.4986 0.00329253
1785000 1.49867 0.00322805
1820000 1.49845 0.00317296
1855000 1.49816 0.0031259
1890000 1.49815 0.00306748
1925000 1.49748 0.00308364
1960000 1.49763 0.00303161
1995000 1.49808 0.00301216
2030000 1.49783 0.00297038
2065000 1.49785 0.00291968
2100000 1.49716 0.00295457
2135000 1.49734 0.00291176
2170000 1.4976 0.00287609
2205000 1.49752 0.00283112
2240000 1.49801 0.00282835
2275000 1.49782 0.00279073
2310000 1.49826 0.00278298
2345000 1.49828 0.00274117
2380000 1.49833 0.00270113
2415000 1.49865 0.00268097
2450000 1.49819 0.00268256
2485000 1.4981 0.002646
2520000 1.49779 0.0026274
2555000 1.49789 0.00259293
2590000 1.49787 0.0025577
2625000 1.49825 0.00255198
2660000 1.49899 0.00262353
2695000 1.49967 0.00267728
2730000 1.49945 0.00265198
2765000 1.49951 0.00261897
2800000 1.49994 0.00262092
2835000 1.5 0.00258913
2870000 1.49981 0.00256417
2905000 1.49952 0.00255057
2940000 1.49967 0.00252468
2975000 1.49987 0.00250289
3010000 1.50001 0.00247779
3045000 1.4999 0.00245182
3080000 1.49929 0.00249912
3115000 1.4998 0.00252195
3150000 1.49957 0.00250364
3185000 1.49952 0.00247655
3220000 1.49968 0.00245491
3255000 1.4999 0.00243817
3290000 1.49998 0.00241343
3325000 1.50031 0.00240992
3360000 1.50048 0.00239068
3395000 1.50052 0.00236634
3430000 1.50031 0.00235131
3465000 1.50027 0.00232792
3500000 1.50028 0.00230461
