6000 1.60605 0
12000 1.54689 0.0591549
18000 1.51815 0.0446406
24000 1.52925 0.0334611
30000 1.52821 0.0259396
36000 1.51998 0.022724
42000 1.51782 0.0193255
48000 1.53243 0.0222172
54000 1.52624 0.0205495
60000 1.53865 0.0221791
66000 1.53358 0.0206926
72000 1.52959 0.0193067
78000 1.52756 0.0178754
84000 1.52683 0.0165654
90000 1.52296 0.0159014
96000 1.52298 0.0148744
102000 1.52331 0.0139761
108000 1.52663 0.0135892
114000 1.52024 0.0143581
120000 1.51991 0.0136253
126000 1.51874 0.0130129
132000 1.51429 0.0131806
138000 1.51268 0.0126969
144000 1.50934 0.012607
150000 1.50958 0.0120946
156000 1.50954 0.0116202
162000 1.50832 0.0112478
168000 1.50607 0.0110694
174000 1.5058 0.0106842
180000 1.50484 0.0103665
186000 1.50443 0.0100352
192000 1.50551 0.00977624
198000 1.50632 0.00951029
204000 1.50482 0.00934748
210000 1.50296 0.00926421
216000 1.5035 0.00901918
222000 1.50222 0.00886449
228000 1.49981 0.00895877
234000 1.50109 0.00881868
240000 1.50231 0.00868153
246000 1.50214 0.00846874
252000 1.50471 0.00865378
258000 1.50319 0.0085862
264000 1.50278 0.00839862
270000 1.50282 0.00820998
276000 1.50293 0.00803025
282000 1.50537 0.00822789
288000 1.50499 0.00806371
294000 1.5056 0.00792087
300000 1.50537 0.00776434
306000 1.5045 0.00765996
312000 1.5035 0.00757739
318000 1.50481 0.00754799
324000 1.5062 0.00753529
330000 1.50593 0.00740178
336000 1.50564 0.00727415
342000 1.50565 0.0071454
348000 1.50539 0.00702577
354000 1.50645 0.00698694
360000 1.5063 0.00687127
366000 1.50613 0.00675968
372000 1.50512 0.00672636
378000 1.50443 0.00665464
384000 1.50414 0.00655638
390000 1.5058 0.00666538
396000 1.50423 0.00674777
402000 1.50386 0.00665705
408000 1.50507 0.00667005
414000 1.50512 0.00657286
420000 1.50445 0.00651344
426000 1.50502 0.00644672
432000 1.50421 0.00640833
438000 1.50465 0.00633518
444000 1.50331 0.00638964
450000 1.50409 0.00635114
456000 1.50363 0.00628361
462000 1.50356 0.00620185
468000 1.50388 0.00613004
474000 1.50403 0.00605388
480000 1.50431 0.00598398
486000 1.50439 0.00591021
492000 1.50481 0.00585294
498000 1.5044 0.0057962
504000 1.50409 0.00573525
510000 1.504 0.00566815
516000 1.50305 0.00568216
522000 1.50334 0.00562425
528000 1.50324 0.00556102
534000 1.50289 0.00550878
540000 1.50246 0.00546413
546000 1.50203 0.00542152
552000 1.5021 0.00536275
558000 1.50215 0.00530501
564000 1.50279 0.00528739
570000 1.50246 0.00524213
576000 1.50343 0.00527848
582000 1.50347 0.00522389
588000 1.50404 0.00520189
594000 1.50509 0.00525436
600000 1.5058 0.00525029
