35000 5.00542 0
70000 4.94892 0.0564957
105000 4.99056 0.0528955
140000 4.98305 0.0381497
175000 4.99912 0.0336387
210000 5.01191 0.0302971
245000 5.0265 0.0294695
280000 5.01556 0.0277672
315000 5.0209 0.0250632
350000 5.01566 0.0230203
385000 5.02373 0.0223313
420000 5.02257 0.0204184
455000 5.02944 0.0199965
490000 5.02127 0.0202327
525000 5.0172 0.0192709
560000 5.01652 0.0180391
595000 5.01588 0.016957
630000 5.01136 0.0166137
665000 5.00887 0.0159111
700000 5.01195 0.0154052
735000 5.01209 0.014654
770000 5.01086 0.0140259
805000 5.0093 0.0134933
840000 5.01117 0.0130534
875000 5.01059 0.0125337
910000 5.01327 0.0123376
945000 5.01307 0.0118737
980000 5.01021 0.0117929
1015000 5.00584 0.0121896
1050000 5.00499 0.0118068
1085000 5.00305 0.0115834
1120000 5.00404 0.0112591
1155000 5.00209 0.0110855
1190000 5.00242 0.0107597
1225000 5.00022 0.0106765
1260000 4.99913 0.0104334
1295000 4.99988 0.0101752
1330000 4.9994 0.00991558
1365000 4.99936 0.00965805
1400000 5.00275 0.010006
1435000 4.9991 0.0104202
1470000 4.99735 0.0103188
1505000 4.99937 0.0102779
1540000 5.00198 0.0103742
1575000 5.00067 0.0102256
1610000 5.00046 0.010003
1645000 5.00085 0.00979578
1680000 5.00124 0.00959722
1715000 4.9997 0.00952427
1750000 4.99915 0.00934825
1785000 4.99669 0.00948553
1820000 4.99584 0.00934036
1855000 4.99663 0.00919648
1890000 4.99794 0.0091187
1925000 5.0012 0.00952592
1960000 4.99946 0.00951427
1995000 5.00229 0.00976529
2030000 5.0051 0.00999854
2065000 5.00524 0.00982856
2100000 5.00584 0.00968183
2135000 5.00538 0.00953253
2170000 5.00601 0.00939822
2205000 5.00662 0.00926844
2240000 5.00535 0.00921124
2275000 5.00362 0.00923256
2310000 5.0055 0.00928445
2345000 5.00409 0.00925198
2380000 5.00622 0.00935944
2415000 5.00574 0.00923531
2450000 5.00506 0.0091277
2485000 5.00387 0.00907717
2520000 5.00361 0.00895377
2555000 5.00318 0.00884104
2590000 5.00156 0.00887016
2625000 5.00052 0.00881206
2660000 5.00101 0.00870899
2695000 5.00083 0.00859695
2730000 5.0002 0.00850959
2765000 5.00011 0.00840169
2800000 4.99921 0.00834464
2835000 4.99768 0.00838182
2870000 4.99697 0.00830949
2905000 4.99689 0.0082091
2940000 4.99533 0.00826019
2975000 4.99555 0.00816558
3010000 4.99598 0.00808112
3045000 4.99527 0.00801908
3080000 4.99605 0.00796629
3115000 4.99653 0.00789053
3150000 4.99816 0.00797149
3185000 4.9984 0.00788717
3220000 4.99795 0.00781433
3255000 4.9997 0.00792692
3290000 4.99926 0.00785456
3325000 4.99857 0.00780189
3360000 4.99951 0.00777675
3395000 5.0007 0.00778805
3430000 5.00105 0.00771578
3465000 5.0008 0.00764128
3500000 5.00127 0.00757876
