35000 4.95629 0
70000 4.95027 0.00601261
105000 4.9594 0.00976981
140000 4.93613 0.0242818
175000 4.94225 0.0197805
210000 4.94037 0.0162593
245000 4.95602 0.0208231
280000 4.95814 0.0181574
315000 4.95726 0.0160375
350000 4.95045 0.0158764
385000 4.95792 0.0161877
420000 4.96005 0.0149287
455000 4.96883 0.016304
490000 4.97447 0.0161131
525000 4.97529 0.015023
560000 4.97583 0.014063
595000 4.97547 0.013215
630000 4.97124 0.0131556
665000 4.97429 0.0128119
700000 4.97552 0.0122167
735000 4.97409 0.0117085
770000 4.97647 0.0114149
805000 4.97914 0.0112281
840000 4.98026 0.0108084
875000 4.97786 0.01064
910000 4.97901 0.0102874
945000 4.97811 0.00994059
980000 4.97907 0.00962693
1015000 4.98119 0.00952833
1050000 4.98122 0.00920528
1085000 4.98407 0.00934879
1120000 4.98492 0.00909205
1155000 4.98673 0.00899563
1190000 4.98705 0.00873284
1225000 4.98743 0.00848833
1260000 4.9877 0.00825363
1295000 4.98824 0.00804566
1330000 4.9869 0.00794452
1365000 4.98532 0.00789967
1400000 4.98438 0.00775597
1435000 4.98426 0.00756536
1470000 4.98402 0.00738704
1505000 4.98452 0.00723045
1540000 4.98355 0.00713057
1575000 4.98603 0.00740006
1610000 4.98591 0.00723852
1645000 4.98762 0.00728796
1680000 4.98983 0.00746845
1715000 4.99103 0.00741118
1750000 4.99174 0.00729651
1785000 4.99131 0.00716506
1820000 4.99174 0.00703912
1855000 4.99027 0.00706059
1890000 4.99031 0.00692876
1925000 4.98911 0.00690725
1960000 4.98952 0.00679545
1995000 4.9902 0.00670959
2030000 4.98996 0.00659726
2065000 4.99063 0.00651902
2100000 4.99006 0.00643494
2135000 4.99118 0.00642736
2170000 4.99057 0.00635242
2205000 4.99265 0.00658728
2240000 4.99274 0.00648415
2275000 4.99317 0.00639801
2310000 4.99304 0.00630166
2345000 4.99353 0.00622663
2380000 4.99335 0.00613697
2415000 4.9943 0.00612051
2450000 4.99433 0.00603256
2485000 4.99423 0.0059478
2520000 4.99411 0.00586596
2555000 4.99365 0.00580303
2590000 4.99322 0.00574009
2625000 4.99192 0.00581195
2660000 4.99207 0.0057369
2695000 4.99181 0.00566763
2730000 4.99208 0.00560098
2765000 4.9916 0.00555062
2800000 4.9921 0.00550351
2835000 4.99215 0.00543542
2870000 4.99158 0.00539854
2905000 4.99208 0.00535603
2940000 4.99157 0.00531616
2975000 4.99119 0.00526693
3010000 4.99216 0.00529409
3045000 4.99184 0.00524249
3080000 4.99189 0.0051828
3115000 4.99252 0.00516223
3150000 4.9925 0.00510458
3185000 4.99298 0.00507104
3220000 4.99365 0.00506087
3255000 4.99312 0.00503414
3290000 4.99222 0.0050608
3325000 4.99174 0.00503081
3360000 4.99099 0.00503369
3395000 4.99223 0.00513322
3430000 4.99219 0.00508073
3465000 4.99163 0.00505991
3500000 4.99137 0.00501571
